0 0.6088541666666667 0.5925925925925926 0.019791666666666666 0.014814814814814815
0 0.6934895833333333 0.5041666666666667 0.0078125 0.012037037037037037
0 0.6903645833333333 0.5217592592592593 0.0078125 0.012037037037037037
0 0.6731770833333334 0.512962962962963 0.0067708333333333336 0.012962962962962964
0 0.2375 0.7773148148148148 0.009375 0.026851851851851852
0 0.209375 0.8180555555555555 0.01875 0.017592592592592594
0 0.18541666666666667 0.825925925925926 0.03229166666666666 0.016666666666666666
0 0.18151041666666667 0.8601851851851852 0.03697916666666667 0.04814814814814815
0 0.15572916666666667 0.8578703703703704 0.016666666666666666 0.05092592592592593
0 0.21041666666666667 0.9587962962962964 0.035416666666666666 0.05277777777777778
0 0.21875 0.8708333333333333 0.017708333333333333 0.04351851851851852
0 0.190625 0.9175925925925926 0.020833333333333332 0.03518518518518519
0 0.16328125 0.9462962962962963 0.0140625 0.06481481481481481
0 0.7231770833333333 0.5481481481481482 0.013020833333333334 0.014814814814814815
0 0.7708333333333334 0.26481481481481484 0.005208333333333333 0.016666666666666666
0 0.5158854166666667 0.34305555555555556 0.009895833333333333 0.008333333333333333
0 0.52578125 0.4189814814814815 0.0078125 0.010185185185185186
0 0.9786458333333333 0.350462962962963 0.00625 0.010185185185185186
0 0.9677083333333333 0.34814814814814815 0.007291666666666667 0.007407407407407408
0 0.8046875 0.3680555555555556 0.007291666666666667 0.006481481481481482
0 0.7942708333333334 0.3680555555555556 0.00625 0.010185185185185186
0 0.7596354166666667 0.27870370370370373 0.0078125 0.007407407407407408
4 0.2109375 0.9023148148148149 0.16666666666666666 0.1953703703703704
4 0.7736979166666667 0.2726851851851852 0.024479166666666666 0.03981481481481482
2 0.6057291666666667 0.5810185185185185 0.03125 0.07685185185185185
2 0.7565104166666666 0.2740740740740741 0.01614583333333333 0.024074074074074074
3 0.20494791666666667 0.7662037037037037 0.08072916666666667 0.13240740740740742
3 0.68515625 0.5092592592592593 0.03697916666666667 0.05185185185185186
3 0.7270833333333333 0.5398148148148149 0.052083333333333336 0.07407407407407407
3 0.5286458333333334 0.40185185185185185 0.03229166666666666 0.05740740740740741
3 0.5153645833333333 0.33935185185185185 0.022395833333333334 0.028703703703703703
3 0.9739583333333334 0.34351851851851856 0.025 0.02777777777777778
3 0.8002604166666667 0.36342592592592593 0.0203125 0.025
3 0.7489583333333333 0.3226851851851852 0.019791666666666666 0.026851851851851852
3 0.6260416666666666 0.6092592592592593 0.03229166666666666 0.04814814814814815
