0 0.14524453125 0.4606875 0.011881770833333328 0.01290833333333331
0 0.12049088541666667 0.45716712962962963 0.01782239583333333 0.01760277777777775
0 0.37627942708333334 0.7528912037037037 0.007921354166666698 0.017602777777777853
0 0.3469052083333333 0.775187962962963 0.015182291666666714 0.019950000000000048
0 0.3195109375 0.7505444444444445 0.01320208333333331 0.015255555555555555
0 0.3261119791666667 0.7646263888888889 0.010561458333333343 0.01760277777777775
0 0.3013580729166667 0.7699074074074075 0.009901562500000042 0.01642962962962955
0 0.0300571875 0.7388092592592592 0.01386208333333333 0.015255555555555555
0 0.9492473958333333 0.41668055555555555 0.018484375000000004 0.011735185185185166
0 0.8436302083333334 0.559849074074074 0.011885416666666752 0.014081481481481454
0 0.8588125 0.5709972222222222 0.017166666666666684 0.015255555555555555
0 0.8353802083333334 0.5715842592592593 0.012541666666666628 0.018775925925925946
0 0.7007161458333333 0.618524537037037 0.00990104166666678 0.014082407407407358
0 0.6729947916666668 0.6114833333333334 0.008583333333333342 0.018775925925925946
2 0.9485859375 0.39673101851851855 0.02904687499999999 0.05867499999999998
2 0.03797838541666666 0.737049074074074 0.040266145833333336 0.08214629629629626
3 0.692796875 0.5921203703703704 0.06007291666666662 0.09270740740740743
3 0.13006223958333335 0.4401509259259259 0.05148802083333335 0.07041111111111109
3 0.3535059895833334 0.7481972222222223 0.05742864583333335 0.1044425925925926
3 0.309609375 0.755825 0.0514875 0.07275740740740749
3 0.8532005208333333 0.5580888888888889 0.054786458333333364 0.0692370370370371
