0 0.4617625 0.3885162037037037 0.008581249999999999 0.014082407407407412
0 0.4495502604166667 0.3990782407407408 0.018482812499999984 0.014082407407407412
0 0.6254661458333333 0.7429166666666666 0.011223958333333428 0.02112407407407404
0 0.5944427083333332 0.7569986111111111 0.016500000000000032 0.016428703703703647
0 0.5624270833333334 0.7417430555555555 0.011885416666666633 0.016428703703703647
0 0.5409765625 0.5663032407407407 0.009901041666666662 0.012908333333333362
0 0.5264520833333334 0.5569152777777777 0.016502083333333376 0.012908333333333258
0 0.5224924479166667 0.5715842592592593 0.011223437500000048 0.014081481481481454
2 0.30465859375000004 0.7082981481481482 0.03630572916666666 0.07627777777777778
3 0.5314020833333333 0.558088425925926 0.040924999999999954 0.05984907407407403
3 0.44856041666666663 0.3791287037037037 0.04554687500000002 0.07275740740740738
3 0.6023645833333333 0.7317680555555557 0.06270833333333338 0.1067898148148148
3 0.5528567708333334 0.7470240740740741 0.04950520833333331 0.069237037037037
3 0.8746536458333334 0.5299245370370371 0.05808854166666665 0.09036018518518524
