0 0.48090520833333333 0.7499578703703704 0.013862499999999993 0.01642870370370375
0 0.6135859375 0.49530601851851846 0.008578125000000015 0.01642870370370375
0 0.6053333333333333 0.5146689814814814 0.011885416666666752 0.012908333333333362
0 0.5102796875000001 0.5310981481481482 0.007920833333333318 0.015255555555555555
0 0.5030184895833333 0.5510476851851852 0.011881770833333328 0.01525648148148146
0 0.43403802083333337 0.7581722222222222 0.012541666666666687 0.014081481481481454
0 0.45516119791666665 0.7487842592592593 0.007260937500000016 0.01408148148148156
0 0.19508229166666666 0.7194462962962963 0.015182291666666655 0.016429629629629655
0 0.760125 0.6631180555555556 0.012541666666666628 0.016428703703703647
0 0.3941020833333333 0.5944675925925926 0.009241666666666681 0.012909259259259266
0 0.3799098958333333 0.5815587962962963 0.012541666666666687 0.012908333333333258
0 0.37528906250000005 0.5950541666666667 0.008581249999999999 0.014082407407407464
0 0.5340442708333333 0.5340314814814815 0.013203124999999953 0.011735185185185166
0 0.5488958333333334 0.5440064814814816 0.0072604166666665765 0.01056111111111117
2 0.2033333333333333 0.7153393518518519 0.036965624999999995 0.07862499999999997
3 0.7578151041666668 0.6290861111111111 0.05808854166666665 0.09622777777777772
3 0.6053333333333333 0.49941296296296295 0.03960416666666665 0.06219629629629632
3 0.48222526041666663 0.7276606481481482 0.05346822916666666 0.09857500000000001
3 0.4366783854166666 0.7423300925925926 0.046867187500000004 0.0668898148148148
3 0.49971796874999996 0.5340319444444445 0.03960572916666667 0.061023148148148125
3 0.38750104166666666 0.5833194444444444 0.04356666666666668 0.05867592592592593
3 0.5432838541666667 0.5340319444444445 0.03960937500000004 0.05632870370370374
