0 0.21455494791666668 0.8004185185185185 0.014522395833333323 0.01642962962962955
0 0.6172161458333334 0.5322712962962963 0.00792187500000002 0.015255555555555555
0 0.6079739583333333 0.5510476851851852 0.011885416666666633 0.01760277777777775
0 0.3488854166666666 0.5674768518518519 0.008581249999999999 0.015255555555555661
0 0.35515625 0.5745180555555555 0.006601041666666655 0.010562037037037073
0 0.17461901041666666 0.7904439814814814 0.011221354166666675 0.01760277777777775
0 0.16240729166666668 0.8156745370370371 0.01320208333333331 0.016428703703703647
0 0.9380234375000001 0.44895231481481485 0.01320312500000007 0.015256481481481511
0 0.46242239583333333 0.6883481481481482 0.013862499999999993 0.015255555555555555
0 0.8921458333333333 0.5756916666666667 0.012541666666666628 0.015255555555555555
0 0.8815859375 0.5633694444444446 0.009901041666666662 0.014081481481481454
0 0.7723385416666666 0.6056162037037036 0.011885416666666633 0.014082407407407358
0 0.7439557291666666 0.5844925925925926 0.011880208333333305 0.01173518518518527
0 0.7482447916666667 0.6003351851851852 0.016500000000000032 0.015255555555555555
0 0.22445651041666667 0.578038425925926 0.01716302083333332 0.010562037037037073
0 0.22511640624999998 0.5921208333333333 0.011881770833333328 0.012908333333333362
2 0.9479244791666666 0.43428333333333335 0.03696354166666668 0.05867592592592593
3 0.46077239583333335 0.6466888888888889 0.04752708333333331 0.12439259259259264
3 0.6086354166666667 0.5363791666666667 0.03696875000000001 0.06336944444444441
3 0.21521510416666664 0.776948611111111 0.05544791666666665 0.1009212962962963
3 0.16273697916666668 0.7998319444444445 0.045546874999999994 0.069237962962963
3 0.2231361979166667 0.5762782407407407 0.03564531250000001 0.058675000000000026
3 0.3399739583333333 0.5657166666666666 0.03960625000000005 0.05163518518518515
3 0.8918177083333333 0.5663032407407408 0.043562499999999935 0.05984907407407413
3 0.7568281250000001 0.5886 0.053468750000000044 0.0692370370370371
