1 0.9106770833333333 0.24722222222222223 0.0359375 0.020370370370370372
0 0.6018229166666667 0.46435185185185185 0.0328125 0.02314814814814815
0 0.95 0.3087962962962963 0.021875 0.10462962962962963
0 0.9109375 0.3111111111111111 0.007291666666666667 0.09074074074074075
0 0.90078125 0.3111111111111111 0.0067708333333333336 0.06481481481481481
0 0.8703124999999999 0.3087962962962963 0.01875 0.10462962962962963
0 0.4627604166666667 0.9009259259259259 0.033854166666666664 0.02777777777777778
0 0.4083333333333333 0.8810185185185185 0.025 0.032407407407407406
0 0.9914062499999999 0.6162037037037037 0.0140625 0.025
0 0.6765625 0.49212962962962964 0.034375 0.017592592592592594
0 0.13463541666666667 0.9884259259259259 0.0203125 0.02314814814814815
4 0.9096354166666667 0.3472222222222222 0.16197916666666667 0.24444444444444446
2 0.5869791666666666 0.425462962962963 0.06666666666666667 0.13611111111111113
3 0.17734375 0.5041666666666667 0.0921875 0.1212962962962963
3 0.10078125 0.9310185185185186 0.1171875 0.13796296296296298
3 0.43828125 0.8615740740740742 0.12239583333333333 0.15833333333333333
3 0.9888020833333333 0.6050925925925926 0.022395833333333334 0.11203703703703705
3 0.6901041666666666 0.4800925925925926 0.075 0.10648148148148148
