1 0.6604505208333333 0.4219615740740741 0.015182291666666714 0.010562037037037073
0 0.5766197916666668 0.5029337962962963 0.012541666666666748 0.012908333333333362
0 0.6743151041666666 0.44953888888888893 0.008578125000000015 0.04694074074074077
0 0.6591328124999999 0.4348703703703704 0.0032968750000000806 0.015255555555555555
0 0.6621015625000001 0.4507125 0.003963541666666614 0.02816388888888892
0 0.6449401041666667 0.4442583333333333 0.010557291666666658 0.041072222222222225
0 0.6343802083333333 0.6554902777777778 0.010562500000000105 0.012908333333333362
0 0.6149036458333332 0.6560768518518518 0.009901041666666662 0.01408148148148156
0 0.5822291666666667 0.5181893518518519 0.009239583333333337 0.012908333333333362
0 0.5637473958333333 0.5146689814814814 0.009244791666666667 0.012908333333333362
0 0.3987226562499999 0.647275925925926 0.011881770833333328 0.015255555555555555
0 0.37957994791666666 0.6425814814814815 0.014522395833333352 0.015255555555555555
0 0.3779296875 0.6584240740740741 0.015182291666666714 0.016429629629629655
0 0.12379140625000001 0.7124055555555555 0.012542187499999994 0.016429629629629655
0 0.09342682291666667 0.717099537037037 0.009901562499999997 0.01642870370370375
0 0.8931380208333334 0.7487842592592593 0.00792187500000002 0.01408148148148156
0 0.5581354166666666 0.6543166666666668 0.012541666666666748 0.017601851851851844
0 0.5809114583333332 0.6554898148148149 0.010562499999999985 0.015255555555555555
0 0.20432369791666669 0.6813074074074074 0.009901562500000013 0.015255555555555555
0 0.18088984375 0.6801342592592593 0.00924114583333333 0.015255555555555555
4 0.6584739583333333 0.4618606481481482 0.06270833333333338 0.1020953703703704
2 0.5825598958333332 0.4882648148148149 0.031026041666666632 0.04928703703703705
3 0.5680364583333334 0.6419949074074075 0.048187500000000105 0.061023148148148125
3 0.10992916666666666 0.6924555555555556 0.062709375 0.09153333333333333
3 0.38849114583333333 0.6402342592592593 0.049507291666666654 0.069237037037037
3 0.9036979166666667 0.7376356481481482 0.035645833333333245 0.05280833333333335
3 0.5733203125 0.5046939814814816 0.03498437499999992 0.05632870370370363
3 0.62315625 0.6419949074074075 0.043562499999999935 0.061023148148148125
3 0.1957421875 0.6701587962962964 0.04818749999999999 0.0704101851851852
3 0.08022473958333333 0.6062023148148148 0.042906770833333344 0.07158425925925929
