1 0.6489010416666666 0.33570833333333333 0.02904166666666666 0.018775925925925946
0 0.44393958333333333 0.5064541666666666 0.028384375000000024 0.019949074074074143
0 0.6825651041666667 0.3867564814814815 0.01716145833333336 0.09270740740740743
0 0.6498906249999999 0.3885162037037037 0.005937500000000047 0.07510462962962963
0 0.6409791666666665 0.3879296296296296 0.005281250000000052 0.05515555555555554
0 0.6158958333333333 0.3885166666666667 0.01584375000000004 0.08918703703703704
0 0.19937265625 0.8972333333333333 0.035645312499999984 0.024644444444444538
0 0.16603776041666668 0.8778703703703703 0.01782239583333333 0.02112407407407404
0 0.15184557291666667 0.9007541666666666 0.015842187500000014 0.024643518518518526
0 0.19607239583333333 0.5809722222222223 0.019803125000000026 0.014081481481481454
0 0.19508203125 0.6144171296296297 0.01782239583333333 0.02229722222222224
0 0.1561361979166667 0.6144171296296297 0.016502604166666667 0.02229722222222224
0 0.780921875 0.5445935185185186 0.03432291666666659 0.016429629629629655
0 0.7789401041666667 0.5727578703703705 0.02244270833333329 0.02816388888888892
0 0.7462656249999999 0.43193657407407404 0.021781249999999967 0.028163888888888867
0 0.7439557291666666 0.4595138888888889 0.018484375000000004 0.02933703703703701
0 0.7030286458333334 0.44484490740740745 0.01583854166666671 0.021123148148148137
4 0.6492317708333334 0.4172675925925926 0.13531770833333343 0.20536481481481486
2 0.43172786458333334 0.470075462962963 0.05940885416666669 0.1232194444444445
3 0.7819088541666667 0.540486111111111 0.07591145833333333 0.13260740740740742
3 0.19343203125 0.8784587962962963 0.1095765625 0.12791574074074075
3 0.7208515624999999 0.421374537037037 0.07656770833333333 0.11735092592592591
3 0.17890963541666666 0.5968148148148148 0.0924140625 0.11852407407407405
3 0.48816614583333334 0.44191111111111114 0.06270937500000003 0.11148333333333338
3 0.2993778645833333 0.5522212962962963 0.07063072916666666 0.12087222222222214
