1 0.6333906250000001 0.29228842592592597 0.01782291666666668 0.014082407407407412
0 0.6485703125000001 0.31927962962962964 0.009901041666666662 0.04928703703703705
0 0.6323958333333334 0.30871759259259257 0.005281249999999934 0.018775925925925894
0 0.6360286458333334 0.322212962962963 0.005942708333333376 0.0340314814814815
0 0.6165572916666666 0.3163453703703704 0.010562499999999985 0.045766666666666664
4 0.6304166666666667 0.332775 0.06601041666666667 0.1044425925925926
0 0.5205106770833333 0.3650462962962963 0.012541145833333307 0.014081481481481454
2 0.5281013020833333 0.35155092592592596 0.03168281249999995 0.05750185185185183
0 0.5752994791666666 0.46714166666666673 0.007265625000000024 0.018775925925925946
0 0.5601171875 0.4624476851851852 0.017817708333333352 0.011734259259259208
0 0.5578072916666666 0.4759430555555555 0.013197916666666741 0.01525648148148146
0 0.6812447916666666 0.4483652777777778 0.01452083333333339 0.014082407407407412
0 0.6868567708333333 0.4606875 0.01122395833333331 0.01290833333333331
0 0.6670520833333333 0.4595138888888889 0.012541666666666628 0.015255555555555555
0 0.48420572916666665 0.7834027777777779 0.008581249999999999 0.01994999999999994
0 0.47628463541666666 0.7704939814814814 0.009901562499999983 0.02229722222222224
0 0.20432343749999998 0.7499578703703704 0.008581249999999999 0.01642870370370375
0 0.21950572916666666 0.765800462962963 0.019142708333333314 0.017602777777777853
0 0.6667239583333334 0.638474074074074 0.010562499999999985 0.016429629629629655
0 0.6221666666666666 0.4184407407407408 0.01121874999999998 0.015255555555555555
0 0.6030234374999999 0.4102263888888889 0.007265625000000024 0.01290833333333331
3 0.6541796875 0.6296726851851853 0.05280729166666672 0.0668898148148148
3 0.617546875 0.40377222222222225 0.04158333333333329 0.06102222222222222
3 0.6729947916666668 0.45012546296296296 0.04422916666666658 0.05984907407407403
3 0.5620989583333333 0.46362129629629634 0.042906250000000055 0.05867592592592588
3 0.46473281250000004 0.7693208333333333 0.05016770833333333 0.08566574074074075
3 0.22181614583333334 0.7388092592592592 0.06336979166666665 0.09974814814814821
