0 0.9241614583333334 0.24182777777777778 0.019802083333333324 0.01642962962962963
2 0.9291145833333334 0.22774537037037035 0.032343750000000074 0.06102222222222219
0 0.644609375 0.6725060185185185 0.01121874999999998 0.01877685185185185
0 0.6360286458333334 0.687175 0.009901041666666662 0.02229629629629623
0 0.48816614583333334 0.6507958333333334 0.008581249999999999 0.012908333333333362
0 0.46011197916666663 0.6361273148148149 0.010561458333333343 0.01877685185185185
0 0.46539296874999997 0.6619444444444444 0.014522395833333293 0.018775925925925946
0 0.7330651041666667 0.6003351851851852 0.009901041666666662 0.015255555555555555
0 0.7475859375 0.619111574074074 0.019140625 0.01760277777777775
3 0.7495651041666667 0.5921203703703704 0.06139062499999994 0.09270740740740743
3 0.6545104166666665 0.6754398148148149 0.053468750000000044 0.0692370370370371
3 0.4700135416666667 0.6455152777777778 0.0514875 0.0727583333333334
