0 0.20498359374999997 0.6026819444444446 0.024423437499999985 0.017602777777777853
0 0.26307239583333336 0.6807203703703704 0.007261458333333366 0.0657166666666666
0 0.20300312499999998 0.6378875 0.011221874999999996 0.05515462962962964
0 0.18650078125 0.6478624999999999 0.00858177083333332 0.05163425925925925
0 0.1584466145833333 0.7047777777777778 0.010561979166666693 0.069237037037037
0 0.20894401041666666 0.6854148148148149 0.02706406250000001 0.023470370370370437
4 0.20894427083333333 0.6666384259259259 0.11683749999999998 0.1666379629629629
2 0.4300776041666667 0.6302597222222222 0.04290625 0.1009212962962963
0 0.6201848958333334 0.5211231481481482 0.009901041666666662 0.018775925925925946
0 0.5951041666666667 0.5164291666666667 0.012541666666666748 0.021123148148148137
0 0.57496875 0.4061189814814815 0.0066041666666667 0.021123148148148137
0 0.5521953125000001 0.41961435185185186 0.015182291666666596 0.0176027777777778
0 0.5736484374999999 0.3673935185185185 0.011880208333333305 0.018775925925925894
0 0.5393229166666667 0.36680648148148143 0.00923958333333322 0.019949999999999992
0 0.5215005208333333 0.38264907407407406 0.019801041666666623 0.018775925925925894
0 0.5000481770833333 0.3709138888888889 0.01650260416666664 0.014081481481481454
0 0.4931169270833333 0.3879296296296296 0.014522395833333352 0.019950000000000048
0 0.34789531250000005 0.8432518518518519 0.019803125000000026 0.02464444444444443
3 0.35053567708333333 0.8092199074074075 0.07657135416666669 0.14199537037037038
3 0.5568177083333334 0.3368824074074074 0.07194791666666672 0.10796296296296294
3 0.5116002604166667 0.3685666666666667 0.06733072916666671 0.07979814814814812
3 0.5594583333333334 0.4008384259259259 0.05346874999999998 0.07627870370370374
3 0.6033515625 0.5105615740740741 0.05808854166666665 0.06336944444444441
