0 0.7092994791666667 0.5616092592592593 0.021786458333333297 0.015255555555555555
0 0.5469166666666666 0.3949708333333333 0.008583333333333342 0.015256481481481511
0 0.5353619791666666 0.42548240740740745 0.013203124999999953 0.015255555555555555
0 0.5178721354166667 0.4072925925925926 0.0059432291666666375 0.016429629629629603
0 0.7198619791666666 0.6378875 0.008578124999999895 0.019949074074074143
0 0.6937890625 0.6408212962962964 0.013203124999999953 0.01408148148148156
0 0.6891666666666666 0.6226314814814815 0.010562499999999985 0.015255555555555555
0 0.6356979166666666 0.44895231481481485 0.010562499999999985 0.015256481481481511
0 0.6294270833333333 0.4753564814814815 0.017822916666666563 0.016429629629629603
0 0.5947734375000001 0.47300925925925924 0.01320312500000007 0.02112407407407404
0 0.2637322916666667 0.796311574074074 0.015182291666666684 0.017602777777777853
0 0.2274270833333333 0.8010055555555556 0.011221874999999996 0.019950000000000048
0 0.6894973958333334 0.5316847222222222 0.013859375000000066 0.01642870370370375
0 0.6614427083333333 0.51995 0.006604166666666581 0.01877592592592584
0 0.8363697916666666 0.282900462962963 0.01584375000000004 0.018776851851851902
2 0.8462708333333333 0.28348750000000006 0.03960416666666665 0.07158425925925924
3 0.6799244791666667 0.5005870370370371 0.05808854166666665 0.11148333333333338
3 0.711609375 0.5363791666666666 0.06072916666666662 0.1056157407407408
3 0.7003880208333333 0.6349537037037037 0.0594114583333333 0.08214629629629637
3 0.6182057291666666 0.4395643518518519 0.06930729166666663 0.10913611111111113
3 0.5347033854166666 0.40259861111111117 0.040926562500000034 0.07979907407407412
3 0.25020026041666665 0.74585 0.08317239583333334 0.18893518518518515
