0 0.34030390625 0.6279125 0.03366510416666664 0.025817592592592628
0 0.32743203125 0.6642916666666666 0.04488697916666666 0.04224629629629638
0 0.30036796875 0.646102314814815 0.022443229166666672 0.041073148148148185
0 0.441959375 0.8080467592592592 0.005940624999999974 0.041073148148148185
0 0.36736796875 0.7176861111111111 0.01650260416666664 0.07862592592592588
0 0.33007239583333337 0.735875462962963 0.021122916666666686 0.0704101851851852
0 0.2954171875 0.755825462962963 0.011221875000000025 0.09153425925925923
0 0.23666822916666666 0.9230523148148149 0.012541666666666658 0.04811759259259258
0 0.3416239583333333 0.8174347222222224 0.04554687500000002 0.043419444444444365
4 0.3310625 0.7945509259259259 0.23037499999999997 0.363787037037037
0 0.7033593749999999 0.6549032407407407 0.03894791666666665 0.02816388888888892
2 0.7030286458333334 0.6419949074074074 0.05676562500000001 0.16429166666666672
0 0.48486588541666664 0.6202847222222223 0.03102447916666667 0.019949074074074036
0 0.4858559895833333 0.6502092592592593 0.019802604166666703 0.023470370370370332
0 0.45912187499999996 0.6208712962962963 0.008581249999999999 0.03051111111111111
0 0.6700234374999999 0.30871759259259257 0.009244791666666667 0.011735185185185218
0 0.6254661458333333 0.3351217592592593 0.01650520833333336 0.015256481481481511
0 0.6003828125 0.33864212962962964 0.013859374999999948 0.01760277777777775
0 0.480575 0.3621125 0.01320208333333337 0.010562037037037073
0 0.4947674479166667 0.3685666666666667 0.005941145833333354 0.011735185185185218
0 0.4795848958333333 0.3738476851851852 0.011221875000000025 0.01290833333333331
3 0.6630937499999999 0.28876805555555557 0.037625000000000006 0.056328703703703686
3 0.6172161458333333 0.3239736111111111 0.05808854166666665 0.06806388888888891
3 0.48354557291666667 0.3621125 0.03630572916666666 0.05515462962962964
3 0.4828856770833333 0.6191111111111112 0.06138906249999998 0.11617777777777777
