0 0.28320546875 0.6461023148148148 0.03168489583333335 0.024643518518518526
0 0.24029895833333334 0.6672254629629629 0.022443750000000023 0.041073148148148185
0 0.26769296875 0.6807208333333333 0.04818697916666667 0.044593518518518574
0 0.38750130208333333 0.8021791666666667 0.005280729166666671 0.041073148148148185
0 0.31191979166666667 0.7276606481481481 0.02178333333333331 0.07510462962962958
0 0.27627421875 0.7487842592592592 0.02310364583333332 0.07041111111111109
0 0.23930885416666664 0.7734277777777777 0.012541666666666658 0.08918703703703704
0 0.18419036458333332 0.9482824074074074 0.015842187499999986 0.042249999999999996
0 0.28815625 0.8250625 0.045546874999999994 0.044593518518518574
4 0.27495416666666667 0.8109782407407408 0.23301562499999998 0.3637842592592592
0 0.6244791666666667 0.6255657407407408 0.03564583333333336 0.025816666666666724
2 0.6228255208333332 0.6138305555555555 0.05082812499999995 0.15255555555555556
0 0.8621119791666667 0.3990782407407408 0.01320312500000007 0.014082407407407412
0 0.5970833333333334 0.3691537037037037 0.01782291666666668 0.015255555555555555
0 0.5766197916666668 0.3585916666666667 0.0112187500000001 0.015255555555555555
0 0.8211874999999998 0.6478624999999999 0.014520833333333271 0.02816388888888892
0 0.8096354166666666 0.6795467592592592 0.019145833333333445 0.021123148148148137
0 0.7759687500000001 0.6525560185185186 0.0112187500000001 0.021123148148148137
3 0.5888307291666667 0.35155092592592596 0.04884895833333332 0.06454259259259261
3 0.8007239583333333 0.6490356481481482 0.07525000000000001 0.11265648148148147
3 0.8654114583333334 0.37560787037037036 0.06072916666666674 0.0704101851851852
