1 0.6693645833333334 0.32514722222222225 0.02112499999999997 0.018775925925925946
0 0.6891666666666666 0.36035231481481483 0.011885416666666633 0.061023148148148125
0 0.6677135416666666 0.3439231481481482 0.005937500000000047 0.023470370370370384
0 0.6716744791666667 0.36387268518518523 0.005942708333333257 0.037552777777777796
0 0.6492291666666666 0.3544847222222222 0.012541666666666628 0.05632870370370374
4 0.6660625000000001 0.3773680555555556 0.07920833333333341 0.12791203703703702
0 0.3370033854166667 0.42430879629629636 0.020463020833333328 0.0176027777777778
2 0.34459453125 0.40201203703703703 0.038285937500000006 0.07393148148148149
0 0.48024531249999997 0.9500416666666668 0.008581249999999999 0.024638888888888797
0 0.7135885416666667 0.9365444444444445 0.010562499999999985 0.023466666666666715
0 0.687515625 0.9242231481481482 0.013864583333333276 0.022294444444444526
0 0.5716692708333333 0.9840740740740743 0.018484375000000004 0.029333333333333392
0 0.5601171875000001 0.9946342592592592 0.012546874999999957 0.01995370370370366
0 0.6545104166666667 0.479463425925926 0.01121874999999998 0.0176027777777778
0 0.6323984374999999 0.47183564814814816 0.00792187500000002 0.016428703703703647
0 0.7086406249999999 0.7517180555555556 0.01121874999999998 0.01760277777777775
0 0.13963385416666665 0.8907791666666668 0.012541666666666658 0.021123148148148137
0 0.15778645833333332 0.9107287037037037 0.023763541666666655 0.018775925925925946
3 0.6489010416666666 0.4653814814814815 0.05148958333333328 0.07627777777777778
3 0.7010494791666666 0.9119023148148148 0.06469270833333324 0.09388055555555552
3 0.4627526041666666 0.9459328703703704 0.05016770833333333 0.08683796296296294
3 0.16042682291666666 0.8755222222222223 0.07525156250000002 0.11969629629629634
3 0.5769479166666667 0.9864212962962964 0.06072916666666662 0.07862037037037034
3 0.692796875 0.7429166666666667 0.05742708333333333 0.08683888888888895
