0 0.8271276041666666 0.38675601851851854 0.013203124999999953 0.0176027777777778
2 0.8370312499999999 0.37326111111111115 0.035645833333333245 0.06102222222222222
0 0.9746588541666666 0.9582546296296296 0.01650520833333336 0.017601851851851844
0 0.9489166666666667 0.9412407407407407 0.01121874999999998 0.021129629629629675
0 0.9076588541666666 0.4248953703703704 0.018484375000000004 0.011735185185185166
0 0.9073307291666667 0.43956388888888887 0.015182291666666714 0.015255555555555555
0 0.8472604166666665 0.656663425925926 0.019145833333333327 0.012908333333333362
0 0.6198567708333333 0.6537300925925926 0.00792187500000002 0.016428703703703647
0 0.591140625 0.6601837962962963 0.012541666666666628 0.01760277777777775
0 0.8465989583333333 0.6725060185185185 0.021781250000000085 0.01877685185185185
0 0.18353046875 0.7675606481481482 0.014522395833333323 0.021123148148148137
0 0.19046145833333336 0.7845763888888889 0.012541666666666658 0.019949074074074036
0 0.16438750000000002 0.7863365740740741 0.015842708333333337 0.021123148148148137
3 0.17329869791666666 0.7687337962962963 0.05346822916666666 0.08214537037037035
3 0.5974140625 0.6331930555555556 0.06204687499999994 0.09036018518518524
3 0.8492395833333333 0.6549037037037038 0.0442291666666667 0.07275740740740749
3 0.9079895833333333 0.4272425925925926 0.032343750000000074 0.05398148148148149
3 0.9627786458333333 0.9353708333333333 0.060067708333333414 0.07979537037037035
