0 0.28584583333333335 0.4031851851851852 0.03168437499999997 0.022296296296296335
0 0.25416093749999996 0.4260689814814815 0.017162499999999997 0.04693981481481481
0 0.2785846354166666 0.4360435185185186 0.03960572916666667 0.04342037037037038
0 0.3911317708333333 0.5146689814814814 0.005940625000000033 0.03403240740740741
0 0.3205010416666667 0.4665550925925926 0.02178333333333331 0.05515462962962964
0 0.26439244791666666 0.5146689814814814 0.01782239583333336 0.0668898148148148
0 0.2894763020833333 0.4829837962962963 0.027064062499999982 0.07158425925925929
0 0.23963880208333332 0.6578375000000001 0.015842187499999986 0.02933796296296302
4 0.30102812500000004 0.5328583333333333 0.18878854166666667 0.30745925925925927
0 0.31059947916666664 0.5504611111111112 0.03498541666666668 0.04694074074074077
0 0.5924635416666666 0.33629537037037033 0.03234374999999995 0.019949999999999992
2 0.5914713541666666 0.32280000000000003 0.047526041666666664 0.13143333333333337
0 0.6967578125 0.051132268518518514 0.009901041666666662 0.010561574074074076
0 0.6828958333333334 0.049371990740740744 0.008583333333333342 0.011735092592592596
0 0.7832317708333333 0.07694949074074074 0.01122395833333331 0.01525564814814815
0 0.4274372395833333 0.4366305555555556 0.027064062499999982 0.03051111111111111
0 0.4360184895833334 0.4595138888888889 0.02574427083333332 0.03168518518518516
0 0.3993828125 0.4442578703703704 0.017162499999999997 0.03637870370370369
0 0.6680442708333333 0.9341972222222222 0.026401041666666694 0.028161111111111206
0 0.5802499999999999 0.8643750000000001 0.017166666666666684 0.05280740740740745
3 0.7868619791666667 0.054652685185185186 0.05280729166666672 0.07627796296296296
3 0.6908177083333332 0.044091157407407405 0.032343750000000074 0.04576694444444444
3 0.4214963541666666 0.4325231481481482 0.08515312500000001 0.13730000000000006
3 0.6462604166666667 0.8186074074074075 0.1676666666666667 0.2968962962962963
