0 0.7234921875 0.5428328703703704 0.018484375000000004 0.01760277777777775
0 0.6931276041666667 0.5469402777777779 0.009244791666666667 0.021123148148148137
0 0.5472473958333333 0.37443425925925927 0.00792187500000002 0.016429629629629655
0 0.5548359374999999 0.3873430555555556 0.005942708333333376 0.018776851851851902
0 0.5347031250000001 0.4031851851851852 0.013197916666666623 0.015255555555555555
0 0.6485703125000001 0.558675462962963 0.013859374999999948 0.016428703703703647
0 0.6406484375 0.4272425925925926 0.008578125000000015 0.018775925925925894
0 0.6323984374999999 0.45599351851851855 0.018484375000000004 0.015255555555555555
0 0.5993932291666667 0.4477791666666667 0.010557291666666658 0.0176027777777778
0 0.26802317708333334 0.7798824074074074 0.014522395833333352 0.019950000000000048
0 0.23171744791666665 0.7845763888888889 0.011881770833333328 0.02229722222222224
0 0.6766249999999999 0.5076277777777779 0.009239583333333337 0.01760185185185195
0 0.8370286458333334 0.26060416666666664 0.01583854166666659 0.021123148148148137
2 0.8469296875 0.2606037037037037 0.03960937500000009 0.07745185185185188
3 0.7162291666666666 0.5082148148148149 0.06601041666666667 0.12673888888888893
3 0.6937864583333334 0.4823976851851852 0.06205208333333338 0.11735092592592596
3 0.6462604166666668 0.5481138888888889 0.0448854166666667 0.07275740740740738
3 0.6238151041666666 0.4202013888888889 0.06865104166666676 0.11265648148148152
3 0.5376734375000001 0.3820625 0.04422604166666666 0.07158425925925929
3 0.25383098958333333 0.7235537037037038 0.08119218749999997 0.19832407407407412
