1 0.4445997395833333 0.27468611111111113 0.03102447916666667 0.023470370370370332
0 0.4805752604166667 0.3251467592592593 0.018482812499999984 0.09388055555555552
0 0.44691015624999997 0.32984120370370373 0.009241145833333301 0.07979907407407406
0 0.43799895833333335 0.32280000000000003 0.008581249999999999 0.049287037037037004
0 0.4132450520833333 0.32984120370370373 0.018482812499999984 0.09388055555555552
4 0.4465802083333333 0.3626990740740741 0.13664062500000002 0.2088851851851852
0 0.04292919270833333 0.5105615740740741 0.033005156249999994 0.025817592592592524
2 0.031047203125 0.48063703703703703 0.05940871875 0.12321851851851849
0 0.5653958333333333 0.735875462962963 0.023104166666666613 0.02816388888888881
0 0.5310729166666667 0.7100583333333335 0.00990625000000005 0.028164814814814823
0 0.620515625 0.6672254629629629 0.019802083333333324 0.02933796296296302
0 0.5904817708333333 0.6402342592592593 0.027067708333333346 0.022296296296296335
0 0.5809114583333332 0.6689856481481482 0.014520833333333271 0.02816388888888881
0 0.5281041666666667 0.6836546296296296 0.01452083333333339 0.02699074074074072
0 0.4865158854166667 0.6930421296296296 0.025083854166666697 0.029337962962962913
0 0.47397421875 0.5234703703703704 0.019802604166666703 0.028164814814814823
0 0.43271796874999996 0.51995 0.01650260416666664 0.023470370370370437
3 0.7512161458333333 0.8790430555555556 0.09636979166666665 0.13143240740740741
3 0.45978203125 0.5064541666666666 0.09043385416666663 0.11852500000000006
3 0.6089661458333334 0.6455152777777778 0.09043229166666661 0.1361268518518518
3 0.4947669270833333 0.6590106481481482 0.09439322916666662 0.14434166666666667
3 0.5617656249999999 0.7024305555555556 0.0765729166666666 0.12556481481481474
