2 0.41291484375000004 -0.008130046296296297 0.04422656249999998 0.06336953703703703
0 0.4696833333333333 0.7511310185185185 0.02178333333333331 0.025817592592592628
0 0.4274372395833333 0.7135791666666668 0.0178223958333333 0.021123148148148137
0 0.42545703125 0.7511314814814815 0.020463020833333387 0.03051111111111111
0 0.7772890625 0.016513694444444442 0.015182291666666714 0.02581724074074074
0 0.7419765625 0.011819625 0.013203124999999953 0.01877612037037037
0 0.44657994791666666 0.6097231481481481 0.03102447916666667 0.02699074074074072
0 0.4096143229166666 0.5915337962962964 0.0165026041666667 0.021123148148148137
0 0.3974026041666667 0.6144171296296297 0.010561458333333343 0.024643518518518526
3 0.7617760416666666 0.0041918055555555545 0.07657291666666666 0.08801324074074074
0 0.7175520833333333 0.7716680555555555 0.01584375000000004 0.017602777777777853
3 0.4366786458333333 0.5651300925925926 0.10363541666666667 0.16311759259259262
3 0.44393958333333333 0.7270740740740741 0.09175416666666666 0.11852407407407416
3 0.73009375 0.7699074074074075 0.07129166666666673 0.09388148148148154
3 0.9974348958333333 0.30754444444444445 0.08317187500000003 0.10796296296296294
