0 0.7281119791666666 0.5410731481481482 0.018484375000000004 0.018775925925925946
0 0.6960963541666667 0.5451800925925926 0.01122395833333331 0.024643518518518526
0 0.5462552083333333 0.3709138888888889 0.008583333333333342 0.016429629629629655
0 0.6033541666666666 0.5158421296296297 0.0066041666666667 0.024643518518518526
0 0.6178776041666667 0.5228833333333333 0.011880208333333305 0.012909259259259162
0 0.64725 0.4248953703703704 0.008583333333333342 0.016429629629629655
0 0.6370182291666666 0.4512990740740741 0.01716145833333336 0.015255555555555555
0 0.6050026041666666 0.44484490740740745 0.011223958333333428 0.01877685185185185
0 0.26967343749999995 0.7775351851851853 0.015182291666666655 0.01760185185185195
0 0.23435807291666666 0.7845763888888889 0.00924114583333333 0.024643518518518526
0 0.6789348958333332 0.5070407407407408 0.009901041666666662 0.018775925925925946
0 0.8363697916666666 0.25590972222222225 0.01584375000000004 0.01877685185185185
2 0.845609375 0.25825648148148145 0.03696875000000001 0.07745185185185186
3 0.71953125 0.5 0.06336458333333325 0.13612777777777782
3 0.617546875 0.5134953703703704 0.042906250000000055 0.07627777777777778
3 0.6281067708333334 0.4143337962962963 0.06667187499999999 0.11500462962962968
0 0.5531874999999999 0.38323564814814814 0.005281250000000052 0.01760277777777775
0 0.5327213541666667 0.40025138888888884 0.011880208333333364 0.0164287037037037
3 0.5366846354166667 0.3773680555555556 0.04356822916666664 0.07393055555555558
3 0.25647135416666667 0.7282476851851851 0.08119270833333332 0.19362870370370375
3 0.6967578125 0.48005046296296305 0.06139062500000006 0.12439166666666664
