0 0.6013749999999999 0.6936291666666667 0.01584374999999992 0.01877685185185185
0 0.5660572916666666 0.7294212962962963 0.01782291666666668 0.019950000000000048
0 0.7802604166666666 0.41374675925925924 0.021125000000000088 0.024643518518518526
0 0.47364427083333327 0.6848277777777778 0.01914270833333334 0.02699074074074072
0 0.49113697916666665 0.7212064814814815 0.017162499999999997 0.02699074074074072
0 0.9304322916666665 0.008885881620370371 0.013864583333333395 0.0176026812037037
0 0.5931223958333334 0.5979884259259259 0.029703124999999986 0.024643518518518526
0 0.5564869791666667 0.5774518518518519 0.01716145833333336 0.025816666666666724
0 0.5449348958333333 0.5979884259259259 0.012546874999999957 0.029337962962962913
3 0.7977526041666666 0.36915370370370376 0.0970364583333333 0.16077037037037037
3 0.5825625 0.5516347222222222 0.10363541666666667 0.1713324074074074
3 0.5802499999999999 0.7006703703703704 0.08713541666666665 0.12204444444444444
3 0.4954273437500001 0.6930421296296296 0.07855156250000003 0.1326064814814814
3 0.9099713541666666 -0.001088981481481483 0.09175520833333337 0.07745166666666665
