0 0.12346119791666667 0.637300925925926 0.022443229166666672 0.016429629629629655
0 0.17725937499999997 0.7294212962962964 0.005940625000000003 0.022296296296296335
0 0.1089390625 0.6824810185185186 0.009241666666666667 0.04811388888888896
0 0.12907213541666668 0.7135787037037037 0.02310364583333332 0.023470370370370437
0 0.25482109374999995 0.8514662037037037 0.01848281250000001 0.024643518518518526
2 0.32677187500000004 0.657837037037037 0.03960624999999999 0.08801296296296295
3 0.26010182291666667 0.8256490740740742 0.0699703125 0.12791296296296292
4 0.12973203125000002 0.6983236111111111 0.10495572916666668 0.15255648148148157
0 0.08451562499999998 0.7528916666666667 0.00660104166666667 0.01994999999999994
0 0.12478151041666667 0.6906953703703704 0.010561979166666664 0.02464444444444443
0 0.51952109375 0.5745180555555556 0.010561979166666664 0.01760277777777775
0 0.48684609375 0.5756912037037037 0.012542187500000008 0.01760277777777775
0 0.45252109375 0.44601851851851854 0.009901562499999983 0.018775925925925946
0 0.42974765625 0.4577537037037037 0.018482812500000043 0.016429629629629603
3 0.16273697916666668 0.39379722222222224 0.03894583333333334 0.05750185185185183
3 0.5016981770833333 0.5504606481481481 0.060728645833333296 0.09857499999999991
3 0.4373385416666667 0.43721712962962966 0.054788541666666704 0.07627870370370368
