0 0.13633307291666666 0.6361273148148148 0.02310364583333334 0.01642870370370375
0 0.18848098958333334 0.7264875000000001 0.007260937499999986 0.016428703703703647
0 0.11818046874999999 0.6789601851851853 0.007921354166666669 0.045766666666666664
0 0.09540703125 0.7493708333333334 0.007260937499999986 0.019949074074074036
0 0.14029375 0.7118189814814815 0.024423958333333322 0.024643518518518526
4 0.13996380208333334 0.6948027777777778 0.10429531249999999 0.15020925925925926
2 0.3370033854166667 0.657250462962963 0.03762552083333333 0.08683981481481486
0 0.21224453125 0.5962277777777777 0.009901562499999983 0.016429629629629655
0 0.1957421875 0.5809722222222223 0.01914270833333334 0.011735185185185166
0 0.19178151041666666 0.5944675925925927 0.012542187500000008 0.015255555555555555
0 0.5819010416666667 0.6103101851851852 0.012541666666666628 0.01642962962962955
0 0.6129244791666667 0.6067893518518519 0.009901041666666662 0.01877685185185185
0 0.4320580729166667 0.4260689814814815 0.009901562499999983 0.014082407407407412
0 0.44823046875 0.43897731481481483 0.018482812499999984 0.0164287037037037
0 0.4238065104166666 0.4378037037037037 0.00924114583333336 0.018775925925925894
0 0.26571276041666664 0.8491194444444444 0.01782239583333333 0.022296296296296335
3 0.17197838541666666 0.3902768518518519 0.04026614583333332 0.05280740740740739
3 0.44558984375 0.4254819444444444 0.0554484375 0.07158425925925924
3 0.5941119791666666 0.5809722222222223 0.06865104166666663 0.09857407407407401
3 0.20036276041666667 0.5827324074074074 0.050827604166666665 0.06219629629629632
3 0.26835312499999997 0.8156745370370371 0.06931041666666665 0.12204537037037035
