0 0.21719557291666666 0.737049074074074 0.031684895833333324 0.016429629629629655
0 0.21092447916666668 0.7687337962962963 0.03498541666666665 0.03989907407407408
0 0.18782083333333333 0.7611060185185186 0.015182291666666655 0.04811388888888886
0 0.24590989583333334 0.7863365740740741 0.01914270833333334 0.04928796296296296
0 0.19475208333333333 0.8455986111111111 0.015842708333333337 0.06454351851851851
0 0.23765859374999998 0.8678953703703705 0.03564531250000001 0.045766666666666664
4 0.22676692708333335 0.867311111111111 0.17624635416666667 0.2863407407407407
0 0.46968359375 0.627912962962963 0.024423437500000016 0.018775925925925946
0 0.8192057291666667 0.2523893518518519 0.006598958333333371 0.018776851851851902
4 0.8228385416666666 0.25825694444444447 0.027062500000000017 0.03989907407407408
0 0.80765625 0.2652976851851852 0.007260416666666695 0.009387962962962973
2 0.4680330729166666 0.617350925925926 0.035645312499999984 0.1009222222222222
2 0.8043515625 0.2588435185185185 0.015182291666666714 0.02464444444444443
0 0.8904973958333334 0.29287546296296296 0.010557291666666776 0.008213888888888871
0 0.8984192708333334 0.29815601851851853 0.006598958333333253 0.00938796296296292
0 0.8878567708333333 0.30050324074074075 0.00792187500000002 0.009387962962962973
0 0.7911536458333333 0.5305115740740741 0.009901041666666662 0.014082407407407464
0 0.7759713541666666 0.5205361111111112 0.015182291666666714 0.015255555555555555
0 0.7706901041666666 0.5322712962962963 0.01122395833333331 0.015255555555555555
0 0.28683593749999997 0.6848282407407408 0.01914270833333334 0.029337962962962913
0 0.2967375 0.7012569444444444 0.012541666666666628 0.024643518518518526
0 0.2686833333333334 0.7106449074074074 0.01320208333333337 0.01760277777777775
0 0.3356833333333333 0.391450462962963 0.005940625000000033 0.010562037037037073
0 0.31885078125000005 0.39731805555555555 0.00924114583333336 0.010562037037037073
0 0.3568065104166667 0.48005 0.00858177083333332 0.023470370370370437
0 0.3393138020833334 0.4865046296296296 0.018482812499999984 0.015255555555555555
0 0.33964401041666664 0.5035203703703703 0.01782239583333336 0.016429629629629655
0 0.92053125 0.43311018518518524 0.008583333333333342 0.011735185185185166
0 0.9030390625 0.4248953703703704 0.011880208333333305 0.011735185185185166
0 0.8980885416666666 0.4336967592592593 0.012541666666666628 0.01290833333333331
3 0.18221015625 0.4272425925925926 0.027724479166666663 0.035205555555555545
3 0.5373427083333334 0.9518004629629631 0.1293770833333334 0.1736768518518519
3 0.32380156250000003 0.382062037037037 0.029704166666666688 0.0504611111111111
3 0.3449247395833333 0.48591759259259254 0.040266145833333294 0.06571666666666671
3 0.27957473958333334 0.6883486111111112 0.06402968749999997 0.09036018518518524
3 0.7799296875 0.5217101851851852 0.041588541666666735 0.057501851851851936
3 0.9112890625000001 0.4202013888888889 0.04950520833333331 0.06336944444444441
3 0.8924765624999998 0.29404907407407405 0.02376562499999994 0.03168518518518516
