0 0.33337317708333336 0.6226319444444445 0.025083854166666697 0.019949074074074143
0 0.30036796875 0.6378875 0.015842187499999955 0.038725000000000086
0 0.32314140625 0.6502092592592593 0.03762552083333333 0.0352055555555555
0 0.3379934895833333 0.7699074074074075 0.03564531250000004 0.03755185185185189
0 0.3561463541666666 0.6912824074074074 0.016502083333333376 0.06102222222222222
0 0.32644192708333336 0.6983231481481481 0.020463020833333328 0.07275740740740738
0 0.2997078125 0.7241407407407408 0.010561458333333343 0.07275740740740738
0 0.6178750000000001 0.6173513888888889 0.03036458333333331 0.021123148148148137
0 0.42281640625 0.4008384259259259 0.009901562499999983 0.01290833333333331
0 0.40994453124999997 0.3984916666666667 0.006600520833333334 0.015255555555555555
2 0.6168854166666667 0.607962962962963 0.04290624999999994 0.12439259259259264
4 0.3297424479166667 0.7523046296296297 0.1841682291666667 0.28868333333333335
3 0.41951614583333335 0.3949708333333333 0.028384375000000024 0.04107314814814813
3 0.6555026041666667 0.9846574074074075 0.09241145833333336 0.10796296296296298
0 0.45879192708333333 0.6009217592592593 0.009241145833333301 0.021123148148148137
0 0.43766875000000005 0.6003351851851851 0.02244374999999999 0.017601851851851844
0 0.43568828125000003 0.6232185185185186 0.014522395833333293 0.018775925925925946
0 0.8485807291666667 0.42665555555555557 0.01122395833333331 0.012909259259259266
0 0.569359375 0.37443425925925927 0.007260416666666695 0.014081481481481454
0 0.555828125 0.3685666666666667 0.01584375000000004 0.011735185185185218
0 0.5535182291666667 0.38147546296296303 0.015182291666666596 0.014082407407407412
3 0.4406390625 0.5968143518518519 0.05874895833333333 0.09036018518518524
3 0.5591276041666667 0.36915370370370376 0.039609374999999974 0.055155555555555597
3 0.8492421875 0.4055324074074074 0.054786458333333364 0.06454259259259255
