0 0.3561463541666666 0.6912824074074074 0.016502083333333376 0.06102222222222222
0 0.2997078125 0.7241407407407408 0.010561458333333343 0.07275740740740738
0 0.6178750000000001 0.6173513888888889 0.03036458333333331 0.021123148148148137
0 0.42281640625 0.4008384259259259 0.009901562499999983 0.01290833333333331
0 0.40994453124999997 0.3984916666666667 0.006600520833333334 0.015255555555555555
2 0.6168854166666667 0.607962962962963 0.04290624999999994 0.12439259259259264
3 0.41951614583333335 0.3949708333333333 0.028384375000000024 0.04107314814814813
3 0.6555026041666667 0.9846574074074075 0.09241145833333336 0.10796296296296298
0 0.33304296875 0.6261523148148148 0.029704687499999948 0.019949074074074143
0 0.3241317708333334 0.6513828703703705 0.03696562500000002 0.037552777777777796
0 0.30168828125 0.6396476851851852 0.015842187500000014 0.03755277777777769
0 0.3393138020833333 0.7722541666666667 0.038285937500000006 0.03989907407407408
4 0.33040260416666667 0.7569990740740741 0.18416770833333332 0.29337777777777774
0 0.46341249999999995 0.6038555555555556 0.006601041666666714 0.02229629629629623
0 0.44228958333333335 0.6026824074074074 0.023763541666666655 0.015255555555555555
0 0.44129921875 0.6261523148148148 0.01650260416666664 0.019949074074074143
0 0.8195364583333333 0.4360439814814815 0.01121874999999998 0.012908333333333362
0 0.5693567708333334 0.36915370370370376 0.009901041666666662 0.010561111111111117
0 0.5736484374999999 0.37971527777777775 0.011880208333333305 0.01290833333333331
0 0.5541744791666666 0.3767814814814815 0.015182291666666596 0.014081481481481507
3 0.8211874999999998 0.4160939814814815 0.05016666666666663 0.0668898148148148
3 0.5601171875000001 0.36915370370370376 0.04818229166666666 0.05750185185185189
3 0.44426953124999996 0.597987962962963 0.05544843749999995 0.08566666666666665
