3 0.6555026041666667 0.9846574074074075 0.09241145833333336 0.10796296296296298
0 0.33304296875 0.6261523148148148 0.029704687499999948 0.019949074074074143
0 0.30168828125 0.6396476851851852 0.015842187500000014 0.03755277777777769
0 0.3393138020833333 0.7722541666666667 0.038285937500000006 0.03989907407407408
4 0.33040260416666667 0.7569990740740741 0.18416770833333332 0.29337777777777774
0 0.6178750000000001 0.618524537037037 0.02904166666666666 0.021123148148148137
2 0.6178776041666667 0.6079629629629629 0.04224479166666673 0.12673888888888893
0 0.35746666666666665 0.6936291666666667 0.015182291666666655 0.061023148148148125
0 0.30036796875 0.7276611111111112 0.010561979166666664 0.07275740740740738
0 0.3228111979166667 0.6525564814814815 0.03564531250000004 0.03755185185185189
0 0.40895442708333335 0.3996648148148148 0.005941145833333295 0.012909259259259266
0 0.42149609375 0.4020115740740741 0.009901562499999983 0.01290833333333331
3 0.41852578125 0.3955574074074074 0.029044270833333326 0.042246296296296275
0 0.4521908854166667 0.5663032407407408 0.006600520833333334 0.017602777777777853
0 0.43403828124999994 0.5921208333333333 0.0165026041666667 0.01760277777777775
0 0.5686979166666667 0.37326064814814813 0.0072604166666665765 0.014082407407407412
0 0.5561588541666667 0.36974074074074076 0.015182291666666714 0.011735185185185166
0 0.5531874999999999 0.381475462962963 0.01584374999999992 0.011734259259259262
3 0.5564869791666667 0.36915370370370376 0.03828645833333333 0.055155555555555597
3 0.43568854166666665 0.5680638888888889 0.04356666666666668 0.07745185185185188
