0 0.005303434895833333 0.20251527777777778 0.011881776041666665 0.03637870370370369
4 0.010584244791666666 0.2101425925925926 0.04884734375 0.07275740740740741
0 0.0874859375 0.20955648148148148 0.011221875000000011 0.015255555555555555
0 0.9829114583333334 0.4184407407407408 0.025083333333333374 0.019950000000000048
2 0.9842291666666666 0.4002513888888889 0.03036458333333331 0.06336944444444441
2 0.07857447916666667 0.20603564814814818 0.031684375 0.04811388888888889
0 0.15283567708333334 0.7194462962962963 0.009901562499999983 0.02581666666666662
0 0.1287421875 0.7364625 0.027723958333333344 0.019949074074074143
0 0.13006223958333335 0.7581722222222222 0.01848281250000001 0.016429629629629655
0 0.7350442708333332 0.4923722222222222 0.009901041666666662 0.015255555555555555
0 0.713921875 0.4659685185185185 0.008583333333333342 0.011735185185185218
0 0.7152395833333334 0.48767824074074073 0.01121874999999998 0.01760277777777775
0 0.3112596354166667 0.6290861111111111 0.007260937500000016 0.018775925925925946
0 0.2927768229166666 0.6378875 0.020463020833333328 0.015256481481481565
0 0.2940971354166667 0.6554902777777778 0.0165026041666667 0.01760277777777775
0 0.5918020833333333 0.3433365740740741 0.008583333333333342 0.01290833333333331
0 0.5713385416666666 0.3398157407407407 0.007260416666666695 0.015255555555555555
0 0.5333828125 0.6625310185185186 0.009244791666666667 0.029337962962962913
0 0.49377734375 0.6378875 0.011881770833333328 0.022297222222222135
0 0.5043388020833334 0.6654652777777779 0.02112343750000001 0.021123148148148137
0 0.32347135416666667 0.24182731481481481 0.010561458333333284 0.009387962962962973
0 0.32314140624999993 0.2506291666666666 0.00858177083333332 0.01056203703703702
0 0.34360442708333333 0.5539814814814814 0.011221354166666704 0.016429629629629655
0 0.3214911458333333 0.5551550925925927 0.010561458333333343 0.016428703703703647
0 0.2693434895833333 0.539312962962963 0.01848281250000001 0.015255555555555555
0 0.27033359375 0.5551550925925927 0.013861979166666642 0.016428703703703647
3 0.5099484375 0.6549032407407407 0.06270729166666662 0.08683981481481474
3 0.7218411458333333 0.4777032407407407 0.046869791666666674 0.0704101851851852
3 0.5855312500000001 0.3263203703703704 0.040927083333333295 0.06571666666666666
3 0.29607734374999994 0.6355402777777778 0.041585937499999955 0.07158425925925929
3 0.13204244791666667 0.7329421296296298 0.0554484375 0.09505462962962963
3 0.3353533854166667 0.5422462962962963 0.04884739583333335 0.07041111111111109
3 0.2696734375 0.5375523148148149 0.04158645833333333 0.07275833333333329
3 0.32644192708333336 0.24065416666666667 0.024423437500000016 0.037552777777777796
