0 0.7258020833333333 0.5410726851851853 0.01782291666666668 0.01642870370370375
0 0.6947760416666666 0.5469407407407408 0.012541666666666628 0.023470370370370332
0 0.26043203125 0.44132453703703706 0.012542187500000038 0.023469444444444428
0 0.25020026041666665 0.47535601851851855 0.014522395833333352 0.014082407407407464
0 0.22907734374999997 0.45892731481481486 0.007921354166666669 0.021123148148148137
0 0.6040130208333333 0.3709138888888889 0.009244791666666667 0.018775925925925946
0 0.5911432291666666 0.401425 0.015182291666666596 0.016429629629629655
0 0.6370182291666667 0.5240569444444445 0.013203124999999953 0.01525648148148146
0 0.65253125 0.4260689814814815 0.0072604166666665765 0.021123148148148137
0 0.6102838541666666 0.44191111111111114 0.005942708333333376 0.019949999999999992
0 0.6373489583333334 0.4507125 0.019145833333333327 0.014082407407407412
0 0.2808950520833333 0.7892703703703704 0.013861979166666672 0.01994999999999994
0 0.2442596354166667 0.7957245370370372 0.00924114583333333 0.01877685185185185
0 0.6987369791666667 0.4782898148148148 0.013859375000000066 0.015255555555555607
0 0.9083203124999999 0.26764490740740743 0.021119791666666644 0.018776851851851902
2 0.9056770833333334 0.26412453703703703 0.03036458333333331 0.0751046296296296
3 0.26505260416666665 0.7329421296296297 0.08383229166666666 0.19832314814814822
3 0.7155703125 0.5035203703703705 0.06732812499999999 0.13612777777777782
3 0.6977473958333335 0.4436717592592592 0.05808854166666665 0.11735092592592591
3 0.6380078124999999 0.5129083333333334 0.04554687500000002 0.07745185185185188
3 0.6327265625 0.410812962962963 0.060067708333333296 0.11265740740740737
3 0.591140625 0.38088888888888894 0.042906250000000055 0.07393148148148149
3 0.24954036458333337 0.4577537037037037 0.05148802083333335 0.07979814814814816
