0 0.9515572916666667 0.3943837962962963 0.016499999999999914 0.014082407407407412
0 0.06504244791666666 0.6860013888888888 0.020463020833333342 0.01525648148148146
2 0.9499062500000001 0.3785416666666667 0.025083333333333374 0.05280740740740739
2 0.0647125 0.676026851851852 0.026404166666666666 0.06102222222222222
0 0.2637322916666667 0.6302597222222222 0.015182291666666684 0.014082407407407358
0 0.2673627604166667 0.6414083333333334 0.011881770833333357 0.015255555555555555
0 0.24722994791666666 0.6425814814814815 0.011221354166666675 0.01760185185185195
0 0.2673630208333333 0.49061203703703704 0.009241666666666652 0.01408148148148156
0 0.25878151041666664 0.5082143518518518 0.011881770833333328 0.014082407407407358
0 0.39839270833333335 0.4829842592592593 0.008581249999999999 0.015255555555555555
0 0.3921216145833333 0.49941296296296295 0.011881770833333328 0.015255555555555555
0 0.7878515625 0.6326064814814815 0.017817708333333352 0.016429629629629655
0 0.8571640625 0.833863425925926 0.015182291666666596 0.01760277777777775
0 0.7855416666666667 0.5293375000000001 0.01584375000000004 0.009387962962962973
0 0.7871927083333332 0.5434199074074074 0.012541666666666748 0.014082407407407464
0 0.7726692708333334 0.5363787037037037 0.005942708333333376 0.01408148148148156
0 0.7518776041666667 0.6120703703703705 0.00792187500000002 0.015255555555555555
0 0.7452760416666666 0.6226319444444445 0.010562499999999985 0.012908333333333362
3 0.2594419270833333 0.4953055555555556 0.035645312499999984 0.05398148148148155
3 0.2568013020833333 0.6267393518518519 0.04488697916666666 0.06806388888888891
3 0.7829010416666667 0.528750925925926 0.03564583333333336 0.05515555555555554
3 0.8581536458333334 0.8168476851851852 0.03828645833333333 0.0704101851851852
3 0.7924713541666667 0.6167643518518519 0.038942708333333326 0.06219537037037042
3 0.7429661458333333 0.6114837962962962 0.03498437499999992 0.05163425925925925
3 0.39047161458333335 0.48533101851851856 0.029704687500000007 0.05515462962962964
3 0.36769817708333336 0.5 0.038285937500000006 0.07041111111111115
3 0.5498854166666667 0.48005046296296305 0.03960416666666665 0.0704101851851852
