0 0.7881796875 0.3679800925925926 0.013203124999999953 0.01525648148148146
2 0.7954427083333333 0.3550717592592592 0.030364583333333427 0.048113888888888914
0 0.29343697916666667 0.5445935185185186 0.016502083333333317 0.01173518518518527
0 0.29343697916666667 0.5575023148148148 0.012541666666666628 0.014082407407407358
0 0.46836354166666666 0.4630342592592593 0.008581249999999999 0.015255555555555555
0 0.4578018229166666 0.4794638888888889 0.011221354166666645 0.015255555555555503
0 0.5432864583333334 0.47300925925925924 0.010562499999999985 0.014081481481481454
0 0.8020416666666667 0.5375523148148148 0.010562499999999985 0.014082407407407358
0 0.7739895833333333 0.5181893518518519 0.008583333333333342 0.012908333333333362
0 0.780921875 0.5334453703703704 0.01584374999999992 0.015255555555555555
0 0.8885156249999999 0.7845763888888889 0.010562499999999985 0.019949074074074036
0 0.7020390624999999 0.5070412037037036 0.01122395833333331 0.014082407407407358
0 0.7135911458333334 0.51995 0.011880208333333305 0.01173518518518527
0 0.6957682291666667 0.5187763888888889 0.00792187500000002 0.014082407407407464
3 0.8997369791666666 0.7869231481481481 0.04356770833333326 0.069237037037037
3 0.7862005208333334 0.5252305555555556 0.047526041666666664 0.05750185185185183
3 0.708640625 0.5099750000000001 0.037625000000000006 0.05046111111111116
3 0.46011197916666663 0.4659680555555556 0.033005208333333334 0.05867499999999998
3 0.29475729166666664 0.5422462962962963 0.03498541666666668 0.05867592592592593
3 0.5792604166666666 0.46420833333333333 0.037625000000000006 0.069237037037037
3 0.5413046875 0.4583407407407407 0.03168229166666669 0.050461111111111054
