0 0.9947916666666666 0.37971481481481484 0.010562500000000105 0.0504611111111111
1 0.9789505208333333 0.34744351851851857 0.018484375000000004 0.016429629629629603
0 0.9772994791666666 0.36387268518518523 0.005942708333333257 0.01877685185185185
0 0.9796119791666666 0.380888425925926 0.00792187500000002 0.036378703703703746
0 0.9581562499999999 0.3709138888888889 0.013864583333333395 0.04694074074074077
4 0.9720208333333333 0.3943842592592593 0.06931249999999996 0.11500370370370366
0 0.8502291666666667 0.4190277777777778 0.01584375000000004 0.016429629629629655
2 0.8591432291666666 0.40377222222222225 0.036307291666666686 0.06102222222222222
0 0.27132369791666666 0.5645430555555556 0.011881770833333298 0.016428703703703647
0 0.42743697916666673 0.5076277777777779 0.008581249999999999 0.01760185185185195
0 0.41687552083333335 0.5252305555555556 0.012541666666666687 0.015255555555555555
0 0.5703489583333334 0.5768648148148148 0.013197916666666623 0.015255555555555555
0 0.5756302083333333 0.5886 0.010562499999999985 0.017601851851851844
0 0.5462552083333333 0.5844930555555556 0.01782291666666668 0.021123148148148137
0 0.47397421874999995 0.5956407407407407 0.01716302083333332 0.015255555555555555
0 0.4795848958333333 0.6091365740740742 0.011221875000000025 0.01642870370370375
0 0.4564817708333333 0.6067893518518519 0.008581249999999999 0.016428703703703647
0 0.6495598958333334 0.5997486111111111 0.01716145833333336 0.01642870370370375
0 0.6317395833333334 0.5839060185185185 0.009239583333333337 0.01760277777777775
0 0.6974166666666667 0.9453472222222222 0.012541666666666628 0.022305555555555585
0 0.7112786458333333 0.9629490740740743 0.019140625 0.017601851851851844
0 0.6234869791666666 0.5510476851851852 0.013859375000000066 0.01525648148148146
0 0.7888411458333332 0.9013402777777778 0.01716145833333336 0.021123148148148137
0 0.48981640625 0.5445935185185186 0.011881770833333328 0.016429629629629655
3 0.48849635416666665 0.5129087962962964 0.05280833333333336 0.09153425925925929
3 0.5574765625 0.5639560185185185 0.054786458333333364 0.09505462962962963
3 0.6300885416666666 0.5363787037037037 0.03894791666666665 0.06102222222222222
3 0.6459296875 0.578625 0.04554687500000002 0.06571666666666671
3 0.7901614583333334 0.8854981481481482 0.04753125 0.07158333333333339
3 0.7096302083333333 0.9424120370370371 0.04488541666666658 0.06571296296296289
3 0.47034374999999995 0.5927074074074075 0.045546874999999966 0.06571666666666671
3 0.41852578125 0.5082148148148149 0.03960572916666667 0.06571666666666671
3 0.27495416666666667 0.5457666666666667 0.03894583333333331 0.0657166666666666
