0 0.8591432291666666 0.17317731481481483 0.015182291666666714 0.07393055555555555
1 0.8314192708333332 0.13093101851851854 0.0257447916666667 0.019949074074074064
0 0.8324088541666667 0.1766976851851852 0.00792187500000002 0.06688981481481483
0 0.8040234374999999 0.17552453703703705 0.01583854166666671 0.07627870370370371
4 0.8304270833333334 0.20251527777777778 0.11221875000000002 0.167812037037037
0 0.4535111979166667 0.31693240740740747 0.029044270833333326 0.023470370370370384
2 0.4578018229166666 0.29052824074074074 0.05082760416666669 0.10209537037037035
0 0.6861953125 0.8233023148148149 0.029703124999999986 0.02229722222222224
0 0.6858671875 0.8514662037037037 0.022442708333333408 0.024643518518518526
0 0.4617622395833333 0.9312657407407409 0.029704687500000007 0.02933888888888892
0 0.4218263020833333 0.913075925925926 0.011881770833333328 0.023470370370370437
0 0.41258515625 0.9359587962962963 0.011881770833333387 0.02698981481481492
0 0.5376744791666667 0.5715842592592593 0.027067708333333287 0.018775925925925946
0 0.5459244791666666 0.5974013888888889 0.023765625000000058 0.025817592592592628
0 0.507309375 0.5844925925925926 0.02178333333333337 0.023470370370370437
0 0.4561515625 0.9940462962962965 0.021122916666666686 0.016425925925925934
0 0.41720546875 0.981138888888889 0.015842187500000014 0.028166666666666524
0 0.539984375 0.9001671296296296 0.01452083333333333 0.025817592592592524
0 0.5393255208333334 0.8661351851851852 0.01716145833333336 0.016429629629629655
0 0.5040088541666666 0.9066212962962963 0.01782291666666668 0.02464444444444443
0 0.8822447916666666 0.39790416666666667 0.019145833333333327 0.021123148148148137
3 0.5251307291666667 0.5704106481481481 0.09307187499999993 0.11031018518518518
3 0.877953125 0.3791282407407407 0.06072916666666674 0.0868398148148148
3 0.6885052083333333 0.8221287037037037 0.06996874999999995 0.11617777777777777
3 0.5287624999999999 0.8772814814814814 0.07789166666666668 0.11382592592592584
3 0.45285078125 0.8819787037037038 0.09637447916666672 0.15607962962962957
3 0.43931875 0.9635370370370372 0.08251249999999999 0.10796296296296298
