0 0.7307526041666667 0.5398990740740741 0.018484375000000004 0.018775925925925946
0 0.6987369791666667 0.5481138888888889 0.015182291666666714 0.02581666666666662
0 0.21554505208333333 0.4419115740740741 0.009901562499999983 0.01760277777777775
0 0.19970286458333333 0.47535601851851855 0.013861979166666672 0.014082407407407464
0 0.8363671875 0.41022685185185187 0.00792187500000002 0.015255555555555555
0 0.8287760416666666 0.3943842592592593 0.012541666666666628 0.016429629629629655
0 0.8076536458333334 0.42137500000000006 0.013859374999999948 0.016429629629629603
0 0.6380104166666667 0.5457671296296296 0.012541666666666628 0.016428703703703647
0 0.6201875 0.5393125 0.008583333333333342 0.01760277777777775
0 0.6195260416666667 0.4618611111111111 0.005937500000000047 0.015255555555555555
0 0.591140625 0.4724226851851852 0.017822916666666563 0.01760277777777775
0 0.9545260416666667 0.4653814814814815 0.011885416666666633 0.015255555555555555
0 0.9611276041666666 0.4829837962962963 0.0145260416666666 0.017602777777777853
0 0.27957473958333334 0.7892703703703704 0.013861979166666672 0.022296296296296335
0 0.242609375 0.795137962962963 0.011221875000000025 0.019950000000000048
0 0.6753046875000001 0.5105615740740741 0.011880208333333305 0.01642870370370375
0 0.9634375000000001 0.25708333333333333 0.021781249999999967 0.016429629629629603
2 0.9621171875 0.25825694444444447 0.029703124999999986 0.07510462962962963
3 0.26637265625 0.7305949074074074 0.0811921875 0.2053638888888889
3 0.20300338541666665 0.4518861111111111 0.04818697916666667 0.07041111111111109
3 0.5937812499999999 0.43428333333333335 0.05742708333333333 0.11500370370370377
3 0.6333880208333333 0.5398995370370371 0.052151041666666724 0.07510462962962969
3 0.7215104166666667 0.5041074074074074 0.06601041666666667 0.13964814814814816
3 0.8182161458333332 0.40142546296296294 0.052151041666666606 0.07510462962962963
3 0.6924661458333333 0.47887685185185186 0.06732812499999999 0.12204444444444444
3 0.9637682291666666 0.4765296296296297 0.05017187499999996 0.07979814814814822
