2 0.18881119791666665 0.3574185185185185 0.062049479166666664 0.1373
0 0.6921354166666667 0.6214583333333333 0.023104166666666613 0.02464444444444443
0 0.6416380208333334 0.5745180555555556 0.02376562499999994 0.01760277777777775
0 0.6475781249999999 0.6050291666666667 0.025083333333333374 0.029337962962962913
0 0.7373541666666666 0.5017601851851853 0.011885416666666752 0.022296296296296335
0 0.6908177083333332 0.4730092592592593 0.012541666666666748 0.016429629629629603
0 0.7036874999999999 0.49706666666666666 0.02112499999999997 0.026990740740740825
0 0.32182135416666663 0.12682361111111112 0.015182291666666655 0.02112314814814815
0 0.05316067708333333 0.6543166666666668 0.009901562499999997 0.03168518518518521
3 0.35449609374999996 0.2259851851851852 0.07657135416666663 0.10678888888888892
3 0.010584114583333333 0.616177314814815 0.10033489583333333 0.23000833333333334
3 0.7109505208333333 0.48357083333333334 0.07789062499999998 0.11031018518518512
3 0.6637552083333333 0.5897736111111112 0.10363541666666667 0.12556574074074073
3 0.30696901041666663 0.10394013888888888 0.062049479166666664 0.08566601851851852
