0 0.08649557291666668 0.5739314814814815 0.014522395833333339 0.018775925925925946
0 0.09870755208333334 0.578038425925926 0.02310364583333334 0.01525648148148146
0 0.15580598958333336 0.6507962962962963 0.007921354166666669 0.0692370370370371
0 0.09804739583333331 0.6161777777777778 0.01650208333333333 0.05867592592592593
0 0.08154505208333335 0.6238055555555556 0.009901562499999997 0.050461111111111054
0 0.05613098958333333 0.6736796296296297 0.00924114583333333 0.07275740740740749
0 0.10497838541666667 0.6590106481481482 0.025083854166666666 0.02229722222222224
4 0.10563859375 0.6402342592592593 0.11089677083333331 0.15842407407407405
2 0.31489010416666663 0.5985745370370371 0.03960624999999999 0.08683981481481486
0 0.11256953125 0.4008384259259259 0.01782239583333333 0.01994907407407409
0 0.5875130208333333 0.48063703703703703 0.011880208333333423 0.017601851851851792
0 0.5627578124999999 0.48533101851851856 0.013859374999999948 0.019949074074074036
0 0.44922031249999994 0.6320199074074074 0.015182291666666655 0.019949074074074143
0 0.25911171875 0.7927907407407407 0.01782239583333336 0.022296296296296335
0 0.21884557291666665 0.7892703703703704 0.009901562500000013 0.022296296296296335
0 0.37726953125 0.8127407407407408 0.023103645833333353 0.02229629629629623
0 0.3584567708333333 0.7939643518518519 0.01320208333333331 0.019949074074074143
0 0.34921536458333335 0.8080467592592593 0.010561979166666664 0.024643518518518526
0 0.8274557291666668 0.43839074074074075 0.009901041666666662 0.017601851851851844
0 0.8192057291666667 0.45188611111111116 0.01583854166666659 0.018775925925925894
3 0.25020052083333333 0.7652134259259259 0.08053229166666667 0.13378055555555562
3 0.37495911458333336 0.795724537037037 0.06600989583333335 0.09153425925925934
3 0.5710104166666666 0.46831527777777776 0.05544791666666669 0.06806388888888885
3 0.8162369791666667 0.43839074074074075 0.04554687500000002 0.06689074074074076
3 0.4518609375 0.6097231481481481 0.04818749999999999 0.08097222222222226
3 0.11355989583333334 0.38382222222222223 0.050167708333333345 0.06571666666666666
