0 0.08517552083333332 0.5222967592592593 0.02376354166666667 0.01877685185185185
0 0.07164348958333333 0.5170157407407407 0.012542187500000001 0.022296296296296335
0 0.14260416666666667 0.5803856481481482 0.007920833333333318 0.043419444444444476
0 0.08385520833333333 0.5575018518518519 0.015842708333333337 0.06102222222222222
0 0.06768307291666667 0.5663032407407408 0.009901562499999997 0.04811388888888896
0 0.041278880208333334 0.616177314814815 0.00990151041666667 0.0704101851851852
0 0.09045651041666666 0.598574537037037 0.025083854166666666 0.021123148148148137
4 0.09111635416666666 0.5809722222222223 0.11353708333333334 0.16194444444444442
2 0.2997078125 0.539899074074074 0.040926041666666656 0.08918703703703704
0 0.4082942708333333 0.4248953703703704 0.009901041666666662 0.016429629629629655
0 0.9380234375000001 0.676613425925926 0.01320312500000007 0.02229722222222224
0 0.9254817708333334 0.7041912037037037 0.018484375000000004 0.021123148148148137
0 0.2310575520833333 0.7393958333333333 0.01848281250000001 0.021123148148148137
0 0.5941119791666666 0.5445935185185186 0.006598958333333371 0.01877592592592584
0 0.57496875 0.5621962962962963 0.01584375000000004 0.018775925925925946
3 0.39476223958333334 0.41785462962962966 0.042246354166666694 0.06571666666666666
3 0.9228411458333333 0.6842412037037038 0.05676562500000001 0.08683981481481486
3 0.5769505208333333 0.5393125 0.042244791666666615 0.07158425925925929
3 0.22874713541666666 0.7141657407407408 0.07195052083333332 0.1396481481481481
