0 0.08517526041666666 0.5134953703703704 0.011881770833333341 0.022296296296296335
0 0.10002786458333332 0.520536574074074 0.0244234375 0.01760277777777775
0 0.15646614583333332 0.5856662037037037 0.006601041666666685 0.05632870370370374
0 0.09738723958333333 0.5563282407407407 0.013861979166666672 0.05632870370370363
0 0.08220494791666667 0.5651300925925926 0.009901562499999997 0.05280833333333335
0 0.055140937499999994 0.6138305555555555 0.009901458333333335 0.068062962962963
0 0.10464843750000001 0.5968148148148148 0.023103125000000002 0.022296296296296335
4 0.10431848958333333 0.5827324074074074 0.1122171875 0.1631185185185184
2 0.31489010416666663 0.539899074074074 0.03960624999999999 0.08918703703703704
0 0.18155000000000002 0.4554064814814815 0.021122916666666658 0.018775925925925946
0 0.1759390625 0.4735962962962963 0.015182291666666655 0.01994999999999994
0 0.9396744791666666 0.7388097222222222 0.017817708333333352 0.01760277777777775
0 0.9211901041666666 0.7147523148148148 0.015182291666666714 0.02816388888888881
0 0.9109609375000001 0.7300078703703704 0.011880208333333305 0.021123148148148245
0 0.8697031249999999 0.6930425925925926 0.012541666666666628 0.019950000000000048
0 0.8366979166666667 0.6654652777777779 0.013864583333333276 0.021123148148148137
0 0.8403307291666666 0.6953893518518519 0.01716145833333336 0.019949074074074036
0 0.24326953124999998 0.7382226851851853 0.020463020833333328 0.021123148148148137
0 0.5442760416666667 0.569237037037037 0.013864583333333276 0.018775925925925946
0 0.519521875 0.5774518518518519 0.01188333333333335 0.018775925925925946
3 0.9337317708333333 0.7182731481481481 0.06139062500000006 0.08449259259259255
3 0.8475885416666666 0.678373611111111 0.06072916666666674 0.08918611111111113
3 0.2412890625 0.7071250000000001 0.06799062500000001 0.13495370370370371
3 0.18848098958333334 0.45247268518518513 0.05346822916666669 0.07393055555555553
3 0.5323927083333333 0.5610226851851853 0.0547875 0.08214537037037035
