0 0.13699322916666665 0.5657166666666666 0.012541666666666673 0.023470370370370437
0 0.15118541666666668 0.5715842592592593 0.02244374999999999 0.018775925925925946
0 0.2069640625 0.6449287037037037 0.008581249999999999 0.069237037037037
0 0.14887526041666668 0.6079629629629629 0.016502604166666667 0.05867592592592593
0 0.13435286458333331 0.617350925925926 0.007260937500000001 0.04928703703703705
0 0.10629869791666667 0.6666384259259259 0.00924114583333333 0.07510462962962958
0 0.1544859375 0.6502097222222223 0.02244374999999999 0.021123148148148137
4 0.15580625 0.6320199074074074 0.11089687499999998 0.16077129629629633
2 0.36208723958333333 0.5950541666666667 0.04026614583333335 0.09388055555555563
0 0.44592005208333335 0.7804689814814816 0.013861979166666672 0.023469444444444532
0 0.41621536458333336 0.7822291666666668 0.013861979166666672 0.019949074074074143
0 0.9508958333333334 0.7335282407407406 0.016499999999999914 0.021123148148148137
0 0.9248203125 0.7000837962962964 0.013203124999999953 0.012908333333333362
0 0.9221822916666668 0.7194467592592594 0.013197916666666623 0.021123148148148137
0 0.23567812499999996 0.5821458333333334 0.01320208333333334 0.01877685185185185
0 0.216865625 0.5709976851851852 0.015182291666666655 0.01760277777777775
0 0.21026432291666666 0.5891865740740742 0.012542187500000008 0.021123148148148137
0 0.29277708333333335 0.7916175925925927 0.015182291666666655 0.019950000000000048
0 0.8538619791666666 0.4747699074074074 0.013859375000000066 0.01760277777777775
0 0.8357083333333333 0.4542333333333334 0.013197916666666623 0.018775925925925946
0 0.8281171875000001 0.4712490740740741 0.009901041666666662 0.022296296296296335
0 0.5541770833333333 0.5416597222222223 0.013864583333333276 0.019949074074074036
0 0.5281015625 0.5393125 0.011880208333333305 0.019949074074074143
3 0.9376927083333333 0.7135791666666667 0.06270833333333325 0.07979907407407406
3 0.8452786458333333 0.4606875 0.054786458333333364 0.07862500000000003
3 0.5432841145833333 0.5246435185185185 0.058088020833333275 0.07745185185185177
3 0.4307375 0.7675606481481482 0.06534999999999999 0.07979907407407406
3 0.29046640625000003 0.7628666666666667 0.06997031249999998 0.13143333333333332
3 0.22610677083333333 0.5709972222222223 0.05610833333333331 0.08097222222222226
