0 0.35053541666666665 0.618524537037037 0.02640416666666668 0.01877685185185185
0 0.32215130208333337 0.6302597222222222 0.015842187500000014 0.03051203703703712
0 0.3409643229166666 0.6408212962962964 0.033665104166666696 0.025816666666666724
0 0.4274372395833333 0.7229666666666666 0.007260937500000016 0.07275740740740738
0 0.37165859375 0.6795472222222223 0.014522395833333293 0.05867592592592593
0 0.34327447916666665 0.686588425925926 0.017162499999999997 0.06806388888888891
0 0.32017109374999997 0.7094712962962963 0.00924114583333336 0.069237037037037
0 0.2782546875 0.8080462962962964 0.015182291666666655 0.08097222222222217
0 0.3554864583333333 0.7540648148148149 0.03234479166666671 0.0340314814814815
4 0.3485552083333333 0.734701851851852 0.16634479166666666 0.25817222222222214
0 0.6119348958333333 0.6155907407407407 0.026401041666666694 0.022296296296296335
2 0.6089661458333334 0.6073763888888889 0.03498437499999992 0.10913611111111109
0 0.4894864583333333 0.4190277777777778 0.007261458333333337 0.009388888888888877
0 0.6518723958333332 0.5968143518518519 0.01122395833333331 0.017602777777777853
0 0.47199375000000005 0.4008384259259259 0.006601041666666714 0.01290833333333331
0 0.4607721354166667 0.3949708333333333 0.009241145833333301 0.01056203703703702
0 0.5769505208333333 0.38675601851851854 0.011880208333333423 0.01056203703703702
0 0.5805807291666667 0.3996648148148148 0.009901041666666662 0.012909259259259266
0 0.5644062499999999 0.392037037037037 0.009239583333333337 0.014081481481481507
0 0.7459348958333333 0.46303472222222225 0.011880208333333305 0.01290833333333331
3 0.49410703125 0.40963935185185185 0.020463020833333328 0.03285833333333336
3 0.6340468749999999 0.9523870370370371 0.1392812499999999 0.1725037037037037
3 0.6386692708333332 0.5815587962962963 0.046869791666666674 0.07862500000000007
3 0.749234375 0.44308472222222217 0.040927083333333295 0.06923796296296296
3 0.572 0.3885166666666667 0.03894791666666677 0.04928703703703705
3 0.4673731770833333 0.3949708333333333 0.027724479166666663 0.04107314814814813
