0 0.4218263020833333 0.5481138888888889 0.022443229166666672 0.016429629629629655
0 0.39443229166666666 0.558675462962963 0.015182291666666655 0.02816388888888892
0 0.41390520833333333 0.5680638888888889 0.03036458333333331 0.023470370370370332
0 0.49113671875000003 0.6549037037037038 0.005280729166666671 0.06571666666666671
0 0.4393190104166667 0.6091365740740742 0.012542187500000008 0.058675000000000026
0 0.41456510416666664 0.6132435185185185 0.019803125000000026 0.0692370370370371
0 0.39245208333333337 0.6296726851851852 0.008581249999999999 0.06454351851851851
0 0.35284609375000003 0.7124055555555556 0.013861979166666672 0.07275740740740738
0 0.42314661458333336 0.6748532407407407 0.03168489583333335 0.025817592592592628
4 0.41885598958333337 0.6537300925925926 0.15116302083333336 0.237049074074074
0 0.6756354166666667 0.5768648148148149 0.028385416666666666 0.02229629629629623
2 0.6756354166666666 0.5680634259259258 0.037625000000000006 0.11265648148148147
0 0.5274401041666666 0.36621944444444443 0.00792187499999996 0.011735185185185166
0 0.5142403645833333 0.36387314814814814 0.007921354166666698 0.011735185185185166
0 0.7944505208333332 0.4119870370370371 0.009901041666666662 0.011735185185185218
0 0.6528619791666666 0.3538976851851852 0.009244791666666667 0.012908333333333362
0 0.6366901041666667 0.3468564814814815 0.009901041666666662 0.015255555555555555
0 0.9109609375000001 0.43780416666666666 0.011880208333333305 0.014082407407407412
3 0.6921380208333333 0.9330240740740741 0.1577656249999999 0.21122962962962968
3 0.6422994791666667 0.34098935185185186 0.03696354166666668 0.05515462962962964
3 0.5244705729166667 0.3568319444444445 0.02838177083333336 0.04459351851851852
3 0.7941249999999999 0.401425 0.03036458333333331 0.04928703703703705
3 0.9093098958333333 0.4172675925925926 0.054786458333333364 0.069237037037037
