0 0.7149114583333334 0.3626990740740741 0.005281250000000052 0.016429629629629603
4 0.7192005208333333 0.3673935185185185 0.021786458333333297 0.035205555555555545
0 0.40565390625 0.8585074074074074 0.029704687499999948 0.02464444444444443
2 0.6842161458333335 0.3738476851851852 0.013859374999999948 0.024643518518518526
2 0.40301328124999997 0.8438388888888889 0.046867187500000004 0.138474074074074
0 0.7634270833333333 0.46714166666666673 0.01121874999999998 0.00938888888888893
0 0.7637578125 0.47653009259259266 0.00792187500000002 0.00938796296296292
0 0.29079661458333333 0.5487009259259259 0.0165026041666667 0.015255555555555555
0 0.292446875 0.5627824074074075 0.01320208333333337 0.015255555555555555
0 0.2703333333333333 0.5651296296296295 0.011221874999999996 0.015255555555555555
0 0.019495572916666665 0.6830675925925925 0.015182291666666667 0.018775925925925946
0 0.03104731770833333 0.7018435185185186 0.01980296875 0.018775925925925946
0 0.8231666666666667 0.5258175925925926 0.009239583333333337 0.011735185185185166
0 0.807984375 0.5176023148148149 0.010562499999999985 0.009387962962962973
0 0.8053437500000001 0.5264041666666667 0.009239583333333337 0.010562037037037073
0 0.7650781249999999 0.6625314814814816 0.011885416666666633 0.015255555555555555
0 0.7452734375 0.647275925925926 0.00792187500000002 0.015255555555555555
0 0.8225078124999999 0.4031851851851852 0.00792187500000002 0.008214814814814776
0 0.8119453124999999 0.40142546296296294 0.00792187500000002 0.00938796296296292
0 0.7805911458333334 0.39321064814814816 0.01122395833333331 0.007041666666666684
0 0.7789401041666667 0.39966481481481486 0.00792187500000002 0.008214814814814828
0 0.6284375 0.4947189814814815 0.0066041666666667 0.012908333333333362
0 0.6106145833333334 0.4964796296296296 0.00791666666666669 0.011735185185185166
0 0.7165598958333333 0.4378041666666667 0.008578125000000015 0.009387962962962973
3 0.7132604166666667 0.43310972222222227 0.02310416666666673 0.028163888888888867
3 0.0330275 0.6807208333333333 0.055448124999999994 0.06336944444444452
3 0.281225 0.5492874999999999 0.04752708333333331 0.0704101851851852
3 0.8178880208333333 0.3984916666666667 0.022442708333333408 0.026990740740740773
3 0.78125 0.3926236111111111 0.019145833333333445 0.029337962962962965
3 0.7601276041666666 0.4665550925925926 0.023098958333333287 0.03637870370370369
3 0.8159036458333332 0.5111486111111111 0.03828645833333333 0.05515462962962964
3 0.7571588541666666 0.6461018518518519 0.04356770833333326 0.05750185185185183
3 0.6162265625 0.479463425925926 0.036307291666666686 0.05515462962962969
