0 0.8284479166666666 0.39027638888888894 0.018479166666666557 0.0176027777777778
2 0.8271276041666666 0.37032731481481485 0.027723958333333344 0.06454351851851851
0 0.5845416666666667 0.5721712962962963 0.013864583333333395 0.015255555555555555
0 0.6033541666666666 0.5651300925925926 0.0066041666666667 0.01760277777777775
0 0.5947734375 0.7828157407407408 0.011880208333333305 0.018775925925925946
0 0.5845390625 0.8103935185185186 0.015182291666666714 0.019950000000000048
0 0.5611067708333334 0.7980717592592593 0.006598958333333371 0.01877685185185185
0 0.5954322916666667 0.735288888888889 0.009239583333333337 0.015255555555555555
0 0.6086328124999999 0.7517180555555556 0.018484375000000004 0.01760277777777775
0 0.6921354166666667 0.8954731481481482 0.012541666666666748 0.018775925925925946
0 0.751875 0.5387259259259259 0.019802083333333324 0.011735185185185166
0 0.7515468749999998 0.5539814814814814 0.01782291666666668 0.016429629629629655
0 0.7363645833333333 0.5404861111111111 0.008583333333333342 0.017601851851851844
3 0.35416614583333333 0.5850796296296297 0.049507291666666654 0.12087222222222226
3 0.7040182291666668 0.8978208333333334 0.04554687500000002 0.06102500000000004
3 0.5894895833333333 0.5569152777777777 0.040927083333333295 0.06454351851851851
3 0.7512161458333333 0.5369657407407408 0.04356770833333338 0.06219629629629632
3 0.6122630208333334 0.7276606481481482 0.05610937500000001 0.09857500000000001
3 0.579921875 0.7892703703703704 0.04818749999999999 0.07862592592592597
