0 0.837359375 0.3269074074074074 0.01782291666666668 0.09270740740740743
1 0.8033645833333334 0.2764462962962963 0.03036458333333331 0.022296296296296283
0 0.8050130208333334 0.332187962962963 0.00990104166666678 0.07745185185185183
0 0.7716796875 0.3310148148148148 0.017161458333333237 0.08918703703703704
4 0.8030338541666667 0.36269953703703706 0.13531770833333331 0.2018435185185185
0 0.5135791666666667 0.4671416666666667 0.030362500000000025 0.02581666666666662
2 0.5000471354166667 0.4389777777777778 0.05742656250000001 0.12673888888888887
0 0.43403802083333337 0.5064541666666666 0.017822916666666622 0.029337962962962913
0 0.39179166666666665 0.5082143518518518 0.015182291666666714 0.025817592592592628
0 0.5442760416666667 0.6419949074074074 0.017822916666666563 0.02816388888888892
0 0.5020283854166666 0.6261523148148148 0.013861979166666672 0.029337962962962913
0 0.48222526041666663 0.6637046296296297 0.020463020833333387 0.02464444444444443
0 0.4403091145833333 0.647862037037037 0.01320156249999999 0.03051111111111111
0 0.6244765624999999 0.7517175925925926 0.021119791666666644 0.02699074074074072
0 0.5931223958333334 0.7388092592592592 0.009901041666666662 0.02699074074074072
0 0.46077239583333335 0.8121537037037038 0.01320208333333331 0.028164814814814823
0 0.39707265625 0.7816425925925926 0.01650260416666664 0.025816666666666724
0 0.413575 0.8115666666666667 0.03234479166666665 0.02699074074074072
3 0.4148953125 0.48767824074074073 0.09307395833333333 0.118525
3 0.5284330729166666 0.6155907407407407 0.08515468749999998 0.12321851851851855
3 0.46473281250000004 0.6290865740740741 0.08845312500000002 0.12908611111111112
3 0.6162239583333333 0.7235537037037038 0.0785520833333333 0.12321851851851855
3 0.4251268229166667 0.7904439814814814 0.10561614583333334 0.13260648148148152
