0 0.6353697916666666 0.3803018518518519 0.01782291666666668 0.011735185185185166
0 0.6670546875 0.45892731481481486 0.004619791666666729 0.021123148148148137
0 0.6479114583333333 0.4155074074074075 0.007260416666666695 0.035205555555555545
0 0.6363567708333333 0.420787962962963 0.00792187500000002 0.022296296296296283
0 0.5970807291666667 0.4483652777777778 0.00461979166666661 0.02112314814814819
0 0.6333880208333333 0.43721712962962966 0.01650520833333336 0.01760277777777775
4 0.6333906250000001 0.42665555555555557 0.0785520833333333 0.11148333333333338
0 0.8489114583333333 0.7382226851851852 0.010562499999999985 0.01877685185185185
0 0.8419817708333334 0.7569990740740741 0.015182291666666714 0.018775925925925946
0 0.5802499999999999 0.5046939814814816 0.010562499999999985 0.014082407407407358
0 0.41258515625 0.4554064814814815 0.018482812500000043 0.016429629629629655
0 0.08187499999999999 0.9095550925925926 0.011882291666666663 0.01877685185185185
0 0.07131328124999999 0.9324365740740742 0.018482812499999998 0.022293518518518518
0 0.04721966145833333 0.9306763888888889 0.009901302083333337 0.01642500000000003
3 0.8409895833333332 0.7440898148148148 0.04753125 0.07745185185185188
3 0.06768289062499999 0.9154226851851852 0.05478838541666667 0.07745092592592598
3 0.40961458333333334 0.43721712962962966 0.04158645833333333 0.08331944444444446
3 0.5677083333333334 0.47887685185185186 0.06601041666666656 0.09388148148148154
3 0.44790026041666664 0.4360435185185186 0.05478802083333338 0.10678888888888884
