0 0.5502161458333333 0.41140000000000004 0.01650520833333336 0.015255555555555555
0 0.5832213541666665 0.4917856481481482 0.005942708333333376 0.021123148148148137
0 0.5637473958333333 0.44543148148148154 0.009244791666666667 0.03872592592592594
0 0.5512057291666667 0.4512990740740741 0.006598958333333371 0.019949999999999992
0 0.5112697916666666 0.4812236111111111 0.004620833333333311 0.02112314814814819
0 0.548234375 0.4694888888888889 0.01782291666666668 0.016429629629629603
4 0.54790546875 0.45716712962962963 0.08053281249999997 0.11383055555555552
0 0.5746380208333334 0.8268226851851852 0.015182291666666714 0.017602777777777853
0 0.4224861979166667 0.4606875 0.011881770833333328 0.01056203703703702
0 0.39311197916666674 0.4536462962962963 0.008581249999999999 0.017601851851851844
0 0.28056510416666663 0.8866717592592593 0.01320208333333337 0.022297222222222135
0 0.259771875 0.8778703703703703 0.01782291666666665 0.014081481481481454
0 0.2541609375 0.8954731481481482 0.010561458333333313 0.01642962962962955
0 0.6456015625 0.5082148148148148 0.006598958333333371 0.018775925925925946
0 0.631078125 0.5152555555555556 0.013197916666666623 0.01642962962962955
0 0.33304296875 0.5088013888888889 0.013861979166666672 0.01760277777777775
0 0.3152200520833333 0.5005865740740741 0.007260937500000016 0.01760277777777775
0 0.28287526041666666 0.5041074074074073 0.011221354166666704 0.01994999999999994
0 0.26901328125 0.49413240740740744 0.01650260416666664 0.01642962962962955
0 0.26472265624999997 0.5082143518518518 0.011881770833333328 0.014082407407407358
0 0.24888020833333335 0.5105615740740741 0.009241666666666652 0.014082407407407358
3 0.26670286458333337 0.8743500000000001 0.06336927083333332 0.07745185185185177
3 0.5779401041666666 0.8133273148148149 0.049505208333333425 0.07275833333333329
3 0.6350390625000001 0.4982398148148148 0.03696354166666668 0.06219629629629627
3 0.41423515625 0.44191111111111114 0.060069270833333376 0.08566666666666665
3 0.3274322916666667 0.479463425925926 0.05412812500000002 0.09740092592592596
3 0.27495416666666667 0.49413240740740744 0.040265625 0.05867592592592588
3 0.23204765624999998 0.48533101851851856 0.04422656249999998 0.08566574074074075
