0 0.2808950520833333 0.21072962962962963 0.027064062499999982 0.017601851851851844
0 0.3455846354166667 0.3362953703703704 0.007260937500000016 0.02464444444444443
0 0.30564895833333333 0.2670578703703704 0.010561458333333343 0.059849074074074075
0 0.259771875 0.2652976851851852 0.009901041666666662 0.05163425925925925
0 0.28155520833333336 0.2834875 0.011221875000000025 0.02229722222222224
0 0.2835354166666666 0.31047824074074076 0.028384374999999965 0.024643518518518526
4 0.28320520833333335 0.28642129629629637 0.13466041666666667 0.1854148148148148
0 0.09243645833333333 0.34861712962962965 0.019803124999999994 0.01877685185185185
0 0.6033541666666666 0.6989097222222223 0.013197916666666623 0.024643518518518526
0 0.6281067708333334 0.7247273148148149 0.021786458333333415 0.01760277777777775
0 0.5927916666666666 0.715925925925926 0.013197916666666623 0.023470370370370437
0 0.16768802083333334 0.7646268518518519 0.023763541666666655 0.02699074074074072
3 0.6218385416666665 0.6977365740740741 0.08053125000000005 0.11148425925925917
3 0.080884765625 0.2881814814814815 0.10099505208333333 0.19362962962962965
3 0.168678125 0.6983231481481482 0.099675 0.2112314814814815
3 0.004643333333333333 0.33394814814814816 0.08845333333333333 0.14668888888888887
