4 0.42116718750000004 0.4929587962962963 0.2495197916666667 0.3497064814814815
0 0.45516119791666665 0.3392291666666667 0.027064062499999982 0.03520462962962959
0 0.3072989583333333 0.5856662037037037 0.011221875000000025 0.030512037037037015
0 0.43139791666666666 0.48533101851851856 0.019142708333333282 0.04107314814814813
0 0.4716640625 0.4589273148148148 0.015182291666666655 0.11031018518518512
0 0.5363541666666667 0.6138305555555555 0.01121874999999998 0.03051111111111111
0 0.4251268229166667 0.5410731481481482 0.04884739583333329 0.042246296296296275
3 0.44691015624999997 0.7675601851851852 0.11353697916666666 0.2088851851851852
3 0.6868567708333333 0.6455152777777778 0.13664062500000007 0.19949722222222221
3 0.9228411458333333 0.12271625 0.10297395833333335 0.1326063888888889
0 0.631078125 0.8984069444444445 0.0448854166666667 0.043419444444444476
0 0.4488903645833333 0.8268226851851852 0.03300468750000001 0.03403240740740741
0 0.3960822916666667 0.785162962962963 0.01320208333333337 0.039900000000000095
0 0.6545104166666665 0.6466888888888889 0.023104166666666613 0.028164814814814823
0 0.7324036458333333 0.6918689814814815 0.01650520833333336 0.041073148148148185
0 0.6700260416666666 0.6906958333333334 0.03036458333333331 0.03637870370370369
0 0.5261231770833333 0.7886837962962963 0.01980572916666669 0.03989907407407408
0 0.9535364583333333 0.14559953703703704 0.02310416666666673 0.03285833333333336
3 0.5310716145833333 0.7869231481481481 0.07590885416666666 0.09974814814814811
3 0.5809114583333332 0.8056981481481482 0.1782291666666667 0.2945481481481482
