3 0.47694453125 0.5264041666666667 0.046867187500000004 0.07158425925925929
3 0.43403828124999994 0.5357921296296297 0.06006927083333332 0.10913611111111118
3 0.09639713541666665 0.7534782407407408 0.08317239583333333 0.15021018518518517
3 0.54493515625 0.5938810185185185 0.05610885416666675 0.10561574074074069
3 0.6492317708333334 0.5369652777777778 0.05082812499999995 0.0715842592592592
3 0.7637578125 0.6590106481481482 0.06204687500000006 0.08331944444444446
0 0.5581380208333333 0.6056157407407408 0.011223958333333428 0.01877592592592584
0 0.5459244791666668 0.6232185185185186 0.021119791666666644 0.018775925925925946
0 0.6386666666666667 0.5533949074074075 0.012541666666666628 0.012908333333333258
0 0.6630937499999999 0.5469407407407408 0.013864583333333395 0.018775925925925946
0 0.4445997395833333 0.5645430555555556 0.011221354166666645 0.016428703703703647
0 0.7538567708333334 0.657250462962963 0.010557291666666658 0.014082407407407358
0 0.7515468750000001 0.6742662037037037 0.013864583333333276 0.01760277777777775
0 0.7779505208333333 0.6807203703703704 0.015182291666666714 0.018775925925925946
0 0.06735286458333332 0.7863365740740741 0.011881770833333328 0.021123148148148137
0 0.10167812500000001 0.7880967592592593 0.017162499999999997 0.022297222222222135
0 0.46836328125 0.5275773148148148 0.011221354166666645 0.01760277777777775
0 0.48123515624999996 0.5434199074074073 0.015842187499999955 0.021123148148148137
2 0.6723333333333333 0.34275 0.03366666666666672 0.06571666666666666
0 0.6634218749999999 0.34450972222222226 0.01584375000000004 0.01994907407407409
4 1.0043645833333334 0.33629537037037033 0.06931250000000008 0.09974814814814816
0 0.9931432291666666 0.3163458333333333 0.015182291666666714 0.05280833333333335
