3 0.567046875 0.5287509259259259 0.06072916666666662 0.09740185185185192
3 0.8746536458333334 0.6683990740740741 0.0594114583333333 0.1044425925925926
3 0.743625 0.529337962962963 0.04818749999999999 0.07041111111111109
3 0.33469322916666666 0.5140819444444444 0.034324999999999994 0.058675000000000026
3 0.22676692708333335 0.7370495370370371 0.07723177083333335 0.14082129629629628
3 0.08847578125 0.4888518518518519 0.0726109375 0.09740185185185186
0 0.7343828124999999 0.5328583333333334 0.009901041666666662 0.016429629629629655
0 0.7482447916666667 0.5451800925925926 0.013864583333333395 0.01760277777777775
0 0.8904973958333334 0.6818944444444445 0.01320312500000007 0.023470370370370332
0 0.8819166666666668 0.7024305555555556 0.026406250000000023 0.02464444444444443
0 0.101678125 0.5041074074074073 0.013202083333333324 0.01994999999999994
0 0.1089390625 0.5170157407407407 0.013202083333333324 0.022296296296296335
0 0.07956458333333334 0.5217101851851852 0.021783333333333325 0.019950000000000048
0 0.19838255208333333 0.7716675925925927 0.011221354166666645 0.022296296296296335
0 0.23237786458333334 0.7734282407407408 0.015842187500000014 0.021123148148148137
2 0.7822421875000001 0.3351217592592593 0.03696354166666668 0.06454351851851857
0 0.7733281249999999 0.3368819444444444 0.016500000000000032 0.01877685185185185
