3 0.27594427083333334 0.4859180555555556 0.05280833333333333 0.08214537037037035
3 0.20234296875 0.6073759259259259 0.0640296875 0.11617777777777777
3 0.3904713541666666 0.5375523148148148 0.03894583333333331 0.05163425925925925
3 0.6518697916666667 0.4958930555555555 0.053468750000000044 0.08331944444444446
3 0.8168958333333334 0.549874537037037 0.03234374999999995 0.05984907407407403
3 0.8320807291666665 0.6549037037037038 0.04554687500000002 0.06571666666666671
0 0.8162369791666666 0.5516347222222222 0.019140625 0.014082407407407464
0 0.8152473958333334 0.5651300925925926 0.01320312500000007 0.01760277777777775
0 0.6574817708333334 0.5140819444444444 0.010557291666666658 0.014082407407407358
0 0.6333880208333333 0.5111486111111112 0.008578125000000015 0.017602777777777853
0 0.8211874999999998 0.6525564814814815 0.009239583333333337 0.016429629629629655
0 0.8287786458333334 0.6701587962962964 0.013859374999999948 0.01642870370370375
0 0.28782604166666664 0.49706620370370375 0.009241666666666681 0.01760277777777775
0 0.2940971354166667 0.5082143518518518 0.009901562500000042 0.021123148148148137
0 0.2696734375 0.5129083333333334 0.019142708333333314 0.018775925925925946
0 0.214225 0.6378875 0.009901041666666662 0.019949074074074143
0 0.19079140625 0.6455152777777778 0.01320156249999999 0.01642870370370375
