0 0.7484375 0.55 0.007291666666666667 0.020370370370370372
0 0.7236979166666666 0.5532407407407408 0.019270833333333334 0.01388888888888889
0 0.72109375 0.5731481481481482 0.019270833333333334 0.016666666666666666
0 0.5736979166666667 0.4513888888888889 0.0109375 0.019444444444444445
0 0.5515625 0.45555555555555555 0.011458333333333333 0.014814814814814815
0 0.5466145833333333 0.4398148148148148 0.008854166666666666 0.016666666666666666
0 0.03802083333333333 0.5166666666666667 0.01875 0.020370370370370372
0 0.00703125 0.5064814814814815 0.013020833333333334 0.016666666666666666
0 0.19973958333333333 0.8351851851851853 0.01614583333333333 0.020370370370370372
0 0.16458333333333333 0.8393518518518519 0.011458333333333333 0.025
0 0.69453125 0.5546296296296297 0.008854166666666666 0.018518518518518517
0 0.6630208333333333 0.5546296296296297 0.014583333333333334 0.016666666666666666
3 0.7302083333333333 0.5231481481481481 0.052083333333333336 0.1388888888888889
3 0.67578125 0.5287037037037037 0.0703125 0.12407407407407407
3 0.56171875 0.44953703703703707 0.049479166666666664 0.07685185185185185
3 0.18802083333333333 0.8027777777777778 0.084375 0.1462962962962963
3 0.029427083333333333 0.4828703703703704 0.057812499999999996 0.12685185185185185
