3 0.8317473958333332 0.5545680555555557 0.042244791666666615 0.06454351851851851
3 0.9208619791666666 0.6020953703703704 0.042244791666666615 0.068062962962963
3 0.7819088541666666 0.649036111111111 0.04554687500000002 0.06102222222222222
3 0.1303921875 0.5809722222222223 0.05874895833333333 0.08683888888888884
3 0.22016588541666668 0.5956412037037038 0.06534947916666667 0.11383055555555557
3 0.3142302083333333 0.5328583333333334 0.040926041666666656 0.056327777777777734
0 0.82646875 0.5563282407407407 0.01584375000000004 0.014082407407407358
0 0.8423098958333333 0.5657166666666666 0.009244791666666667 0.014081481481481454
0 0.8218463541666666 0.5698240740740742 0.011880208333333305 0.015255555555555555
0 0.9109609375000001 0.6003351851851851 0.011880208333333305 0.017601851851851844
0 0.9218515625 0.6144171296296297 0.015182291666666596 0.01760277777777775
0 0.7914817708333333 0.6531435185185185 0.010557291666666658 0.015255555555555555
0 0.783890625 0.6660518518518519 0.01121874999999998 0.012909259259259266
0 0.7650781249999999 0.6613574074074074 0.00791666666666669 0.015255555555555555
0 0.12676197916666665 0.5991615740740741 0.017162499999999983 0.012908333333333362
0 0.14887526041666668 0.5974013888888889 0.009901562500000013 0.021123148148148137
0 0.32182109375 0.5328583333333334 0.009901562500000042 0.014081481481481454
0 0.3122497395833334 0.5451805555555557 0.011881770833333328 0.015255555555555555
0 0.3284221354166667 0.5428333333333334 0.009901562499999983 0.019950000000000048
0 0.20597369791666664 0.6308462962962964 0.011881770833333328 0.015255555555555555
0 0.2313875 0.6267393518518519 0.012541666666666658 0.01642870370370375
0 0.12412161458333333 0.6155907407407407 0.01848281250000001 0.017601851851851844
