3 0.1614171875 0.528163888888889 0.05874895833333333 0.08449259259259255
3 0.14293411458333333 0.6877615740740741 0.04290677083333335 0.058675000000000026
3 0.3165403645833333 0.6906953703703704 0.0640296875 0.11617777777777777
3 0.30894921875 0.4964791666666667 0.042246354166666694 0.05632870370370374
3 0.53305234375 0.7347018518518519 0.03762447916666663 0.06102222222222222
3 0.7211796874999999 0.5639564814814816 0.04026562499999997 0.05750185185185183
3 0.7604557291666667 0.6114833333333334 0.0633697916666667 0.1009222222222222
3 0.8419791666666666 0.6355402777777778 0.04290624999999994 0.07158425925925929
0 0.17362890625 0.540486111111111 0.011881770833333328 0.015255555555555555
0 0.18221015625 0.5510476851851852 0.010561979166666664 0.019949074074074036
0 0.15778645833333332 0.5569152777777777 0.017162499999999997 0.017602777777777853
0 0.3006979166666667 0.5082143518518518 0.011221875000000025 0.01642870370370375
0 0.31687057291666665 0.5105615740740741 0.011881770833333328 0.01642870370370375
0 0.31191979166666667 0.7276611111111112 0.012541666666666687 0.018775925925925946
0 0.12775182291666667 0.6930425925925926 0.009901562499999997 0.019950000000000048
0 0.14260416666666667 0.7053643518518519 0.015842708333333337 0.016428703703703647
0 0.8370286458333333 0.638474074074074 0.019807291666666654 0.016429629629629655
0 0.8548515625 0.647275462962963 0.009244791666666667 0.01760277777777775
0 0.8350494791666667 0.6549037037037038 0.01320312500000007 0.01877592592592584
0 0.7350442708333332 0.5809722222222223 0.009901041666666662 0.016429629629629655
0 0.7122708333333333 0.5633694444444446 0.009239583333333337 0.014081481481481454
0 0.7155703125 0.5774513888888889 0.011880208333333305 0.014082407407407358
0 0.52150078125 0.735288888888889 0.010560937499999963 0.015255555555555555
0 0.5314036458333333 0.7481972222222224 0.013203125000000012 0.015255555555555555
0 0.7452734375 0.6331930555555556 0.011880208333333305 0.017602777777777853
0 0.7729999999999999 0.6355407407407407 0.011885416666666633 0.015255555555555555
