4 0.7132604166666667 0.23302638888888888 0.10759374999999996 0.1725064814814815
1 0.7122708333333333 0.16554953703703704 0.025083333333333374 0.01877685185185185
0 0.6865260416666668 0.2101425925925926 0.01584374999999992 0.07275740740740741
0 0.7419739583333333 0.21131666666666668 0.01584374999999992 0.07275740740740744
3 0.4152255208333333 0.5692370370370371 0.07789166666666668 0.15020925925925926
3 0.36307734375 0.7546518518518519 0.07921197916666665 0.1032685185185185
0 0.39608229166666664 0.5903606481481483 0.017162499999999997 0.021123148148148137
0 0.3861809895833333 0.6120699074074074 0.014522395833333352 0.024643518518518526
0 0.42380677083333335 0.607962962962963 0.02640416666666668 0.025816666666666724
0 0.34591484375000003 0.755825 0.014522395833333293 0.01877592592592584
0 0.35416588541666666 0.7810555555555555 0.020463020833333328 0.02699074074074072
3 0.6046744791666666 0.4894384259259259 0.04884895833333332 0.09622870370370373
0 0.713921875 0.21072962962962963 0.007260416666666695 0.06454259259259255
