3 0.18848125000000002 0.5322712962962963 0.049507291666666654 0.08097222222222217
3 0.3515255208333333 0.5164291666666667 0.03498541666666668 0.05632870370370363
3 0.30795911458333336 0.6683990740740741 0.06799010416666669 0.11617777777777777
3 0.12478151041666667 0.6824810185185186 0.040926562500000006 0.05984907407407413
3 0.03599799479166667 0.6020953703703704 0.04554671874999999 0.06102222222222222
3 0.7928020833333332 0.6355402777777778 0.04753125 0.06454351851851851
3 0.8231666666666667 0.5381393518518518 0.04753125 0.08331944444444446
3 1.0030442708333331 0.8520532407407407 0.04554687500000002 0.0704101851851852
3 0.591140625 0.5052805555555555 0.05214583333333327 0.08097222222222221
0 0.2033333333333333 0.5440069444444445 0.007920833333333347 0.01760277777777775
0 0.18815104166666666 0.559849074074074 0.01848229166666666 0.01877592592592584
0 0.2855158854166666 0.6953893518518518 0.009901562500000042 0.01760277777777775
0 0.3436044270833333 0.5310981481481482 0.012542187500000008 0.015255555555555555
0 0.35878671875 0.5281643518518518 0.011221354166666704 0.021123148148148137
0 0.04424932291666666 0.6015087962962963 0.013201979166666662 0.019949074074074143
0 0.050850234375000004 0.6144171296296297 0.009241197916666666 0.01760277777777775
0 0.029397083333333334 0.618524537037037 0.011221666666666663 0.01877685185185185
0 0.13303255208333334 0.6824810185185186 0.009901562499999997 0.019949074074074036
0 0.12346119791666667 0.6989101851851852 0.014522395833333323 0.019950000000000048
2 -0.003277864583333334 0.696562962962963 0.027724166666666668 0.057501851851851936
0 0.8182161458333332 0.559849074074074 0.017817708333333352 0.016429629629629655
0 0.9941328125000001 0.8678953703703705 0.014526041666666718 0.02229629629629623
0 0.8036927083333333 0.6355402777777778 0.007260416666666695 0.012908333333333362
0 0.7990755208333333 0.6507962962962962 0.015182291666666596 0.015255555555555555
0 0.7782786458333334 0.647275925925926 0.011880208333333305 0.015255555555555555
0 0.31323984374999997 0.696562962962963 0.013861979166666613 0.019950000000000048
