3 0.47430416666666664 0.4495393518518519 0.08515312499999995 0.15255648148148152
3 0.56407734375 0.5868398148148148 0.10231406249999998 0.176025925925926
3 0.6495598958333333 0.5880134259259259 0.06865104166666663 0.11031018518518518
3 0.7515468750000001 0.5029337962962963 0.06666666666666667 0.11383055555555552
3 0.3112596354166667 0.638474074074074 0.07459114583333334 0.11265740740740737
0 0.47727447916666665 0.47711666666666663 0.03036458333333337 0.019949999999999992
0 0.4792549479166666 0.5041069444444445 0.029044270833333326 0.02933796296296302
0 0.4393190104166667 0.4841578703703704 0.0165026041666667 0.024643518518518474
0 0.5680364583333334 0.6349537037037037 0.01782291666666668 0.025816666666666724
0 0.52282109375 0.6279125000000001 0.01320156249999999 0.02816388888888892
0 0.32611171875 0.6631180555555556 0.015842187499999955 0.025817592592592628
0 0.7528645833333333 0.5070412037037036 0.03234374999999995 0.021123148148148137
0 0.7551770833333333 0.5322712962962963 0.019802083333333324 0.02699074074074072
0 0.7297604166666666 0.5211231481481483 0.012541666666666748 0.028164814814814823
0 0.6531927083333334 0.5938810185185185 0.0270624999999999 0.021123148148148137
0 0.6564921874999999 0.6232185185185186 0.020463541666666647 0.023470370370370332
0 0.6284375 0.6073763888888889 0.013197916666666623 0.024643518518518526
2 0.10596874999999999 0.5962282407407408 0.05214791666666666 0.08683981481481486
