3 0.26769296875 0.5827324074074074 0.05742864583333332 0.08566666666666665
3 0.3733091145833333 0.5305111111111112 0.03630572916666666 0.06102222222222222
3 0.3960822916666667 0.5868398148148148 0.05016770833333333 0.1032685185185185
3 0.46671302083333327 0.47476944444444447 0.03960624999999999 0.06689074074074071
3 0.48090520833333333 0.4988268518518518 0.049507291666666654 0.07745185185185188
3 0.27627447916666664 0.6549037037037038 0.03498541666666668 0.06571666666666671
3 0.5710104166666667 0.7552388888888889 0.046208333333333344 0.0692370370370371
3 0.6974192708333333 0.7933773148148149 0.041588541666666735 0.06336944444444441
3 0.30762890625 0.5563282407407407 0.0554484375 0.09388055555555552
0 0.27363385416666663 0.6132435185185185 0.01914270833333334 0.02229629629629623
0 0.2828755208333334 0.5927074074074075 0.008581249999999999 0.018775925925925946
0 0.41753567708333333 0.6097231481481481 0.007260937500000016 0.019950000000000048
0 0.2772645833333333 0.6730925925925927 0.01320208333333337 0.015255555555555555
0 0.37627942708333334 0.5428333333333334 0.011881770833333387 0.015255555555555555
3 0.5924635416666668 0.7223800925925926 0.03894791666666665 0.06454351851851851
0 0.6007135416666666 0.7200333333333333 0.011885416666666633 0.022296296296296335
0 0.588171875 0.7364625 0.01584375000000004 0.01760277777777775
0 0.39542239583333333 0.6196981481481482 0.014521875000000031 0.01642962962962955
0 0.6865260416666668 0.7986587962962963 0.009239583333333337 0.01760277777777775
0 0.4564817708333333 0.48063703703703703 0.008581249999999999 0.017601851851851792
0 0.46572291666666665 0.49061203703703704 0.011221875000000025 0.01642962962962955
0 0.47298411458333334 0.5134953703703704 0.013861979166666672 0.017601851851851844
0 0.4898166666666666 0.5211231481481482 0.01320208333333331 0.01408148148148156
0 0.4686934895833333 0.5269907407407407 0.011881770833333328 0.018775925925925946
0 0.30003776041666663 0.5739310185185186 0.009901562499999983 0.014082407407407464
0 0.3257817708333333 0.5727578703703705 0.008581249999999999 0.021123148148148137
0 0.564078125 0.7528912037037037 0.008583333333333342 0.017602777777777853
0 0.5726614583333334 0.7704944444444445 0.012541666666666628 0.015255555555555555
2 0.045899453124999996 0.6490356481481482 0.02970421875 0.06336944444444441
