3 0.2931067708333333 0.7429166666666667 0.04752708333333331 0.07275740740740738
3 0.5469140625 0.5938805555555556 0.054786458333333364 0.09622777777777783
3 0.5690286458333332 0.6414078703703704 0.05808854166666665 0.09740092592592592
3 0.5838802083333333 0.7024305555555556 0.042906250000000055 0.06689074074074071
3 0.609625 0.49530601851851846 0.06007291666666674 0.09857499999999997
3 0.6855338541666666 0.49002546296296295 0.05082812499999995 0.08331944444444446
0 0.5601171875 0.6601837962962963 0.017817708333333352 0.01760277777777775
0 0.5848697916666666 0.6648782407407409 0.01584375000000004 0.019949074074074036
0 0.5581380208333333 0.677787037037037 0.01650520833333336 0.019950000000000048
0 0.5957630208333333 0.5299245370370371 0.013859375000000066 0.019949074074074036
0 0.28749609375 0.7423300925925926 0.0178223958333333 0.01760277777777775
0 0.3036684895833333 0.7523050925925925 0.011881770833333387 0.021123148148148137
0 0.28419557291666664 0.7611060185185186 0.013861979166666672 0.01760277777777775
3 0.24128906249999998 0.8455986111111111 0.05478854166666664 0.07158425925925929
3 0.20102317708333337 0.8033527777777778 0.050827604166666665 0.09270740740740743
0 0.5822291666666667 0.7200328703703703 0.009239583333333337 0.01760277777777775
0 0.5726588541666667 0.7024305555555556 0.009901041666666662 0.02229629629629623
0 0.23006744791666667 0.8678953703703705 0.012542187499999979 0.019950000000000048
0 0.2558111979166667 0.8543999999999999 0.012542187499999979 0.01877592592592584
0 0.698078125 0.5158425925925926 0.012541666666666628 0.015255555555555555
0 0.6786067708333334 0.5105615740740741 0.01716145833333336 0.01877685185185185
0 0.5439453125 0.6144171296296297 0.013203124999999953 0.01760277777777775
2 0.34624479166666666 0.6625310185185186 0.03234479166666665 0.06454351851851851
4 0.003653203125 0.7006703703703704 0.07987203125 0.11969814814814815
0 0.017515286458333335 0.6818939814814815 0.016502447916666666 0.04928796296296296
