3 0.5020283854166666 0.1819787037037037 0.027064062499999982 0.05163518518518518
3 0.48915651041666663 0.19136712962962962 0.03960572916666667 0.06336944444444444
3 0.44096901041666664 0.2911152777777778 0.04884739583333329 0.08214537037037035
3 0.6297578125 0.380888425925926 0.05017187499999996 0.09036018518518518
3 0.5383341145833334 0.36680648148148143 0.04422760416666662 0.06689074074074076
3 0.5680390625 0.6062027777777779 0.052151041666666724 0.09974814814814811
3 0.6465911458333333 0.7880967592592593 0.08251562500000004 0.1326064814814814
0 0.6155651041666667 0.382062037037037 0.008578124999999895 0.019949999999999992
0 0.48387578125 0.20896944444444446 0.00924114583333336 0.011735185185185192
0 0.4980677083333333 0.20838287037037037 0.008581249999999999 0.012908333333333336
0 0.5703489583333333 0.6091361111111111 0.02244791666666662 0.023470370370370437
0 0.5736510416666666 0.6308462962962964 0.014520833333333271 0.01994999999999994
0 0.5518645833333333 0.6202847222222223 0.010562499999999985 0.02229722222222224
0 0.04358921875 0.4254819444444444 0.0105615625 0.01994907407407409
3 0.030717265624999997 0.4243083333333334 0.04026609375 0.0504611111111111
0 0.6343776041666667 0.8233023148148149 0.018484375000000004 0.02933796296296302
0 0.6720026041666666 0.8092199074074075 0.01320312500000007 0.029337962962962913
0 0.5455963541666667 0.3615259259259259 0.009901041666666662 0.016429629629629603
0 0.5439453125 0.3791282407407407 0.011880208333333305 0.014082407407407412
0 0.5238125 0.37971527777777775 0.008583333333333342 0.0176027777777778
0 0.6743151041666666 0.9289185185185185 0.036307291666666686 0.03403333333333331
0 0.42578697916666663 0.30402361111111115 0.009241666666666681 0.0164287037037037
0 0.44724010416666665 0.3046106481481482 0.011221875000000025 0.0176027777777778
0 0.67134375 0.9682314814814815 0.02244791666666662 0.023462962962962887
3 0.6693645833333334 0.9083814814814817 0.07525000000000001 0.14551481481481487
2 0.5554973958333334 0.4366300925925926 0.038942708333333326 0.07510462962962958
0 0.5634166666666668 0.4507125 0.019145833333333327 0.023469444444444428
4 0.18914114583333333 0.9048597222222223 0.1749260416666667 0.2675583333333333
4 0.7568255208333333 0.05347925925925926 0.03102604166666675 0.04576685185185185
1 0.11917057291666666 0.8297564814814815 0.020463020833333328 0.05867592592592593
1 0.14854505208333332 0.7869231481481481 0.04488697916666666 0.022296296296296335
1 0.14953515625 0.8321037037037038 0.04290677083333333 0.07275740740740738
0 0.2063036458333333 0.8098064814814815 0.045546874999999994 0.05398148148148144
0 0.16570755208333332 0.8573342592592593 0.027724479166666663 0.045766666666666664
0 0.12808203125 0.9336143518518518 0.02640364583333333 0.09975277777777784
0 0.7522057291666667 0.048785231481481485 0.004619791666666729 0.010561574074074076
0 0.7561666666666668 0.048198472222222226 0.004624999999999938 0.01408212962962963
0 0.7449453125000001 0.06521439814814815 0.004619791666666729 0.01525564814814815
0 0.7578177083333334 0.06228060185185185 0.009239583333333337 0.009388055555555556
