3 0.400703125 0.36093888888888886 0.05808854166666665 0.10913703703703703
3 0.5360223958333333 0.36093888888888886 0.03564270833333338 0.06454259259259255
3 0.5013682291666667 0.18315231481481484 0.03498541666666662 0.06806388888888888
3 0.5297533854166666 0.1761111111111111 0.027066145833333267 0.05867592592592593
3 0.6469192708333333 0.35155092592592596 0.052807291666666596 0.08566666666666665
3 0.5290932291666666 0.5833194444444445 0.04818854166666663 0.09153333333333333
3 0.591140625 0.7834027777777779 0.06931249999999996 0.1302592592592592
3 0.6865286458333333 0.9171837962962964 0.08845312499999997 0.16546574074074083
0 0.6505520833333333 0.37854166666666667 0.01782291666666668 0.017601851851851844
0 0.63371875 0.3574185185185185 0.010562500000000105 0.022296296296296335
0 0.6274453125000001 0.3679800925925926 0.009901041666666662 0.02229722222222224
0 0.5049989583333333 0.204275 0.009241666666666681 0.011735185185185192
0 0.4908067708333333 0.20016805555555556 0.008581249999999999 0.01525648148148146
0 0.5307421875 0.5886 0.02244270833333329 0.019950000000000048
0 0.5333828125 0.6097231481481481 0.01583854166666665 0.022296296296296335
0 0.5142403645833333 0.5974013888888889 0.009241145833333301 0.023469444444444428
0 0.028076875 0.4219615740740741 0.01122166666666667 0.019949074074074036
3 0.012564531249999998 0.4190277777777778 0.0435665625 0.05163518518518521
0 0.5759583333333333 0.7699074074074075 0.016500000000000032 0.04459259259259267
0 0.5604479166666666 0.7792953703703703 0.010562499999999985 0.028164814814814823
0 0.5941119791666667 0.8209550925925926 0.021119791666666644 0.024643518518518526
0 0.5376718749999999 0.3626990740740741 0.01782291666666668 0.011735185185185218
0 0.6720052083333333 0.9658842592592592 0.019802083333333324 0.03754629629629636
0 0.4063140625 0.37795509259259263 0.011221874999999966 0.0164287037037037
0 0.38321041666666666 0.37678101851851853 0.007261458333333337 0.021123148148148137
0 0.5383333333333333 0.3791282407407407 0.012541666666666748 0.0164287037037037
2 0.4997182291666667 0.46890185185185185 0.04092604166666671 0.08566666666666665
0 0.5082992187500001 0.4865046296296296 0.022443229166666672 0.02464444444444443
4 0.1792395833333333 0.9077935185185185 0.1775666666666667 0.2616907407407407
4 0.7637604166666667 0.04174416666666666 0.03036458333333331 0.04576685185185185
1 0.10200807291666666 0.8379708333333334 0.019143229166666664 0.05632870370370374
1 0.13402291666666666 0.7910305555555557 0.03960625 0.028164814814814823
1 0.13600312499999997 0.8397310185185185 0.04356666666666666 0.07158425925925929
0 0.11355963541666665 0.9453476851851852 0.02904427083333334 0.09974907407407402
0 0.15118541666666668 0.8620282407407408 0.027723958333333344 0.04107314814814808
0 0.19244166666666668 0.8156740740740741 0.04554687500000002 0.05398148148148144
0 0.7624375000000001 0.03587662037037037 0.0066041666666667 0.01760268518518519
0 0.7515442708333334 0.05230578703703704 0.004619791666666729 0.01525564814814815
0 0.7647473958333334 0.05054550925925926 0.009901041666666662 0.009388055555555561
