3 0.5066484375 0.5428333333333334 0.08515104166666668 0.14668888888888887
3 0.5660572916666666 0.5985750000000001 0.05479166666666669 0.09622777777777772
3 0.5238106770833333 0.3615259259259259 0.03498281249999995 0.07041111111111115
3 0.5581354166666666 0.3269069444444444 0.058749999999999976 0.09036018518518518
3 0.5191911458333334 0.1761111111111111 0.04158645833333333 0.06806296296296298
3 0.5488958333333334 0.16437592592592595 0.031020833333333424 0.05632777777777778
3 0.5257927083333332 0.8843236111111112 0.08515416666666666 0.14668611111111104
3 0.7000572916666667 0.9242259259259259 0.08779166666666675 0.1537333333333334
0 0.5809088541666667 0.3480300925925926 0.006598958333333371 0.01760277777777775
0 0.555828125 0.3538976851851852 0.019802083333333324 0.01760277777777775
0 0.5469140624999999 0.33160092592592594 0.01122395833333331 0.015255555555555555
0 0.5115999999999999 0.19664722222222222 0.010561458333333284 0.015255555555555555
0 0.5670494791666667 0.6032689814814816 0.02376562499999994 0.021123148148148137
0 0.5492239583333335 0.6138305555555555 0.009239583333333337 0.025816666666666724
0 0.018175390625 0.41316018518518516 0.011221718750000002 0.018775925925925894
3 0.0033231510416666665 0.4102263888888889 0.04224640625 0.0504601851851852
0 0.5459244791666668 0.8743500000000001 0.018484375000000004 0.05398148148148144
0 0.5205117187499999 0.9271569444444445 0.024424479166666718 0.025815740740740716
0 0.5597864583333333 0.8937125000000001 0.011885416666666633 0.03637870370370369
0 0.5257916666666667 0.38440925925925923 0.012541666666666628 0.015255555555555555
0 0.6683723958333334 0.9124898148148148 0.013859374999999948 0.03168703703703702
0 0.532390625 0.5621958333333333 0.012541666666666687 0.025817592592592628
0 0.4898166666666666 0.5756916666666667 0.01320208333333331 0.01994999999999994
0 0.572 0.6243921296296296 0.016499999999999914 0.01877685185185185
2 0.47727447916666665 0.4870912037037037 0.04356666666666668 0.08214537037037041
0 0.48486588541666664 0.5052810185185185 0.025744270833333378 0.024643518518518526
4 0.16636770833333334 0.911900925925926 0.184828125 0.25347592592592594
4 0.7776197916666666 0.029422300925925928 0.03168750000000008 0.049287435185185184
1 0.11950052083333332 0.7998319444444446 0.04356666666666666 0.02229722222222224
1 0.08682578125 0.8532263888888889 0.01782239583333333 0.06336944444444441
1 0.12247135416666666 0.8467722222222223 0.04554687500000001 0.06689074074074071
0 0.1845203125 0.8256490740740742 0.052147916666666676 0.05750185185185183
0 0.13963359375 0.8796305555555556 0.03102447916666667 0.05046111111111116
0 0.09441692708333334 0.953563425925926 0.02904427083333334 0.09505833333333334
0 0.7753098958333333 0.02179449074074074 0.00461979166666661 0.012908611111111114
0 0.7789401041666667 0.020620972222222225 0.006598958333333371 0.017602685185185186
0 0.7663984375 0.03705009259259259 0.006598958333333253 0.024643703703703706
0 0.7796015625 0.03646337962962963 0.00792187500000002 0.009388055555555561
