3 0.33106276041666666 0.5962282407407408 0.09439427083333332 0.15255648148148146
0 0.3333729166666667 0.6349537037037037 0.027723958333333344 0.03051111111111111
4 0.5198515625 0.5305111111111112 0.20265104166666667 0.26990740740740743
0 0.5165518229166667 0.41961435185185186 0.03894843750000003 0.024643518518518526
0 0.483215625 0.5005870370370371 0.01320208333333331 0.08801296296296289
0 0.5152299479166667 0.490025 0.017821354166666657 0.09974814814814816
0 0.6125937499999999 0.5680638888888889 0.010562499999999985 0.10796296296296298
0 0.4251268229166667 0.5604356481481482 0.00924114583333336 0.07862499999999997
0 0.5498854166666667 0.49706620370370375 0.018479166666666675 0.09036018518518518
0 0.5185304687500001 0.5663037037037036 0.041584895833333316 0.02699074074074072
