3 0.3139 0.5868393518518519 0.10363541666666667 0.14082129629629628
0 0.32182109375 0.6167643518518519 0.024423437499999957 0.03168425925925931
0 0.27495416666666667 0.6161773148148149 0.015182291666666655 0.02816388888888881
4 0.52249140625 0.5222967592592593 0.2013296875 0.2769490740740741
0 0.52018046875 0.41374675925925924 0.038284895833333304 0.024643518518518526
0 0.4294174479166667 0.5557416666666667 0.00858177083333332 0.07862592592592588
0 0.48750625 0.49413240740740744 0.011221874999999966 0.089187037037037
0 0.519190625 0.4847439814814815 0.015181249999999953 0.09857500000000001
0 0.6165546875000001 0.5651300925925926 0.00792187500000002 0.1067898148148148
0 0.5221609375 0.5621962962962963 0.03960520833333329 0.03051111111111111
0 0.5518671875 0.4917856481481482 0.011880208333333305 0.08214537037037035
