0 0.740984375 0.5774518518518518 0.01782291666666668 0.016429629629629655
0 0.7423046874999999 0.5956412037037038 0.017817708333333352 0.01760277777777775
0 0.7168906249999999 0.568650462962963 0.0066041666666667 0.02229722222222224
0 0.5310729166666667 0.4477787037037037 0.013864583333333335 0.015255555555555555
0 0.056131171875 0.8438388888888889 0.017162656250000005 0.018775925925925946
0 0.015865026041666667 0.8309300925925927 0.010561614583333333 0.025817592592592628
0 0.6997291666666666 0.5381388888888889 0.010562499999999985 0.015255555555555555
0 0.6673828125 0.5340319444444445 0.011880208333333305 0.016428703703703647
3 0.04688984374999999 0.8010050925925926 0.08185260416666668 0.15607685185185186
3 0.73834375 0.5434199074074074 0.053468750000000044 0.1337805555555555
3 0.684546875 0.509387962962963 0.06733333333333331 0.1196981481481481
3 0.5248028645833334 0.4430851851851852 0.04752968749999997 0.08097222222222217
3 0.45978203125 0.4401509259259259 0.04026614583333335 0.07041111111111109
