3 0.3155502604166667 0.5645430555555556 0.10561614583333337 0.14316759259259268
0 0.34855546875 0.5927074074074075 0.018482812500000043 0.028164814814814823
0 0.30168828124999997 0.598574537037037 0.025083854166666697 0.0328583333333333
4 0.5350338541666666 0.4988268518518518 0.20265104166666661 0.2699074074074074
0 0.5310721354166666 0.39262407407407407 0.03630364583333332 0.02699074074074072
0 0.5300807291666667 0.4618611111111111 0.01716145833333336 0.09974814814814811
0 0.5647369791666667 0.4712490740740741 0.01650520833333336 0.08331851851851856
0 0.6261276041666667 0.5463537037037037 0.008578125000000015 0.09974814814814821
0 0.49707760416666663 0.4747699074074075 0.015842708333333337 0.09036018518518524
0 0.43997890624999997 0.538725925925926 0.009901562499999983 0.07275740740740749
0 0.5317341145833333 0.5393125 0.038948437499999974 0.029337962962962913
