3 0.3980627604166667 0.6595972222222223 0.04224635416666664 0.07041111111111109
3 0.4300776041666667 0.6138305555555555 0.0785520833333333 0.12204444444444444
3 0.5927916666666666 0.5146689814814814 0.054124999999999916 0.09740092592592592
3 0.6518723958333333 0.43897731481481483 0.05082812500000008 0.06806388888888891
3 0.40532369791666667 0.7176861111111111 0.05940885416666669 0.07627777777777787
3 0.29739765625000003 0.7082981481481482 0.05346822916666666 0.08331851851851844
0 0.5723307291666666 0.5393125 0.013203124999999953 0.024643518518518526
0 0.6007135416666666 0.5551550925925927 0.019802083333333442 0.016428703703703647
0 0.40169322916666667 0.6595976851851852 0.02178333333333331 0.014082407407407464
0 0.40598385416666666 0.6748532407407407 0.015842708333333337 0.016428703703703647
0 0.3861809895833333 0.6725060185185185 0.010561979166666664 0.01877685185185185
0 0.2779247395833333 0.7259009259259259 0.011881770833333387 0.022296296296296335
0 0.6403203125 0.4565800925925926 0.011880208333333305 0.021123148148148137
0 0.6627630208333334 0.44953888888888893 0.009244791666666667 0.016429629629629655
0 0.4195158854166667 0.735875925925926 0.013861979166666672 0.023470370370370332
0 0.3917919270833333 0.7311814814814814 0.013861979166666672 0.023470370370370437
0 0.40895442708333335 0.6431685185185185 0.009901562499999983 0.018775925925925946
0 0.4403091145833333 0.6484490740740741 0.014522395833333352 0.01994999999999994
2 0.39707265625 0.5275777777777778 0.029704687499999948 0.06219629629629632
0 0.39443203125000004 0.5328583333333333 0.023103645833333353 0.018775925925925946
4 0.15745651041666667 0.568650462962963 0.08779322916666668 0.13964722222222228
0 0.13270260416666665 0.538725925925926 0.009241666666666667 0.0352055555555556
0 0.1525057291666667 0.5322712962962963 0.009241666666666652 0.02699074074074072
0 0.17461901041666666 0.5457671296296296 0.01782239583333333 0.05632870370370374
0 0.148875 0.5545685185185185 0.005940625000000003 0.0340314814814815
