4 0.29772760416666666 0.42196157407407403 0.15050312500000002 0.24526388888888884
1 0.31555026041666673 0.31927916666666667 0.018482812499999984 0.025817592592592576
0 0.2650528645833334 0.34979074074074074 0.009901562500000013 0.0352055555555556
0 0.29574713541666664 0.38382222222222223 0.007921354166666639 0.0844925925925926
0 0.33502317708333335 0.39027638888888894 0.020463020833333328 0.10209537037037035
2 0.7528645833333333 0.4882648148148149 0.058750000000000094 0.11265740740740737
3 0.974 0.6302597222222222 0.09703124999999997 0.19714907407407403
3 0.4488903645833333 0.638474074074074 0.08845364583333334 0.1384740740740741
3 0.5106101562500001 0.8056995370370371 0.10495677083333337 0.13964722222222228
0 0.9928125 0.6860013888888888 0.02376041666666661 0.03637870370370369
0 0.9439661458333333 0.6942162037037037 0.018484375000000004 0.041073148148148185
0 0.47100390625 0.6361273148148148 0.013861979166666672 0.025817592592592524
0 0.4558216145833333 0.666638425925926 0.023103645833333294 0.030512037037037015
