4 0.46935416666666663 0.4565800925925926 0.22311458333333326 0.33093055555555556
0 0.4974078125 0.31575879629629633 0.028384375000000024 0.030512037037037015
0 0.3667080729166667 0.45834074074074077 0.0165026041666667 0.13495370370370377
0 0.47661458333333334 0.41140000000000004 0.017162499999999997 0.11148333333333332
0 0.51325 0.4225481481481481 0.017822916666666622 0.10092222222222226
0 0.569359375 0.4841574074074074 0.01782291666666668 0.1396481481481481
0 0.4686934895833333 0.5035203703703705 0.04884739583333329 0.042246296296296275
3 0.6116041666666666 0.7552384259259259 0.10363541666666667 0.18189351851851857
3 0.7994036458333333 0.9740972222222224 0.09901562500000007 0.1290833333333333
0 0.6201875 0.8074597222222223 0.027062500000000017 0.03520462962962959
