4 0.27264375 0.5545680555555556 0.10033541666666666 0.14903611111111117
0 0.25911171875 0.4911986111111111 0.012542187500000008 0.01760277777777775
0 0.25251067708333336 0.5440064814814816 0.009901562500000013 0.04342037037037038
0 0.2673630208333333 0.5363787037037037 0.014521875000000002 0.05867592592592593
0 0.3191809895833333 0.5686500000000001 0.007260937500000016 0.05750185185185183
0 0.2274270833333333 0.5903601851851852 0.011221874999999996 0.061022222222222325
0 0.27231354166666666 0.5762782407407407 0.02178333333333334 0.023469444444444428
2 0.5205111979166667 0.5234699074074074 0.028383854166666705 0.06806388888888891
3 0.5145700520833334 0.745263888888889 0.06006822916666674 0.07745185185185177
3 0.3333729166666667 0.6748527777777779 0.059409375000000014 0.08449259259259255
3 1.0043645833333334 0.6044425925925926 0.06931250000000008 0.12673888888888882
3 0.5323927083333333 0.636713888888889 0.060068749999999935 0.10678888888888889
0 0.5287611979166666 0.6537300925925926 0.01980052083333336 0.016428703703703647
0 0.5561588541666665 0.6613574074074074 0.009901041666666662 0.01994999999999994
0 0.5271109375 0.6742662037037037 0.02310104166666669 0.01760277777777775
0 0.5310729166666667 0.7611060185185186 0.008583333333333401 0.019949074074074143
0 0.5016984375 0.7681472222222222 0.01320208333333331 0.022296296296296335
0 0.34624479166666666 0.697149537037037 0.015182291666666655 0.021123148148148137
0 0.3195106770833333 0.6860013888888888 0.011881770833333328 0.024643518518518526
0 0.519190625 0.5293375000000001 0.015181249999999953 0.014082407407407358
