0 0.7416432291666666 0.579212037037037 0.019140625 0.012909259259259266
0 0.7432968750000001 0.5979884259259259 0.019802083333333442 0.01760277777777775
0 0.7185416666666666 0.5709972222222222 0.0072604166666665765 0.022296296296296335
0 0.8040234374999999 0.5088013888888889 0.006598958333333253 0.019949074074074143
0 0.7812526041666668 0.509387962962963 0.015182291666666596 0.01642962962962955
0 0.14557447916666666 0.8139138888888889 0.008581249999999999 0.022296296296296335
0 0.11058932291666666 0.8391449074074074 0.01782239583333333 0.021123148148148137
0 0.7129296875 0.5545680555555556 0.013203124999999953 0.01760277777777775
0 0.6852057291666667 0.5422467592592594 0.00792187500000002 0.021123148148148137
3 0.1158703125 0.796311574074074 0.07591145833333333 0.15138240740740747
3 0.7845520833333333 0.49413240740740744 0.04686458333333334 0.07275740740740738
3 0.73834375 0.5487009259259259 0.05742708333333333 0.13495370370370371
3 0.7050104166666666 0.5222967592592593 0.05677083333333333 0.1220453703703704
3 0.4475700520833333 0.4430847222222222 0.04224635416666664 0.06454351851851851
