4 0.52348203125 0.5903601851851852 0.20067135416666665 0.27694814814814817
0 0.5205106770833333 0.4859180555555556 0.03762447916666668 0.025817592592592524
0 0.5231518229166666 0.6302597222222222 0.03894635416666663 0.02816388888888892
3 0.23732864583333335 0.6214583333333333 0.11287708333333332 0.2053648148148148
3 0.66078125 0.6308462962962963 0.09241666666666669 0.13495370370370371
3 0.6776145833333334 0.7998319444444445 0.09835416666666674 0.14668796296296296
3 0.7931302083333333 0.8191939814814815 0.13399999999999998 0.28633425925925915
0 0.6475807291666666 0.6249787037037038 0.03696354166666668 0.022296296296296335
0 0.6819062499999999 0.6543166666666668 0.02112499999999997 0.0340314814814815
0 0.6396614583333333 0.6613578703703703 0.025083333333333374 0.031684259259259204
0 0.7980833333333334 0.9054476851851853 0.026406250000000023 0.03637870370370369
0 0.7056692708333333 0.8285828703703704 0.017161458333333237 0.032858333333333406
0 0.6597942708333332 0.8373842592592593 0.0257447916666667 0.02933703703703701
0 0.2845255208333333 0.6742662037037037 0.01320208333333331 0.029337962962962913
0 0.48849635416666665 0.5663032407407407 0.01320208333333331 0.08566574074074075
0 0.5535182291666667 0.5663037037037036 0.015182291666666596 0.08097222222222217
0 0.6142447916666666 0.6607712962962964 0.005937499999999929 0.05398148148148155
0 0.4310677083333333 0.6531430555555556 0.006601041666666655 0.019949074074074143
0 0.51985078125 0.5821453703703704 0.01386093749999997 0.042246296296296275
