4 0.5158906249999999 0.5897731481481481 0.19472916666666668 0.25465185185185185
0 0.5132505208333333 0.48533101851851856 0.03894687500000001 0.029337962962962965
0 0.514240625 0.6255657407407409 0.03696666666666667 0.028164814814814823
3 0.7192031249999999 0.775188425925926 0.13399999999999998 0.2452638888888889
3 0.7888411458333332 0.7053643518518519 0.09505729166666665 0.14082129629629628
3 0.6502213541666666 0.6238055555555556 0.08713020833333332 0.13495370370370371
3 0.36241744791666664 0.599161574074074 0.1122171875 0.19362870370370375
0 0.6650729166666667 0.6208717592592593 0.031020833333333303 0.02816388888888892
0 0.6729921875 0.6543166666666668 0.020463541666666647 0.02699074074074072
0 0.725140625 0.8397310185185185 0.028385416666666666 0.03637870370370369
0 0.6654010416666667 0.8291699074074075 0.010562499999999985 0.02933796296296302
0 0.8205260416666665 0.7341152777777777 0.013197916666666623 0.02933796296296302
0 0.39179166666666665 0.6103097222222222 0.01782291666666668 0.021123148148148245
0 0.3812302083333333 0.636713888888889 0.03630520833333334 0.029337037037037116
0 0.6317395833333334 0.6461018518518519 0.019802083333333324 0.02699074074074072
0 0.48255546875 0.5633694444444446 0.01320156249999999 0.08214629629629626
0 0.5112697916666666 0.5797986111111111 0.015182291666666655 0.04928796296296296
0 0.5436145833333333 0.557501851851852 0.017822916666666563 0.08214629629629626
0 0.6020338541666667 0.6554902777777778 0.006598958333333371 0.043419444444444476
