3 0.005303463541666668 0.4125736111111112 0.08317255208333334 0.13964722222222226
3 0.17428880208333333 0.48063703703703703 0.059408854166666664 0.09270740740740738
3 0.2568013020833333 0.734701851851852 0.09241406249999998 0.18541481481481475
3 0.7469244791666666 0.509387962962963 0.08647395833333332 0.1337796296296296
3 0.6911484375000001 0.4812240740740741 0.06732812500000011 0.13143333333333337
3 0.9700390624999999 0.4964791666666667 0.06534895833333335 0.09388055555555558
0 0.7327317708333333 0.5316847222222222 0.023765625000000058 0.021123148148148137
0 0.7241510416666666 0.5539814814814814 0.019802083333333442 0.02581666666666662
0 0.7597994791666667 0.5475273148148149 0.02244270833333329 0.02229722222222224
0 0.9822500000000001 0.5246439814814815 0.014520833333333271 0.021123148148148245
0 0.9485859374999999 0.49530601851851846 0.01583854166666671 0.021123148148148137
0 0.7063281250000001 0.5211236111111112 0.014520833333333271 0.021123148148148137
0 0.0178453125 0.4295893518518519 0.01584239583333333 0.030512037037037015
0 0.027416770833333336 0.44953888888888893 0.0165025 0.028164814814814823
0 0.21752552083333332 0.7834027777777779 0.011221875000000025 0.02699074074074072
0 0.2584515625 0.7933773148148149 0.01914270833333334 0.021123148148148137
0 0.18782083333333333 0.47476944444444447 0.011221874999999996 0.019949999999999992
0 0.17692916666666664 0.5 0.019803124999999994 0.025816666666666724
