4 0.5010388020833333 0.5915337962962963 0.19010989583333332 0.2581731481481482
0 0.49872786458333335 0.48885138888888885 0.034984895833333356 0.02933796296296302
0 0.5013684895833334 0.6267393518518519 0.037625520833333384 0.025817592592592628
3 0.38024010416666665 0.568650462962963 0.09769479166666664 0.18658796296296296
3 0.6307473958333333 0.5657166666666666 0.08779687499999997 0.14551481481481487
3 0.6964296875 0.7693203703703704 0.14918229166666658 0.24995740740740738
3 0.7766302083333334 0.7041907407407408 0.07987499999999995 0.1384740740740741
0 0.6469218750000001 0.6015087962962963 0.01584374999999992 0.029337962962962913
0 0.6145755208333334 0.5780388888888889 0.03432812500000004 0.02699074074074072
0 0.6063255208333334 0.6097231481481481 0.020463541666666647 0.03168518518518521
0 0.6594635416666667 0.8367972222222222 0.02112499999999997 0.0352055555555555
0 0.7234921875 0.8309300925925927 0.023765625000000058 0.032858333333333406
0 0.38453072916666664 0.6161773148148149 0.03630520833333334 0.032858333333333406
0 0.7673906249999999 0.7341152777777777 0.023104166666666613 0.031684259259259204
0 0.8096328125 0.7305949074074074 0.015182291666666596 0.029337962962962913
0 0.5307447916666667 0.5616092592592593 0.010562500000000044 0.07393148148148149
0 0.5885026041666668 0.6601842592592593 0.005942708333333376 0.04342037037037038
0 0.4677033854166667 0.5651296296296296 0.013861979166666672 0.08097222222222226
0 0.49971796874999996 0.5815587962962963 0.011881770833333328 0.041073148148148185
