4 0.8489114583333334 0.5387259259259259 0.17294791666666665 0.23939629629629625
0 0.8462708333333334 0.4483652777777778 0.03432291666666659 0.02112314814814819
0 0.8475885416666666 0.5756916666666667 0.035645833333333245 0.02699074074074072
3 0.18782083333333333 0.6977365740740741 0.08647291666666668 0.12556574074074073
3 0.5710078125 0.6138305555555554 0.10297395833333335 0.1689851851851852
3 0.9990833333333333 0.7141657407407408 0.07987500000000007 0.2006703703703703
0 0.16207708333333332 0.7012569444444445 0.02046354166666668 0.02229722222222224
0 0.19310182291666667 0.7288342592592593 0.02574427083333335 0.03051111111111111
3 0.60665625 0.6783736111111112 0.07129166666666673 0.09857500000000001
0 0.5611067708333334 0.6554902777777778 0.031682291666666626 0.024643518518518526
0 0.8155755208333333 0.5211231481481483 0.013859375000000066 0.07041111111111109
0 0.8436302083333334 0.5375523148148148 0.013197916666666741 0.0328583333333333
0 0.87465625 0.5164291666666667 0.014520833333333271 0.0727583333333334
0 0.9294427083333334 0.6085499999999999 0.009239583333333337 0.038725925925925886
