0 0.7769583333333333 0.4172675925925926 0.010562500000000105 0.012909259259259266
0 0.7597968749999999 0.4108134259259259 0.011885416666666633 0.0164287037037037
0 0.7541875 0.4219615740740741 0.01121874999999998 0.01760277777777775
0 0.17263880208333332 0.6279125000000001 0.007260937500000016 0.01642870370370375
0 0.1353432291666667 0.6507962962962963 0.006601041666666685 0.019950000000000048
0 0.1630674479166667 0.6549032407407407 0.01848281250000001 0.01642870370370375
0 0.35218593749999993 0.6695722222222221 0.008581249999999999 0.01994999999999994
0 0.32545182291666663 0.6807208333333333 0.010561979166666664 0.016428703703703647
0 0.6218385416666665 0.48767824074074073 0.010562499999999985 0.012908333333333362
0 0.05118033854166667 0.6848277777777778 0.011221614583333336 0.022296296296296335
0 0.82415625 0.3046101851851852 0.013864583333333395 0.015255555555555555
2 0.066032578125 0.6848277777777778 0.04224630208333333 0.069237037037037
2 0.8300989583333332 0.30519722222222223 0.028385416666666666 0.05867592592592593
3 0.6145755208333332 0.4536462962962963 0.047526041666666664 0.09740185185185182
3 0.7713489583333333 0.39790462962962964 0.04951041666666664 0.08214629629629631
3 0.3356830729166667 0.6502092592592593 0.0640296875 0.11030925925925927
3 0.15712630208333334 0.6238050925925925 0.05808906249999999 0.1020953703703704
