2 0.6865260416666668 0.5874263888888889 0.03960416666666677 0.08331944444444446
3 0.5211721354166666 0.6044421296296296 0.04422864583333327 0.06336944444444452
3 0.41060442708333333 0.46068749999999997 0.029044270833333385 0.04576759259259257
3 0.30927942708333334 0.6549032407407407 0.08779322916666663 0.129086111111111
3 0.08286513802083333 0.8860856481481483 0.17360618229166666 0.2910324074074075
3 0.7733281249999999 0.3398157407407407 0.028385416666666666 0.045766666666666664
0 0.5195205729166666 0.617350925925926 0.014521354166666651 0.016429629629629655
0 0.5386640625000001 0.6144171296296297 0.007921874999999901 0.019949074074074036
0 0.33172265625 0.6525564814814815 0.012542187500000008 0.02581666666666662
0 0.05811143229166666 0.9518009259259261 0.023763593749999996 0.028157407407407485
0 0.32182109375 0.6912824074074074 0.024423437499999957 0.03051111111111111
4 1.0020546875 0.31399861111111116 0.031682291666666626 0.045767592592592624
0 0.25383098958333333 0.7053643518518519 0.01782239583333333 0.037552777777777796
0 0.28188515624999994 0.6877615740740741 0.025083854166666638 0.021123148148148137
0 0.27330390625 0.7135791666666668 0.03696510416666667 0.0328583333333333
4 0.2835354166666667 0.8186069444444444 0.17624687500000003 0.28750833333333325
0 0.3076291666666667 0.7464370370370371 0.021122916666666686 0.05398148148148155
0 0.36736796875 0.7869231481481481 0.007260937500000016 0.05750185185185183
0 0.2782546875 0.7605194444444445 0.01782291666666668 0.07041111111111109
0 0.25284088541666666 0.7910305555555556 0.011881770833333328 0.068062962962963
0 0.21092447916666668 0.9183583333333334 0.019142708333333314 0.06689444444444453
0 0.9967734375 0.3063708333333333 0.00792187500000002 0.014082407407407412
0 0.6931276041666665 0.598574537037037 0.02244270833333329 0.021123148148148137
0 0.2927768229166666 0.8279962962962963 0.0349848958333333 0.04107222222222218
