4 0.4554916666666667 0.421375 0.1795479166666667 0.26521296296296293
0 0.4518609375 0.31106481481481485 0.03894583333333337 0.025816666666666672
0 0.4997182291666667 0.3867564814814815 0.019803125000000026 0.09270740740740743
0 0.45450130208333334 0.3849962962962963 0.007260937500000016 0.08918703703703704
0 0.40961432291666666 0.3926236111111111 0.013861979166666672 0.09505462962962963
3 0.5772786458333333 0.6730925925925927 0.0970364583333333 0.2124055555555556
3 0.6033541666666666 0.8279962962962963 0.08448958333333334 0.15842407407407405
0 0.5700208333333333 0.8549865740740741 0.012541666666666628 0.029337962962962913
0 0.6059947916666668 0.8731763888888889 0.02904166666666666 0.030512037037037015
0 0.5802499999999999 0.6936291666666667 0.040927083333333295 0.023469444444444428
0 0.5822317708333333 0.7288347222222222 0.04356770833333338 0.02816388888888892
0 0.44228958333333335 0.37267453703703707 0.006601041666666655 0.059849074074074075
