2 0.8941276041666666 0.5357921296296296 0.05082812499999995 0.08566574074074075
0 0.9013880208333332 0.5563287037037038 0.029703124999999986 0.018775925925925946
4 0.4884953125 0.5886 0.13597812500000003 0.2382222222222222
0 0.466053125 0.5117351851851852 0.01320208333333331 0.0352055555555555
0 0.48750625 0.5023467592592593 0.024423958333333277 0.02816388888888892
0 0.48354583333333334 0.5293375000000001 0.028384375000000024 0.025817592592592524
0 0.4607721354166667 0.5809722222222223 0.009241145833333301 0.05163518518518515
0 0.4818953125 0.5668898148148148 0.010561458333333343 0.04694074074074077
0 0.42908749999999996 0.6683986111111111 0.010561458333333343 0.043419444444444476
0 0.48981666666666673 0.6202847222222223 0.02640416666666668 0.024643518518518526
3 0.3449247395833333 0.6801337962962963 0.06534947916666667 0.11148425925925928
3 0.39047161458333335 0.745850462962963 0.11155677083333332 0.2006694444444444
3 0.4719940104166666 0.4395638888888889 0.08185260416666669 0.14668888888888892
3 0.7159010416666667 0.381475462962963 0.03234374999999995 0.06806388888888891
3 0.9294427083333333 0.6273259259259258 0.07261458333333337 0.09505370370370372
0 0.4115947916666666 0.8027657407407408 0.017822916666666622 0.0352055555555556
0 0.36406770833333335 0.7904439814814814 0.02178333333333337 0.03403240740740741
0 0.7182109375000001 0.38558287037037037 0.01716145833333336 0.01290833333333331
0 0.7185416666666666 0.401425 0.012541666666666748 0.016429629629629655
0 0.7046796875000001 0.3867564814814815 0.008578125000000015 0.019950000000000048
0 0.4947671875 0.48063703703703703 0.012541666666666687 0.02464444444444443
0 0.9238307291666668 0.6249787037037037 0.0257447916666667 0.03168518518518521
0 0.9102994791666666 0.6349537037037037 0.014526041666666718 0.025816666666666724
0 0.35845651041666665 0.6631180555555556 0.011881770833333328 0.03989907407407408
