2 0.7937942708333333 0.45012592592592593 0.04026562499999997 0.08566666666666665
0 0.8000624999999999 0.4677282407407408 0.019802083333333442 0.0176027777777778
4 0.4109346354166667 0.6138305555555555 0.14060156249999997 0.25347777777777786
0 0.3805700520833334 0.5363787037037037 0.011221354166666645 0.042246296296296275
0 0.40466380208333336 0.5199495370370371 0.029044270833333326 0.025817592592592524
0 0.4000432291666666 0.5528078703703704 0.03036458333333331 0.037552777777777796
0 0.3851908854166667 0.6103101851851852 0.009901562499999983 0.04928703703703705
0 0.40532369791666667 0.588012962962963 0.014522395833333352 0.042246296296296275
0 0.3577966145833333 0.7135791666666668 0.011881770833333328 0.0328583333333333
0 0.41819583333333327 0.6396476851851852 0.028384374999999965 0.02816388888888892
3 0.3228111979166667 0.9500416666666668 0.08317239583333334 0.14434259259259258
3 0.26604296875 0.6519694444444444 0.11617760416666666 0.2147518518518519
3 0.2937671875 0.8139138888888889 0.10825624999999996 0.21709999999999996
3 0.652203125 0.30754444444444445 0.040927083333333295 0.05867592592592593
3 0.926140625 0.07342916666666667 0.046208333333333344 0.06454351851851851
0 0.333703125 0.8033527777777779 0.011221874999999966 0.045766666666666664
0 0.29343697916666667 0.8825643518518519 0.03498541666666668 0.030512037037037015
0 0.64428125 0.30578425925925923 0.009239583333333337 0.019949999999999992
0 0.6538515625 0.3216263888888889 0.011223958333333428 0.014082407407407412
0 0.6370182291666667 0.3145851851851852 0.00792187500000002 0.016429629629629655
0 0.30465859375000004 0.6443416666666667 0.009901562500000042 0.025816666666666724
0 0.2729736979166667 0.7000833333333333 0.020463020833333356 0.02699074074074072
0 0.609625 0.7828157407407408 0.016499999999999914 0.04694074074074077
0 0.6251380208333333 0.8409046296296295 0.02244270833333329 0.022296296296296335
0 0.5964218750000001 0.7886837962962964 0.012541666666666748 0.032858333333333406
3 0.6248046875 0.7974847222222222 0.0706302083333334 0.13026018518518523
0 0.35416588541666666 0.9277430555555557 0.009901562499999983 0.04106944444444457
