0 0.7297630208333333 0.6308462962962964 0.009901041666666662 0.022296296296296335
0 0.7545182291666668 0.6355402777777778 0.018484375000000004 0.012908333333333362
0 0.75715625 0.6543166666666668 0.019802083333333324 0.017601851851851844
0 0.5581380208333333 0.5070412037037036 0.019140625 0.014082407407407358
0 0.5604453125000001 0.5246439814814815 0.013203124999999953 0.014082407407407464
0 0.7865338541666667 0.5029337962962963 0.015182291666666714 0.01760277777777775
0 0.762765625 0.5005865740740741 0.007260416666666695 0.01760277777777775
0 0.6531901041666667 0.578625 0.005942708333333257 0.023470370370370437
0 0.6201848958333334 0.5751046296296297 0.005942708333333376 0.01877592592592584
0 0.6327291666666668 0.5915337962962963 0.016500000000000032 0.014082407407407464
0 0.9403359375000001 0.6103101851851852 0.01122395833333331 0.018775925925925946
0 0.9436328125000001 0.6290865740740741 0.015182291666666596 0.021123148148148245
0 0.7007187500000001 0.5745180555555555 0.008583333333333224 0.019949074074074036
3 0.78125 0.4876777777777778 0.04686458333333334 0.08097222222222226
3 0.7505546875 0.6003351851851852 0.0594114583333333 0.14434259259259258
3 0.6317395833333334 0.5821458333333334 0.046208333333333344 0.08214537037037035
3 0.7188723958333334 0.559849074074074 0.05808854166666665 0.12673888888888893
3 0.5541770833333333 0.5070412037037036 0.0442291666666667 0.07510462962962958
3 0.9525442708333333 0.6226319444444445 0.05808854166666677 0.08566574074074075
