2 0.7769609375 0.48357083333333334 0.03696354166666668 0.0868398148148148
0 0.7736588541666668 0.491199074074074 0.01716145833333336 0.015255555555555555
4 0.3736388020833334 0.5023467592592593 0.1333401041666667 0.18306759259259256
0 0.3577966145833333 0.4225486111111111 0.011881770833333328 0.014082407407407412
0 0.35020546874999997 0.4847444444444445 0.009901562499999983 0.05398148148148144
0 0.36802838541666666 0.48239722222222226 0.013861979166666672 0.061022222222222276
0 0.3178606770833333 0.5674768518518519 0.005941145833333295 0.02933703703703701
0 0.433378125 0.5463537037037037 0.007261458333333337 0.019950000000000048
0 0.3746291666666667 0.5252305555555556 0.02574375 0.022296296296296335
3 0.29706744791666667 0.46538148148148145 0.07657135416666669 0.16077037037037037
3 0.43139765625 0.6132435185185185 0.07063072916666673 0.14668888888888887
3 0.4954286458333333 0.6584240740740741 0.07591354166666661 0.11500370370370377
3 0.37000859375 0.7088847222222223 0.07855156250000003 0.1337805555555555
3 0.7479166666666667 0.4735958333333334 0.05940624999999997 0.0856657407407408
0 0.44129921875 0.6443421296296297 0.01782239583333336 0.021123148148148245
0 0.4082942708333333 0.6484490740740741 0.015182291666666655 0.029337037037037116
0 0.7396640624999999 0.4900250000000001 0.015182291666666714 0.015255555555555555
0 0.2954171875 0.5152555555555556 0.01782291666666668 0.01642962962962955
0 0.48024505208333335 0.6513828703703705 0.013861979166666672 0.021123148148148137
0 0.47958515625 0.6789601851851853 0.013861979166666672 0.022296296296296335
0 0.5139114583333333 0.6854148148148149 0.013864583333333335 0.02581666666666662
