2 0.7766302083333334 0.46772870370370373 0.034989583333333366 0.08801296296296295
0 0.7749791666666667 0.4747699074074074 0.02112499999999997 0.01760277777777775
4 0.3766096354166667 0.4882652777777778 0.12871927083333332 0.18306759259259256
0 0.3696783854166667 0.4812240740740741 0.00924114583333336 0.023470370370370332
0 0.35053567708333333 0.470075462962963 0.009241145833333301 0.0528083333333333
0 0.37363906249999995 0.5134953703703704 0.02640416666666668 0.022296296296296335
3 0.3376638020833333 0.4336967592592593 0.09439427083333332 0.1513824074074074
3 0.4346981770833333 0.6261527777777778 0.07459114583333329 0.14668888888888887
3 0.4782645833333333 0.6889351851851852 0.07591145833333333 0.09622777777777783
3 0.5172106770833333 0.5152555555555556 0.06534947916666667 0.10092222222222226
3 0.6634218749999999 0.4847444444444445 0.06733333333333331 0.08449259259259255
0 0.42347656250000004 0.6766129629629629 0.024423958333333336 0.02699074074074072
0 0.46473281250000004 0.6537296296296297 0.014521874999999972 0.023470370370370332
0 0.6815755208333333 0.47711666666666663 0.012546875000000075 0.019949999999999992
0 0.6409791666666665 0.4976532407407408 0.009239583333333337 0.021123148148148137
0 0.6700234375 0.5041074074074073 0.01716145833333336 0.01994999999999994
0 0.5013682291666667 0.519362962962963 0.012541666666666687 0.02699074074074072
0 0.4904765625 0.5316847222222222 0.010561458333333343 0.025817592592592524
0 0.41192473958333337 0.45716666666666667 0.022443229166666672 0.015255555555555555
3 0.41654531250000004 0.44953888888888893 0.05412812500000002 0.09622777777777783
0 0.40862447916666667 0.479463425925926 0.01320208333333331 0.019949074074074036
0 0.46671302083333327 0.7165125 0.015842708333333337 0.02229722222222224
0 0.49179687499999997 0.696562962962963 0.019803124999999967 0.02464444444444443
0 0.500378125 0.7188597222222223 0.014521875000000031 0.024643518518518526
0 0.5188611979166667 0.5416597222222223 0.01716302083333338 0.017602777777777853
