2 0.9621197916666666 0.36093888888888886 0.028385416666666666 0.055155555555555597
0 0.9621171875000001 0.3638726851851852 0.019140625 0.0164287037037037
3 0.23039739583333332 0.5299245370370371 0.05808854166666665 0.1067898148148148
3 0.25284062500000004 0.4870912037037038 0.040926041666666683 0.058675000000000026
3 0.11455 0.6519699074074075 0.06666979166666669 0.09505462962962963
3 0.36835833333333334 0.7710810185185186 0.047527083333333366 0.06806388888888891
3 0.6317369791666666 0.35331111111111113 0.05676562500000001 0.09388148148148148
3 0.7568281250000001 0.5727574074074074 0.05742708333333333 0.08918703703703704
3 0.7885130208333334 0.6378875 0.04554687500000002 0.0668898148148148
3 0.8541927083333334 0.5187763888888889 0.046208333333333344 0.06806388888888891
0 0.12610156250000001 0.6807203703703704 0.01980312499999998 0.023470370370370332
0 0.22148619791666668 0.5580888888888889 0.013861979166666642 0.019950000000000048
0 0.26076197916666666 0.5029337962962963 0.010561458333333343 0.015256481481481565
0 0.3802401041666667 0.7634532407407408 0.010561458333333343 0.02229722222222224
0 0.3709984375 0.7851634259259259 0.017162499999999997 0.021123148148148137
0 0.7429661458333333 0.5792115740740741 0.009901041666666662 0.01760277777777775
0 0.7472552083333334 0.5974013888888889 0.017166666666666684 0.01642870370370375
0 0.7710182291666666 0.5956412037037038 0.013203124999999953 0.01760277777777775
0 0.8442916666666667 0.519362962962963 0.009239583333333337 0.015255555555555555
0 0.8578229166666667 0.529924537037037 0.01121874999999998 0.01760277777777775
0 0.7739895833333333 0.6449287037037037 0.00990624999999999 0.019950000000000048
0 0.7931302083333333 0.657837037037037 0.012541666666666628 0.015255555555555555
0 0.6317395833333334 0.36035231481481483 0.009239583333333337 0.023469444444444428
