3 0.29904765624999996 0.5932939814814815 0.04620677083333333 0.06219537037037031
3 0.3482252604166666 0.4477787037037037 0.05742864583333335 0.088012962962963
3 0.4459197916666666 0.6660518518518519 0.06270937499999996 0.12321851851851855
3 0.46803333333333336 0.7704944444444445 0.05016770833333333 0.0692370370370371
3 0.4980671875 0.7376356481481482 0.04686562499999999 0.06454351851851851
3 0.6155677083333333 0.7652134259259259 0.04290624999999994 0.0704101851851852
3 0.789171875 0.4477787037037037 0.05082291666666663 0.07862592592592593
3 0.5185315104166667 0.44191111111111114 0.03894739583333333 0.05515555555555554
0 0.3591169270833333 0.4624476851851852 0.011881770833333328 0.02112314814814819
0 0.33898385416666665 0.4777032407407407 0.017822916666666622 0.01642870370370375
0 0.3660479166666667 0.4759430555555556 0.011221875000000025 0.019949074074074143
0 0.43634843749999996 0.6989101851851852 0.014521875000000031 0.019950000000000048
0 0.3063088541666667 0.5886000000000001 0.01716250000000006 0.015255555555555555
0 0.31290989583333334 0.6038555555555556 0.014521874999999972 0.015255555555555555
0 0.29343697916666667 0.6050291666666666 0.015182291666666714 0.019949074074074036
0 0.5086294270833334 0.44132453703703706 0.011221354166666645 0.0164287037037037
0 0.5201799479166667 0.4565800925925926 0.011879687499999984 0.014082407407407412
0 0.5069791666666668 0.7329416666666667 0.009241666666666681 0.015255555555555555
0 0.49971796874999996 0.7540648148148148 0.015842187500000014 0.02229629629629623
0 0.4792549479166666 0.7505444444444445 0.00924114583333336 0.01994999999999994
3 0.8119453124999999 0.3392291666666667 0.0594114583333333 0.09388055555555552
0 0.6040156250000001 0.766387037037037 0.010562499999999985 0.018775925925925946
3 0.8878567708333333 0.5264041666666667 0.05017187499999996 0.06454351851851851
0 0.8802656249999999 0.519362962962963 0.00990624999999999 0.015255555555555555
0 0.8799348958333333 0.5381393518518518 0.011880208333333423 0.017602777777777853
0 0.9027083333333333 0.5410731481481482 0.013864583333333276 0.018775925925925946
0 0.47562447916666667 0.7945509259259259 0.012541666666666687 0.018775925925925946
0 0.8139270833333332 0.3450962962962963 0.009239583333333337 0.023470370370370384
0 0.8030338541666665 0.4647949074074075 0.009901041666666662 0.0164287037037037
2 0.18419036458333332 0.6349537037037037 0.027724479166666694 0.06337037037037042
0 0.184190625 0.6425814814814815 0.023763541666666655 0.01994999999999994
