2 0.4564815104166667 0.3673935185185185 0.04950781249999997 0.10796296296296294
4 0.15943671875 0.381475462962963 0.14588177083333334 0.23000833333333334
3 0.2729739583333333 0.5651296296296295 0.08647291666666668 0.1302592592592592
3 0.350865625 0.7259009259259259 0.08383229166666666 0.10913703703703709
3 0.6802552083333334 0.6431680555555556 0.09307291666666669 0.12908611111111112
3 0.7673880208333334 0.509387962962963 0.11947395833333327 0.21123148148148144
3 0.8492421875 0.32279953703703707 0.09571354166666665 0.15255648148148152
0 0.18980130208333332 0.3503773148148149 0.023103645833333353 0.10209537037037035
0 0.15382604166666666 0.34744351851851857 0.006601041666666655 0.07745185185185183
0 0.12247109375 0.31165185185185185 0.012542187499999994 0.038725925925925886
0 0.8584817708333332 0.37560787037037036 0.031026041666666632 0.02816388888888892
0 0.2914567708333333 0.5657166666666666 0.015182291666666655 0.023470370370370437
0 0.27495390625000005 0.5915337962962963 0.02706406250000001 0.023469444444444428
0 0.7393333333333333 0.5621958333333333 0.01584375000000004 0.02816388888888892
0 0.7891692708333333 0.5539814814814814 0.015182291666666596 0.03051111111111111
0 0.6634218749999999 0.6431685185185185 0.02904166666666666 0.03051111111111111
0 0.6548411458333334 0.6736796296296297 0.019807291666666654 0.02581666666666662
