0 0.8934895833333333 0.8819444444444445 0.022395833333333334 0.021296296296296296
0 0.40859375 0.46620370370370373 0.008854166666666666 0.015740740740740743
0 0.3984375 0.49722222222222223 0.013541666666666667 0.014814814814814815
0 0.17864583333333334 0.5486111111111112 0.010416666666666666 0.021296296296296296
0 0.16328125 0.5810185185185185 0.022395833333333334 0.017592592592592594
0 0.13046875 0.576388888888889 0.0109375 0.025
0 0.9731770833333333 0.625 0.0109375 0.024074074074074074
3 0.8934895833333333 0.8407407407407408 0.07135416666666666 0.13148148148148148
3 0.3971354166666667 0.47962962962962963 0.0453125 0.07592592592592592
3 0.15833333333333333 0.5444444444444445 0.071875 0.11851851851851852
3 0.98046875 0.6027777777777777 0.0390625 0.12592592592592594
3 0.023177083333333334 0.5546296296296297 0.0453125 0.08888888888888889
