2 0.5053302083333333 0.6126569444444444 0.031027083333333334 0.07979907407407406
0 0.50400859375 0.6232189814814814 0.027064062499999982 0.021123148148148137
4 0.1630671875 0.6466888888888889 0.09901458333333332 0.15725000000000006
3 0.23006744791666667 0.7804689814814816 0.07987239583333335 0.12908611111111112
3 0.30300859374999994 0.7886837962962963 0.05544843749999995 0.08214537037037035
3 0.31323984374999997 0.8367976851851853 0.06006927083333332 0.09388055555555552
3 0.43172786458333334 0.8109800925925926 0.06336927083333332 0.09153425925925934
3 0.5337140625 0.7018439814814815 0.07459270833333331 0.13612685185185192
3 0.6564921875 0.6138305555555555 0.04950520833333331 0.07979814814814816
3 0.738015625 0.578625462962963 0.0514895833333334 0.07510462962962958
3 0.84 0.6519699074074075 0.06270833333333338 0.08331944444444446
3 0.7376848958333333 0.46362083333333337 0.06139062499999994 0.11735092592592596
0 0.18452057291666665 0.6214583333333333 0.01782239583333333 0.062196296296296215
0 0.160096875 0.6073759259259259 0.007261458333333337 0.026990740740740825
0 0.1373234375 0.6144171296296297 0.010561458333333343 0.041073148148148185
0 0.20927421875000002 0.8174347222222224 0.021123437499999977 0.02933796296296302
0 0.2469 0.7974847222222222 0.015842708333333337 0.022297222222222135
0 0.2498703125 0.8238888888888889 0.02178333333333334 0.03051111111111111
0 0.7324036458333333 0.4841574074074074 0.020463541666666647 0.019950000000000048
0 0.7558359375 0.4865046296296296 0.011880208333333305 0.02464444444444443
0 0.7284427083333334 0.5029337962962963 0.020458333333333318 0.022297222222222135
0 0.30267838541666664 0.8098069444444445 0.0178223958333333 0.021123148148148245
0 0.8287786458333334 0.6461018518518519 0.013859374999999948 0.01994999999999994
0 0.5297526041666667 0.735875925925926 0.020463541666666647 0.023470370370370332
0 0.6528619791666666 0.6202847222222223 0.02244270833333329 0.01760277777777775
0 0.6716744791666666 0.6320199074074074 0.009901041666666662 0.019949074074074143
0 0.6498932291666667 0.6390611111111111 0.015182291666666596 0.015255555555555555
0 0.7446145833333333 0.6003351851851851 0.013197916666666623 0.017601851851851844
0 0.7241510416666666 0.5886 0.010562499999999985 0.017601851851851844
0 0.4158854166666667 0.8045259259259259 0.011882291666666708 0.01994999999999994
0 0.450540625 0.8326902777777777 0.012541666666666628 0.02229722222222224
0 0.42446692708333333 0.8326902777777777 0.018482812500000043 0.02229722222222224
0 0.3049888020833333 0.8590944444444445 0.014522395833333352 0.018775925925925946
0 0.16273697916666668 0.6355402777777778 0.03894583333333334 0.07158425925925929
