2 0.7106197916666666 0.49589259259259255 0.06007291666666662 0.11617777777777777
4 0.19574218750000003 0.39673101851851855 0.141921875 0.2253138888888889
3 0.24524973958333332 0.6396476851851852 0.10231510416666666 0.18776203703703706
3 0.4713338541666667 0.7206199074074074 0.07129062499999997 0.12673981481481472
3 0.50896015625 0.7916171296296297 0.09373593750000003 0.13730092592592602
3 0.8122734375 0.5827328703703704 0.12079687500000003 0.2217935185185185
3 0.9921536458333333 0.6020953703703703 0.08317187500000003 0.11969814814814815
3 0.34657499999999997 0.6361273148148148 0.09109374999999999 0.13378055555555562
0 0.1617471354166667 0.33042777777777776 0.011881770833333328 0.03637962962962965
0 0.19178151041666666 0.3615259259259259 0.005941145833333324 0.07745185185185183
0 0.22874713541666666 0.37032731481481485 0.024423437500000016 0.09740092592592592
0 0.23237760416666664 0.7082981481481482 0.02640416666666665 0.02933703703703701
0 0.36208723958333333 0.6554898148148149 0.019143229166666664 0.02699074074074072
0 0.5294244791666667 0.7945513888888889 0.01716145833333336 0.02816388888888881
0 0.5469140625 0.8233023148148149 0.015182291666666714 0.03637870370370369
0 0.50466875 0.8233023148148149 0.024423958333333277 0.02933796296296302
0 0.8363697916666666 0.6343671296296296 0.02112499999999997 0.03168425925925931
0 0.9868697916666667 0.6373004629629629 0.025083333333333256 0.02816388888888892
0 0.47694479166666665 0.7605189814814816 0.02178333333333331 0.021123148148148245
