2 0.609625 0.4407379629629629 0.036302083333333235 0.07393148148148143
4 0.25614140625 0.7499578703703704 0.1293796875 0.26051944444444447
3 0.5455963541666667 0.332187962962963 0.031026041666666632 0.049287037037037004
3 0.6020338541666668 0.3873430555555556 0.03696354166666668 0.05867499999999998
3 0.6868541666666667 0.40670601851851856 0.04818749999999999 0.08566574074074075
3 0.7162291666666667 0.4055324074074074 0.03960416666666665 0.05750185185185189
3 0.5597864583333333 0.4630342592592593 0.06733333333333338 0.1185240740740741
3 0.43304791666666664 0.7716675925925927 0.10561562499999996 0.2077111111111112
3 0.7281119791666666 0.7376356481481482 0.06204687499999994 0.11852499999999995
3 0.7835625 0.8221287037037037 0.09637499999999997 0.13025925925925932
1 0.2010231770833333 0.656663425925926 0.013861979166666672 0.043419444444444476
1 0.22907708333333332 0.6331935185185185 0.02640416666666665 0.015255555555555555
1 0.22610677083333333 0.6613578703703703 0.03366458333333332 0.041073148148148185
0 0.2706635416666667 0.6701592592592593 0.034324999999999994 0.06102222222222222
0 0.23468828125 0.6906953703703704 0.020463020833333328 0.03872592592592599
0 0.20366328125 0.7405699074074074 0.016502604166666667 0.09388055555555552
4 0.8489114583333333 0.1409060185185185 0.03036458333333331 0.0445935185185185
0 0.8452786458333333 0.13503842592592594 0.005942708333333376 0.0164287037037037
0 0.39707265625 0.8168476851851852 0.013861979166666672 0.037552777777777796
0 0.45879192708333333 0.7546513888888889 0.018482812500000043 0.044593518518518574
0 0.4449299479166666 0.8262361111111112 0.03168489583333335 0.0352055555555556
0 0.7003880208333333 0.4143337962962963 0.010557291666666776 0.021123148148148137
0 0.51391015625 0.7857495370370371 0.011221354166666704 0.029337962962962913
3 0.5396536458333333 0.7863365740740741 0.07063020833333333 0.11500462962962968
0 0.7555078125 0.8279962962962963 0.019140625 0.03872592592592599
0 0.7977526041666666 0.8561601851851852 0.021786458333333297 0.02699074074074072
0 0.7056692708333333 0.40377222222222225 0.010557291666666658 0.018775925925925946
0 0.7188723958333334 0.4202013888888889 0.011880208333333423 0.014082407407407412
3 0.6667239583333334 0.17200370370370371 0.023760416666666728 0.04342037037037038
0 0.5710078125 0.49002546296296295 0.011880208333333305 0.01760277777777775
0 0.5436145833333333 0.4964796296296296 0.012541666666666628 0.018775925925925946
0 0.5941119791666666 0.3873430555555556 0.011880208333333305 0.0164287037037037
0 0.5891614583333333 0.3984912037037037 0.00990624999999999 0.01760277777777775
0 0.6073124999999999 0.40025138888888884 0.010562499999999985 0.014082407407407412
0 0.5383333333333333 0.3398157407407407 0.008583333333333342 0.015255555555555555
0 0.548234375 0.3327745370370371 0.0112187500000001 0.010562037037037073
0 0.5515338541666668 0.34450972222222226 0.009901041666666662 0.01290833333333331
0 0.6152369791666668 0.4542328703703704 0.018484375000000004 0.0164287037037037
