0 0.6755208333333333 0.6268518518518519 0.010416666666666666 0.022222222222222223
0 0.6997395833333333 0.6305555555555555 0.0203125 0.014814814814814815
0 0.7041666666666666 0.650462962962963 0.01875 0.015740740740740743
0 0.56875 0.5351851851851852 0.009375 0.022222222222222223
0 0.5536458333333333 0.5675925925925926 0.014583333333333334 0.014814814814814815
0 0.7283854166666667 0.475462962962963 0.018229166666666668 0.012037037037037037
0 0.73125 0.4930555555555556 0.0125 0.015740740740740743
0 0.70546875 0.4930555555555556 0.008854166666666666 0.015740740740740743
0 0.6661458333333333 0.7171296296296297 0.016666666666666666 0.015740740740740743
0 0.6497395833333334 0.7050925925925926 0.008854166666666666 0.021296296296296296
0 0.8721354166666666 0.6342592592592593 0.0140625 0.016666666666666666
0 0.8486979166666666 0.6129629629629629 0.011979166666666666 0.011111111111111112
0 0.8481770833333333 0.6324074074074074 0.011979166666666666 0.018518518518518517
0 0.65 0.587962962962963 0.008333333333333333 0.020370370370370372
0 0.9942708333333333 0.27685185185185185 0.011458333333333333 0.016666666666666666
2 0.99375 0.28055555555555556 0.0125 0.06481481481481481
3 0.8604166666666666 0.625925925925926 0.06354166666666666 0.07962962962962963
3 0.7223958333333333 0.47870370370370374 0.051041666666666666 0.07777777777777778
3 0.6955729166666667 0.5990740740740741 0.06197916666666667 0.1388888888888889
3 0.6643229166666667 0.7041666666666667 0.0515625 0.08055555555555556
3 0.5552083333333333 0.5462962962962963 0.046875 0.07777777777777778
3 0.6713541666666667 0.5717592592592593 0.06145833333333333 0.125
