2 0.5634166666666667 0.45129953703703707 0.0336666666666666 0.07158425925925924
3 0.6086354166666667 0.16496296296296298 0.026406250000000023 0.04342037037037038
3 0.53239375 0.4730092592592593 0.041587499999999916 0.06571666666666666
3 0.41126458333333327 0.4976527777777777 0.07789166666666668 0.13143333333333332
3 0.6383385416666667 0.37443425925925927 0.04092708333333341 0.06102222222222222
3 0.6888385416666666 0.3761944444444445 0.04818749999999999 0.07627777777777778
3 0.5789296875000001 0.6056157407407408 0.042244791666666615 0.08918703703703704
3 0.48189505208333333 0.9400652777777779 0.12541822916666673 0.19714722222222222
3 0.6208463541666667 0.9001685185185185 0.08647395833333332 0.1384777777777778
3 0.7102890625 0.8414916666666666 0.08845312500000008 0.14551481481481487
3 0.5086294270833334 0.3380555555555556 0.03234531249999997 0.05163518518518521
0 0.577609375 0.6108967592592593 0.02376041666666661 0.01760277777777775
0 0.5766171875 0.6349537037037037 0.015182291666666714 0.018775925925925946
0 0.5135799479166666 0.33746898148148147 0.011881770833333328 0.012908333333333362
0 0.5155604166666666 0.3503773148148149 0.009241666666666681 0.01290833333333331
0 0.5026885416666667 0.34803055555555557 0.008581249999999999 0.015255555555555555
0 0.59609375 0.8901921296296297 0.01584375000000004 0.03637870370370369
0 0.6350390625000001 0.9406527777777778 0.02244270833333329 0.02699074074074072
0 0.4320578125 0.5322712962962963 0.013862499999999993 0.01994999999999994
0 0.40268359374999996 0.5310981481481482 0.011881770833333328 0.019950000000000048
0 0.5261223958333333 0.4847444444444445 0.010557291666666658 0.01642962962962955
0 0.5469140624999999 0.47887685185185186 0.009901041666666662 0.018775925925925946
0 0.7366953125 0.873762962962963 0.01716145833333336 0.02699074074074072
0 0.6786041666666667 0.3820625 0.010562499999999985 0.01760277777777775
0 0.6937864583333334 0.3967314814814815 0.014520833333333271 0.011735185185185218
0 0.6729921875 0.392037037037037 0.009901041666666662 0.018775925925925894
4 0.7789401041666667 0.12799722222222226 0.023765625000000058 0.0422462962962963
1 0.13501302083333333 0.7481972222222223 0.01782291666666665 0.05046111111111116
1 0.16339713541666664 0.7511310185185185 0.037625520833333356 0.05632870370370374
4 0.20168307291666665 0.8520550925925927 0.1564432291666667 0.29807500000000003
1 0.16900807291666667 0.7147523148148148 0.027724479166666663 0.016428703703703647
0 0.14029375 0.8473587962962964 0.024423958333333322 0.09857500000000001
0 0.17725937499999997 0.7816425925925926 0.023103125000000002 0.04694074074074077
0 0.21587526041666666 0.7481976851851851 0.038285937500000006 0.05984907407407403
0 0.7749791666666667 0.12212962962962962 0.0066041666666667 0.018775925925925918
0 0.5710078125 0.46362129629629634 0.01716145833333336 0.018775925925925946
0 0.6350390625000001 0.3750212962962963 0.01320312500000007 0.019949999999999992
0 0.6475807291666666 0.3849962962962963 0.009244791666666667 0.011735185185185166
0 0.6290963541666666 0.38675601851851854 0.00792187500000002 0.01290833333333331
2 0.7687083333333333 0.13679814814814817 0.012541666666666628 0.026990740740740746
0 0.7693697916666666 0.135625 0.008583333333333342 0.008214814814814828
