2 0.593453125 0.44132453703703706 0.03432291666666672 0.07041018518518524
3 0.39047161458333335 0.49882638888888886 0.07195052083333332 0.11735092592592591
3 0.7135885416666667 0.8485328703703705 0.0712916666666666 0.14786203703703696
3 0.6211744791666668 0.9013398148148148 0.07789062499999998 0.1408203703703704
3 0.4224864583333333 0.9617750000000002 0.12277812500000002 0.15372777777777785
3 0.5769505208333333 0.6502092592592593 0.05280729166666672 0.1032685185185185
3 0.5528541666666666 0.38147546296296303 0.03234374999999995 0.06102314814814818
3 0.5436145833333333 0.40670601851851856 0.02573958333333337 0.05515462962962964
3 0.6993958333333333 0.3738476851851852 0.04818749999999999 0.07627870370370374
3 0.609296875 0.16789629629629627 0.025083333333333374 0.0422462962962963
3 0.5115989583333334 0.3585921296296296 0.034322916666666654 0.05515462962962964
0 0.5772786458333333 0.6554902777777778 0.024421874999999933 0.019949074074074036
0 0.5802499999999999 0.6836546296296296 0.017166666666666684 0.019950000000000048
0 0.5026885416666667 0.3597657407407408 0.011221874999999966 0.015255555555555555
0 0.5135802083333333 0.3703273148148148 0.010561458333333343 0.0176027777777778
0 0.6261249999999999 0.9459351851851852 0.023104166666666613 0.02581481481481481
0 0.5941119791666666 0.8854981481481482 0.011880208333333305 0.02933703703703701
0 0.5432838541666667 0.42430879629629636 0.011880208333333305 0.01290833333333331
0 0.7086380208333334 0.8849111111111111 0.020463541666666647 0.03051111111111111
0 0.6894973958333334 0.3803018518518519 0.009901041666666662 0.014081481481481454
0 0.7043489583333333 0.3955578703703704 0.014520833333333271 0.014082407407407412
0 0.6838854166666666 0.38968981481481485 0.009239583333333337 0.018775925925925946
1 0.13963359375 0.7517180555555556 0.013861979166666672 0.05280833333333324
1 0.16966822916666668 0.7194467592592594 0.031684375 0.021123148148148137
1 0.16669791666666667 0.7546518518518519 0.03894583333333331 0.04928703703703705
4 0.20498359375 0.8596800925925927 0.1498421875 0.3133250000000001
0 0.14458463541666666 0.8508796296296297 0.022443229166666672 0.1009222222222222
0 0.17989973958333336 0.7875097222222223 0.02574427083333335 0.044593518518518574
0 0.21884557291666665 0.7511310185185185 0.04026614583333332 0.05632870370370374
4 0.7789401041666667 0.1285837962962963 0.023765625000000058 0.04107314814814816
0 0.7749817708333333 0.12389027777777778 0.00792187500000002 0.017602777777777762
0 0.5997239583333333 0.4507125 0.01782291666666668 0.021123148148148137
0 0.5564869791666667 0.38675601851851854 0.010557291666666658 0.01290833333333331
