2 0.6033541666666666 0.4536462962962963 0.026406250000000023 0.07158333333333329
3 0.5277713541666667 0.382062037037037 0.03762395833333336 0.05280740740740739
3 0.53074375 0.41140000000000004 0.030366666666666712 0.045766666666666664
3 0.60434375 0.4055324074074074 0.04951041666666664 0.07393148148148149
3 0.6020338541666668 0.6108967592592592 0.05808854166666665 0.09505462962962963
3 0.5878411458333334 0.6795472222222223 0.05082812500000008 0.09388148148148143
3 0.5941119791666666 0.7816425925925926 0.06732812499999999 0.11265740740740737
3 0.48684609375 0.37326064814814813 0.03366510416666664 0.0516342592592593
3 0.6000546875 0.19312685185185186 0.023765625000000058 0.045766666666666664
3 0.2577916666666667 0.42137453703703703 0.054788541666666676 0.09857500000000001
0 0.5885026041666667 0.6807208333333333 0.024421874999999933 0.021123148148148137
0 0.5904817708333333 0.7065375 0.017817708333333352 0.021123148148148137
0 0.4934471354166667 0.3738476851851852 0.00858177083333338 0.0176027777777778
0 0.49872812499999997 0.38206203703703706 0.008581249999999999 0.015255555555555555
0 0.48387578125 0.38616944444444445 0.011881770833333328 0.016429629629629655
0 0.5696875000000001 0.7804689814814816 0.010562499999999985 0.02816388888888892
0 0.6003828124999999 0.8221287037037037 0.019140625 0.019950000000000048
3 0.49806692708333333 0.9870046296296298 0.09703281250000005 0.1032685185185185
0 0.5330520833333333 0.42430833333333334 0.01121874999999998 0.015255555555555555
0 0.5885026041666667 0.627912962962963 0.013859375000000066 0.018775925925925946
0 0.6185364583333334 0.6302597222222222 0.013197916666666623 0.021123148148148137
0 0.5845416666666666 0.42078842592592597 0.008583333333333342 0.01760277777777775
0 0.5914739583333334 0.4137472222222222 0.010562499999999985 0.019949999999999992
4 0.7667291666666666 0.15792175925925925 0.024427083333333263 0.03637870370370369
1 0.11950078125000001 0.7710810185185185 0.014522395833333339 0.046939814814814865
1 0.1525057291666667 0.7364625 0.03960625000000002 0.019949074074074143
1 0.14887526041666668 0.7716675925925927 0.03762552083333334 0.050461111111111054
4 0.1861708333333333 0.8708273148148149 0.15842395833333334 0.28867870370370385
0 0.2033333333333333 0.7704939814814815 0.03960625000000002 0.05984907407407403
0 0.16438750000000002 0.8062865740740742 0.02640416666666665 0.05163425925925925
0 0.12280104166666667 0.8708291666666667 0.019803124999999994 0.1032694444444444
0 0.7634270833333333 0.15088055555555555 0.005937500000000047 0.015255555555555555
0 0.6033541666666666 0.46420787037037037 0.02376041666666661 0.019949074074074036
2 0.7538567708333334 0.1661365740740741 0.013203124999999953 0.024643518518518526
0 0.754515625 0.16378935185185184 0.009239583333333337 0.010562037037037047
