2 0.5868515625 0.46127407407407406 0.031682291666666744 0.0680629629629629
3 0.45879192708333333 0.3685666666666667 0.03564531250000004 0.049287037037037004
3 0.48684609375 0.35389814814814813 0.028383854166666705 0.045766666666666664
3 0.5271125 0.4178541666666667 0.03102499999999993 0.056328703703703686
3 0.6597916666666667 0.8614402777777778 0.08383333333333336 0.14786018518518526
3 0.708640625 0.3773680555555556 0.04290624999999994 0.07627870370370368
3 0.7333932291666667 0.450712962962963 0.04489062500000003 0.0657166666666666
3 0.5779401041666666 0.19430046296296297 0.024421874999999933 0.04341944444444445
3 0.17824947916666664 0.677786574074074 0.128059375 0.2030175925925926
3 0.5809088541666667 0.6326064814814816 0.04884895833333332 0.09153333333333333
0 0.5792604166666666 0.6337800925925926 0.023104166666666613 0.01877685185185185
0 0.5832213541666665 0.6560773148148148 0.015182291666666596 0.021123148148148137
0 0.44823046875 0.37971481481481484 0.007921354166666639 0.015255555555555555
0 0.4627526041666667 0.38147546296296303 0.010561458333333343 0.0164287037037037
0 0.6472499999999999 0.8849115740740742 0.01782291666666668 0.025817592592592524
0 0.20696380208333331 0.7065379629629629 0.01782239583333333 0.02581666666666662
0 0.16075703125000002 0.7411564814814816 0.016502604166666667 0.02699074074074072
0 0.5380026041666668 0.42548240740740745 0.006598958333333253 0.015255555555555555
0 0.5238114583333333 0.43428333333333335 0.011220833333333324 0.014081481481481454
0 0.7248125 0.4624476851851852 0.010562499999999985 0.018776851851851902
0 0.7198593750000001 0.39321064814814816 0.012541666666666748 0.014082407407407412
0 0.7003880208333333 0.39145 0.01320312500000007 0.015255555555555555
4 0.7423046874999999 0.15322731481481483 0.02442187500000005 0.03637870370370369
1 0.07593411458333332 0.8385574074074075 0.017163020833333334 0.05750185185185183
1 0.12049088541666667 0.7945513888888889 0.03498489583333333 0.021123148148148245
4 0.15349583333333333 0.9101407407407408 0.18284791666666667 0.25699629629629633
1 0.11190937499999999 0.8373842592592593 0.049507291666666654 0.06454259259259251
0 0.17296875 0.8238888888888889 0.048846875 0.05867592592592593
0 0.12775182291666667 0.8708291666666667 0.027064062499999996 0.05867499999999992
0 0.08253489583333333 0.9453476851851852 0.02376354166666667 0.10913796296296299
0 0.5891614583333333 0.47183564814814816 0.023104166666666613 0.016428703703703647
0 0.48684609375 0.36739305555555557 0.009901562499999983 0.014082407407407412
0 0.7452760416666666 0.4606875 0.010562499999999985 0.01290833333333331
0 0.7373541666666666 0.14677361111111112 0.005281249999999934 0.014082407407407412
