2 0.4980677083333333 0.697149537037037 0.04290625 0.0704101851851852
3 0.44691015624999997 0.7024305555555556 0.0554484375 0.08331851851851844
3 0.42116614583333334 0.578625462962963 0.05808854166666665 0.08214537037037035
3 0.5030177083333333 0.6032689814814814 0.06204791666666664 0.06806388888888891
3 0.5492265625 0.6584236111111113 0.05280729166666666 0.07510462962962958
3 0.35020546874999997 0.6942162037037037 0.07327135416666669 0.10913611111111109
3 0.13105260416666667 0.6502097222222223 0.08911354166666667 0.14082129629629628
0 0.4604421875 0.6983231481481482 0.013862499999999993 0.028164814814814823
0 0.4251268229166667 0.7200333333333333 0.010561979166666664 0.022296296296296335
0 0.4106046875 0.5903601851851852 0.01320208333333331 0.01877592592592584
0 0.5122598958333333 0.5974013888888889 0.01320208333333331 0.014082407407407358
0 0.48717630208333335 0.6220449074074074 0.011881770833333328 0.016428703703703647
0 0.11355989583333333 0.6942157407407407 0.017162499999999997 0.022296296296296335
0 0.1475546875 0.6860013888888888 0.015182291666666655 0.024643518518518526
0 0.32182135416666663 0.7212064814814815 0.011221874999999966 0.02699074074074072
0 0.36901822916666666 0.6994967592592592 0.01320208333333331 0.021123148148148245
0 0.350865625 0.7247273148148149 0.016502083333333317 0.02229722222222224
0 0.5370130208333334 0.6707458333333334 0.01122395833333331 0.02229722222222224
0 0.558796875 0.6807203703703704 0.013864583333333395 0.018775925925925946
0 0.5142414062499999 0.618524537037037 0.013204687499999975 0.01877685185185185
4 0.05646119791666666 0.6983231481481482 0.1009953125 0.1689851851851852
0 0.077584375 0.6719189814814815 0.019142708333333328 0.05984907407407403
0 0.029727135416666665 0.6672250000000001 0.0105615625 0.038725925925925886
0 0.051180286458333335 0.6607708333333333 0.008581093750000001 0.0328583333333333
0 0.48420572916666665 0.7006703703703704 0.012541666666666687 0.028164814814814823
0 0.4508705729166666 0.7212064814814815 0.015842187500000014 0.019950000000000048
0 0.4346981770833333 0.5921203703703704 0.013861979166666672 0.019950000000000048
0 0.047879921875 0.686587962962963 0.009901614583333333 0.03755185185185189
