0 0.6749739583333332 0.636713888888889 0.019145833333333327 0.01994999999999994
0 0.6782760416666667 0.6543166666666668 0.019145833333333327 0.017601851851851844
0 0.6498906249999999 0.6349537037037037 0.00990624999999999 0.023470370370370332
0 0.5980729166666666 0.5346185185185186 0.019802083333333324 0.012909259259259266
0 0.5987343749999999 0.5545680555555556 0.01584375000000004 0.01760277777777775
0 0.5752994791666666 0.5522212962962963 0.007265625000000024 0.019950000000000048
0 0.7043489583333333 0.4735958333333334 0.0066041666666667 0.0176027777777778
0 0.6842161458333335 0.4917856481481482 0.013859374999999948 0.014082407407407358
0 0.6736536458333333 0.45716712962962963 0.008578125000000015 0.01760277777777775
0 0.7858723958333333 0.7147523148148148 0.015182291666666714 0.014082407407407464
0 0.76771875 0.7030171296296296 0.009239583333333337 0.021123148148148137
0 0.8350494791666667 0.6220453703703703 0.01320312500000007 0.018775925925925946
0 0.8102942708333333 0.617350925925926 0.01122395833333331 0.016429629629629655
0 0.8112864583333333 0.5997486111111111 0.009239583333333337 0.014082407407407358
0 0.62315625 0.5938810185185185 0.009239583333333337 0.021123148148148137
0 0.9469348958333333 0.25943055555555555 0.01650520833333336 0.018775925925925946
2 0.9565078124999999 0.2600166666666667 0.03828645833333333 0.08097222222222224
3 0.639328125 0.5727578703703704 0.05214583333333327 0.12204537037037035
3 0.668703125 0.6032689814814816 0.06205208333333338 0.14316759259259257
3 0.8208567708333333 0.6120703703703705 0.060067708333333296 0.08097222222222217
3 0.7822395833333333 0.7030171296296297 0.05544791666666669 0.07979907407407406
3 0.6852057291666667 0.46596851851851856 0.047526041666666664 0.07745185185185188
3 0.5941119791666666 0.538725925925926 0.04884895833333332 0.07745185185185188
