0 0.78046875 0.41481481481481486 0.0140625 0.012962962962962964
0 0.7625 0.40740740740740744 0.011458333333333333 0.012962962962962964
0 0.7559895833333333 0.41620370370370374 0.0109375 0.015740740740740743
0 0.15807291666666667 0.6337962962962963 0.0078125 0.019444444444444445
0 0.14661458333333333 0.6601851851851852 0.018229166666666668 0.016666666666666666
0 0.11796875 0.6537037037037037 0.008854166666666666 0.020370370370370372
0 0.36276041666666664 0.6828703703703703 0.008854166666666666 0.01388888888888889
0 0.33359375 0.6930555555555555 0.011979166666666666 0.015740740740740743
0 0.62421875 0.48750000000000004 0.008854166666666666 0.017592592592592594
0 0.00546875 0.6819444444444445 0.009895833333333333 0.015740740740740743
0 0.828125 0.2967592592592593 0.013541666666666667 0.017592592592592594
2 0.009114583333333334 0.6777777777777778 0.0171875 0.05925925925925926
2 0.8354166666666667 0.2976851851851852 0.03125 0.06574074074074074
3 0.7723958333333333 0.39212962962962966 0.051041666666666666 0.08796296296296297
3 0.34791666666666665 0.663425925925926 0.06666666666666667 0.11388888888888889
3 0.1421875 0.6268518518518519 0.06145833333333333 0.10185185185185186
3 0.6145833333333334 0.45787037037037037 0.04791666666666666 0.09722222222222222
