0 0.38486067708333327 0.6642916666666666 0.022443229166666672 0.023470370370370437
2 0.4855260416666667 0.6056162037037036 0.05478854166666664 0.08683981481481474
0 0.4713338541666667 0.24476157407407406 0.021122916666666686 0.0176027777777778
0 0.7766302083333334 0.6232189814814814 0.029708333333333434 0.021123148148148137
0 0.8007239583333332 0.6461018518518519 0.013197916666666623 0.01994999999999994
0 0.5733203125 0.28994166666666665 0.01122395833333331 0.023470370370370332
0 0.5865234375 0.31165185185185185 0.00990104166666678 0.019950000000000048
0 0.5528567708333333 0.31165138888888894 0.019140625 0.02229722222222224
0 0.7158984375 0.6284995370370372 0.020463541666666647 0.02229722222222224
0 0.7264609375 0.6531430555555556 0.02442187500000005 0.022297222222222135
0 0.6815755208333333 0.6443416666666667 0.02838020833333322 0.03051111111111111
0 0.7310833333333332 0.6637046296296297 0.016500000000000032 0.02464444444444443
0 0.754515625 0.6912824074074074 0.025083333333333374 0.023470370370370437
0 0.2964075520833333 0.7675601851851852 0.011881770833333328 0.03051111111111111
0 0.27594427083333334 0.7986583333333332 0.023763541666666655 0.02699074074074072
3 0.4828854166666667 0.23713333333333333 0.056108333333333364 0.08918703703703702
3 0.7825703124999999 0.617350925925926 0.06534895833333335 0.11500370370370377
3 0.281225 0.7722541666666667 0.07393125000000002 0.14082129629629628
3 0.3815604166666667 0.6126569444444444 0.110896875 0.19010833333333335
3 0.5591270833333333 0.28759490740740745 0.07789166666666662 0.12908611111111115
3 0.6931276041666665 0.6085499999999999 0.09241145833333336 0.18189444444444447
3 0.7512161458333333 0.6648782407407409 0.07525520833333334 0.12556574074074073
