0 0.7337239583333334 0.5070407407407408 0.027062500000000017 0.023470370370370437
2 0.7390052083333333 0.49530601851851846 0.04290624999999994 0.08449351851851856
2 0.8343880208333334 0.1602689814814815 0.02376562499999994 0.03637870370370372
0 0.5059890625 0.5657166666666668 0.008581249999999999 0.018775925925925946
0 0.45021041666666667 0.5633694444444446 0.006601041666666655 0.023470370370370437
0 0.47628463541666666 0.5868398148148148 0.01650260416666664 0.016429629629629655
0 0.21224453125 0.5058675925925926 0.009901562499999983 0.025816666666666724
0 0.1828703125 0.5105615740740741 0.02244374999999999 0.01642870370370375
0 0.18320052083333332 0.5281643518518518 0.02178333333333331 0.01877685185185185
0 0.23435807291666666 0.7288347222222222 0.034325520833333345 0.07510462962962958
0 0.20927421875000002 0.7569986111111112 0.013201562500000019 0.05163425925925925
0 0.1957421875 0.7540652777777778 0.01782291666666668 0.05984907407407403
0 0.18980130208333332 0.7851634259259259 0.011221354166666645 0.032858333333333406
0 0.15514609375 0.8092199074074075 0.010561979166666664 0.1067898148148148
1 0.18815104166666666 0.6818939814814815 0.034324999999999994 0.01642870370370375
1 0.1828703125 0.7141657407407408 0.038285416666666655 0.04342037037037038
1 0.15481614583333334 0.7053643518518519 0.015182291666666655 0.05163425925925935
4 0.21323489583333333 0.8244763888888889 0.15974375 0.3062879629629629
0 0.2990479166666667 0.392037037037037 0.010561458333333343 0.00938888888888893
0 0.42809739583333334 0.5316847222222222 0.015182291666666714 0.01642870370370375
0 0.4181955729166667 0.3046106481481482 0.0165026041666667 0.01290833333333331
0 0.4231466145833333 0.31693240740740747 0.011881770833333328 0.011735185185185218
0 0.4030135416666667 0.3110648148148148 0.011221874999999966 0.014081481481481454
0 0.5809114583333332 0.390863425925926 0.01584374999999992 0.014082407407407412
0 0.6201848958333334 0.41961435185185186 0.015182291666666596 0.0176027777777778
0 0.6366901041666667 0.43076296296296296 0.01122395833333331 0.014081481481481454
0 0.6149036458333332 0.43311018518518524 0.009901041666666662 0.018775925925925946
0 0.7310807291666668 0.7223800925925926 0.009901041666666662 0.02229722222222224
0 0.6987369791666667 0.745263425925926 0.020463541666666647 0.025817592592592628
0 0.9106302083333334 0.13797222222222222 0.008583333333333342 0.019949999999999992
3 0.19079140625 0.49706620370370375 0.06469010416666669 0.11148425925925928
3 0.7013802083333334 0.7176861111111111 0.07327083333333337 0.14199444444444448
3 0.6284375 0.42078842592592597 0.054124999999999916 0.07158425925925929
3 0.5805781250000001 0.36739305555555557 0.042906250000000055 0.07979907407407406
3 0.41291510416666666 0.30226342592592587 0.04554687500000002 0.059849074074074075
3 0.6984088541666666 0.18725972222222223 0.02904687499999999 0.048113888888888914
3 0.3006979166666667 0.38147546296296303 0.028384375000000024 0.042247222222222235
3 0.42347656250000004 0.5117347222222223 0.04686666666666669 0.07510462962962969
3 0.476284375 0.5457671296296296 0.07591145833333333 0.14786203703703701
4 0.9155807291666667 0.14383935185185184 0.03564062500000003 0.05280833333333334
