0 0.7403229166666667 0.5797986111111111 0.028385416666666666 0.025817592592592628
2 0.7442864583333333 0.568063425925926 0.042906250000000055 0.08683981481481486
0 0.52018046875 0.501173611111111 0.007920312499999997 0.014082407407407358
0 0.4960875 0.5064546296296296 0.011221874999999966 0.015255555555555555
0 0.24524973958333332 0.676026388888889 0.024423437500000016 0.0328583333333333
0 0.2521807291666667 0.6989101851851853 0.025083333333333315 0.02699074074074072
0 0.20795390625 0.6948027777777778 0.018482812499999984 0.028164814814814823
0 0.2706635416666667 0.7681472222222222 0.029044791666666677 0.07627777777777778
0 0.1914515625 0.8373842592592593 0.009241666666666681 0.10913703703703699
0 0.22940729166666665 0.7704939814814815 0.009901041666666662 0.029337962962962913
1 0.22907708333333332 0.717099537037037 0.030364583333333337 0.01877685185185185
1 0.2234661458333333 0.7464370370370371 0.03894583333333334 0.03755185185185179
1 0.19838255208333333 0.7382222222222222 0.016502604166666667 0.042246296296296275
0 0.22676666666666667 0.8156740740740741 0.008581249999999999 0.03051111111111111
4 0.24491953125 0.8532254629629631 0.15974427083333334 0.30745648148148147
0 0.4713338541666667 0.5627828703703703 0.014521875000000031 0.010562037037037073
0 0.6749739583333334 0.43310972222222227 0.013864583333333276 0.00938796296296292
0 0.6624322916666666 0.4389777777777778 0.008583333333333224 0.011735185185185166
0 0.6779453125 0.44484490740740745 0.010557291666666658 0.009387962962962973
0 0.5848723958333333 0.4730092592592593 0.011880208333333305 0.011735185185185218
0 0.5891614583333333 0.4847444444444445 0.008583333333333342 0.018775925925925946
0 0.5726588541666667 0.48533101851851856 0.01122395833333331 0.01760277777777775
0 0.9756484375 0.24476157407407406 0.007921874999999901 0.024643518518518502
0 0.6568203125000001 0.45481990740740746 0.011880208333333305 0.01290833333333331
0 0.6370182291666667 0.4542328703703704 0.0145260416666666 0.014082407407407412
0 0.6825651041666667 0.5052805555555555 0.009244791666666667 0.022296296296296335
0 0.6726640624999999 0.5217097222222222 0.01583854166666671 0.012908333333333362
0 0.6947760416666666 0.8262361111111112 0.008583333333333342 0.0352055555555556
0 0.7225 0.8825643518518519 0.02310416666666673 0.021123148148148137
0 0.46638281249999997 0.3820625 0.015182291666666655 0.012908333333333362
0 0.47067369791666663 0.3943842592592593 0.010561979166666664 0.011735185185185166
0 0.45021067708333334 0.38910324074074076 0.009241145833333301 0.015256481481481511
4 0.9822500000000001 0.24828194444444446 0.03564583333333336 0.05046018518518517
3 0.7475859375 0.2852476851851852 0.029703125000000104 0.05163425925925925
3 0.4663830729166667 0.5633694444444446 0.034984895833333356 0.07041111111111109
3 0.7218411458333333 0.8409046296296296 0.07195312500000005 0.14199444444444448
3 0.6720026041666666 0.5052810185185185 0.042244791666666615 0.06688981481481475
3 0.6723333333333333 0.430762962962963 0.032343750000000074 0.05163518518518521
3 0.6432890625 0.4389777777777778 0.05082812500000008 0.07745185185185183
3 0.5756302083333333 0.47359629629629635 0.03960416666666665 0.06219629629629632
3 0.5069799479166667 0.4812236111111111 0.062050520833333365 0.09857500000000001
3 0.23270755208333332 0.647275925925926 0.09439427083333335 0.14668888888888887
3 0.4627526041666666 0.3844092592592593 0.04356666666666668 0.07158333333333333
