0 0.7495677083333334 0.5774518518518519 0.028385416666666666 0.025816666666666724
2 0.7548463541666667 0.568650462962963 0.04158854166666662 0.08801388888888885
2 0.92053125 0.2611907407407408 0.021781249999999967 0.03168518518518521
0 0.5452656249999999 0.8778703703703703 0.023760416666666728 0.04694074074074077
0 0.5571458333333332 0.9072078703703704 0.026406250000000023 0.03989907407407408
0 0.4990580729166666 0.9077949074074074 0.03300468750000001 0.038725000000000086
0 0.2700033854166667 0.765800462962963 0.029044270833333326 0.07862500000000007
0 0.22874713541666666 0.7734282407407408 0.013861979166666672 0.044593518518518574
0 0.22478671875 0.8127402777777778 0.009901562500000013 0.029337962962962913
0 0.19046145833333333 0.8321032407407408 0.008581249999999999 0.11031018518518518
1 0.22874713541666666 0.7112319444444445 0.03102447916666667 0.01877685185185185
1 0.22247630208333333 0.7423300925925926 0.03960572916666667 0.04107314814814808
1 0.19640234374999999 0.7311814814814814 0.016502604166666667 0.05163518518518515
4 0.24392968750000002 0.8491212962962964 0.16040416666666663 0.30394259259259265
0 0.6406510416666666 0.4659680555555556 0.007260416666666695 0.014082407407407412
0 0.6320703124999999 0.48005046296296305 0.009901041666666662 0.014082407407407358
0 0.7690390624999999 0.5176027777777777 0.01716145833333336 0.014081481481481454
0 0.7627682291666666 0.529924537037037 0.01122395833333331 0.012908333333333362
0 0.7842213541666666 0.5346185185185186 0.01320312500000007 0.012909259259259266
0 0.5525260416666666 0.6009217592592593 0.011885416666666633 0.025817592592592628
0 0.5446041666666666 0.627912962962963 0.01584374999999992 0.018775925925925946
0 0.5211721354166666 0.6220449074074075 0.008582812500000021 0.021123148148148137
0 0.4710036458333333 0.38088888888888894 0.015182291666666714 0.010561111111111117
0 0.474634375 0.39379722222222224 0.009241666666666622 0.012909259259259266
0 0.4541710937499999 0.3873430555555556 0.00924114583333336 0.014082407407407412
0 0.6769557291666667 0.4536462962962963 0.009901041666666662 0.022296296296296283
0 0.695109375 0.4542333333333334 0.01584374999999992 0.011735185185185166
0 0.6967578125 0.46714166666666673 0.015182291666666596 0.011735185185185218
0 0.6637526041666668 0.5023472222222223 0.009901041666666662 0.016429629629629655
0 0.6564895833333333 0.509387962962963 0.007260416666666695 0.018775925925925946
0 0.6753046875000001 0.5187763888888889 0.01583854166666659 0.014082407407407464
0 0.9806015625000001 0.24182777777777778 0.008578125000000015 0.023470370370370384
3 0.7502239583333333 0.28524722222222226 0.03234374999999995 0.05398148148148149
3 0.7769583333333333 0.519362962962963 0.04488541666666658 0.06454259259259261
3 0.762109375 0.8186078703703705 0.08779166666666664 0.15607685185185186
3 0.5224908854166668 0.8409069444444445 0.11947656250000005 0.22179722222222228
3 0.5393234375 0.6091365740740742 0.055446874999999986 0.08214537037037035
3 0.6729947916666668 0.5046939814814815 0.04818749999999999 0.07510462962962963
3 0.6911458333333333 0.4407379629629629 0.046208333333333226 0.0856666666666666
3 0.631078125 0.4665546296296297 0.03696875000000001 0.05046111111111116
3 0.46572291666666665 0.38088888888888894 0.0442270833333333 0.06454259259259261
4 0.984890625 0.24652175925925926 0.03696875000000001 0.05163425925925925
