0 0.684546875 0.5663032407407408 0.02112499999999997 0.019949074074074036
2 0.6759635416666666 0.5657166666666666 0.046208333333333344 0.1056166666666666
0 0.2779244791666667 0.5733444444444444 0.01320208333333331 0.017601851851851844
0 0.24293932291666664 0.5839060185185185 0.015842187499999986 0.01525648148148146
0 0.7208515624999999 0.7904439814814814 0.021119791666666644 0.03637870370370369
0 0.7198619791666666 0.853813425925926 0.025744791666666583 0.024643518518518526
0 0.6634244791666667 0.835624074074074 0.02244270833333329 0.039899999999999984
0 0.26802291666666667 0.7564120370370371 0.030364583333333337 0.07393148148148149
0 0.2297375 0.7740148148148148 0.019803125000000026 0.06454259259259261
0 0.18551067708333335 0.8238888888888889 0.00924114583333333 0.11030925925925927
1 0.2241265625 0.7047777777777778 0.03498541666666665 0.022296296296296335
1 0.21950572916666666 0.7317685185185185 0.03762604166666668 0.045766666666666664
1 0.19409192708333334 0.7235541666666667 0.019802604166666644 0.04811388888888886
4 0.23897864583333334 0.8432499999999999 0.16106458333333334 0.3086296296296296
0 0.7697005208333334 0.529924537037037 0.013203124999999953 0.012908333333333362
0 0.7749791666666667 0.5457671296296296 0.010562499999999985 0.014082407407407464
0 0.7531953124999999 0.5381393518518518 0.013203124999999953 0.012908333333333258
0 0.6281067708333334 0.47359583333333327 0.013859374999999948 0.01290833333333331
0 0.5842109375 0.5868398148148148 0.011880208333333305 0.016429629629629655
0 0.5822291666666667 0.6097236111111111 0.010562499999999985 0.01760277777777775
0 0.5597890625 0.6138305555555555 0.01320312500000007 0.018775925925925946
0 0.48255546875 0.3767814814814815 0.015842187500000014 0.011735185185185218
0 0.46539296874999997 0.38264907407407406 0.00924114583333336 0.014081481481481507
0 0.48618593750000005 0.39145 0.012541666666666687 0.015255555555555555
0 0.7515468749999998 0.5005870370370371 0.019145833333333327 0.008214814814814881
0 0.7340546875 0.49941296296296295 0.00792187500000002 0.019950000000000048
0 0.7508854166666665 0.5158425925925926 0.016500000000000032 0.010561111111111065
0 0.6855364583333333 0.509387962962963 0.012541666666666628 0.01408148148148156
0 0.6673828125 0.49882638888888897 0.018484374999999886 0.014082407407407358
0 0.6630937499999999 0.5134953703703704 0.012541666666666748 0.015255555555555555
0 0.7386744791666667 0.7728407407407408 0.009244791666666667 0.026990740740740825
0 0.9789505208333333 0.24124120370370372 0.009244791666666667 0.024643518518518526
3 0.5713385416666665 0.5991620370370371 0.05610416666666668 0.08097222222222226
3 0.7492369791666667 0.2823138888888889 0.02904687499999999 0.05046111111111116
3 0.47826484375 0.3709138888888889 0.04422656249999998 0.06102222222222222
3 0.26340234375 0.5528078703703704 0.08845364583333334 0.12439166666666664
3 0.6307473958333333 0.4595138888888889 0.03498437499999992 0.05984814814814812
3 0.6723333333333333 0.4982398148148149 0.048187500000000105 0.06689074074074076
3 0.7498958333333334 0.47887638888888895 0.048843749999999984 0.08683981481481486
3 0.7588046875000001 0.5281643518518518 0.04554687500000002 0.0704101851851852
3 0.7634296875 0.775774537037037 0.06534895833333335 0.12908611111111112
3 0.6987395833333333 0.7980717592592593 0.11419791666666666 0.2135787037037037
4 0.9855520833333333 0.24534814814814815 0.04224999999999994 0.05398148148148147
