0 0.8178854166666667 0.4606875 0.025083333333333374 0.01994907407407409
2 0.8099661458333333 0.4436712962962963 0.047526041666666664 0.08449259259259266
0 0.9132708333333334 0.8854981481481482 0.027062500000000017 0.04107222222222228
0 0.8234947916666667 0.4923722222222222 0.01782291666666668 0.0340314814814815
0 0.8601328125 0.4859180555555556 0.011880208333333305 0.028163888888888867
0 0.8479218749999999 0.5123222222222222 0.012541666666666628 0.015255555555555555
0 0.31753046875 0.5668902777777778 0.011881770833333387 0.025817592592592628
0 0.2894763020833333 0.6085499999999999 0.019143229166666664 0.015255555555555555
0 0.885546875 0.7569986111111111 0.021781250000000085 0.016428703703703647
0 0.8838958333333333 0.7270740740740741 0.02904166666666666 0.019950000000000048
0 0.8515520833333333 0.7129921296296297 0.01584375000000004 0.03403240740740741
0 0.8370312499999999 0.8796305555555556 0.03036458333333331 0.019950000000000048
0 0.6343776041666667 0.38793009259259265 0.01320312500000007 0.0176027777777778
0 0.3564765625 0.4900250000000001 0.010561458333333284 0.022296296296296335
0 0.3198408854166666 0.5146689814814814 0.0165026041666667 0.01760277777777775
3 0.9588177083333334 0.06697476851851852 0.04686458333333334 0.07275787037037036
3 0.6238151041666666 0.37326064814814813 0.047526041666666664 0.07510462962962963
3 0.8462708333333334 0.4777032407407407 0.07261458333333325 0.11265648148148152
3 0.8654140625 0.7135787037037037 0.08317187500000003 0.12439259259259254
3 0.931421875 0.8643731481481483 0.11221875000000002 0.15842037037037043
3 0.8172265625 0.8092199074074075 0.12542187499999996 0.19362870370370375
0 0.7779505208333333 0.8297564814814815 0.0257447916666667 0.056327777777777734
3 0.29376692708333335 0.5674768518518519 0.06469010416666665 0.10913703703703699
3 0.3198408854166666 0.46890185185185185 0.09439427083333332 0.16311851851851858
0 0.4139052083333334 0.49295925925925926 0.02640416666666668 0.023470370370370437
0 0.39179166666666665 0.509975 0.015182291666666714 0.038725925925925886
0 0.41060468750000007 0.5234703703703704 0.033005208333333334 0.028164814814814823
0 0.42545703125 0.6120703703703705 0.02706406250000004 0.0340314814814815
0 0.43700859375 0.5475268518518518 0.014522395833333352 0.045766666666666664
0 0.41258489583333335 0.558675462962963 0.021122916666666686 0.05163425925925925
0 0.39278203125 0.579212037037037 0.011881770833333328 0.05046111111111116
0 0.3637375 0.6754398148148149 0.015842708333333337 0.05046111111111116
4 0.4188559895833333 0.5868398148148148 0.14456197916666666 0.2511314814814815
0 0.3888213541666667 0.4882648148148149 0.007920833333333318 0.028164814814814823
