0 0.9697083333333333 0.32338657407407406 0.018479166666666675 0.012908333333333362
0 0.9997421875 0.4020115740740741 0.004619791666666729 0.024643518518518526
0 0.9815911458333333 0.35624490740740744 0.006598958333333371 0.03403240740740741
0 0.9693776041666666 0.36035231481481483 0.01122395833333331 0.025817592592592628
0 0.9277916666666667 0.3879300925925926 0.0072604166666665765 0.024643518518518526
0 0.9644270833333334 0.38147546296296303 0.019802083333333324 0.0164287037037037
0 0.6891666666666667 0.38558287037037037 0.017166666666666684 0.01290833333333331
0 0.5056591145833333 0.5621962962962963 0.015842187499999955 0.011735185185185166
0 0.5082992187500001 0.5774513888888889 0.011881770833333328 0.014082407407407358
0 0.49113671875000003 0.5704106481481481 0.007921354166666639 0.014082407407407464
0 0.6469192708333333 0.5516342592592592 0.01716145833333336 0.011735185185185166
0 0.6515390624999999 0.5645430555555556 0.01320312500000007 0.014082407407407464
0 0.631078125 0.559849074074074 0.009239583333333337 0.014081481481481454
0 0.16702786458333332 0.4606875 0.01848281250000001 0.01056203703703702
0 0.16867812499999998 0.4759430555555556 0.013862500000000022 0.012908333333333362
4 0.9654192708333333 0.3697402777777778 0.08647395833333332 0.11500462962962968
2 0.6937864583333334 0.38968981481481485 0.02904166666666666 0.06571666666666666
3 0.5020296875 0.5633699074074073 0.03762812499999999 0.06336944444444441
3 0.6422994791666666 0.5522212962962963 0.04489062500000003 0.057501851851851936
3 0.3521859375 0.5117351851851852 0.05874895833333333 0.10092222222222226
3 0.16702786458333332 0.45775324074074075 0.034325520833333345 0.06336944444444441
