0 0.21620520833333334 0.6261523148148148 0.015182291666666684 0.01760277777777775
0 0.08352526041666666 0.6549037037037038 0.021782812500000005 0.01173518518518527
0 0.08286510416666666 0.6689856481481482 0.02178333333333334 0.016428703703703647
0 0.9301041666666666 0.3398157407407407 0.01452083333333339 0.012909259259259266
0 0.6921380208333334 0.6414083333333334 0.008578125000000015 0.015255555555555555
0 0.6627630208333334 0.6255652777777778 0.01320312500000007 0.021123148148148245
0 0.7555078125 0.6314333333333334 0.020463541666666647 0.016429629629629655
0 0.9769687499999999 0.6619444444444446 0.01452083333333339 0.016429629629629655
0 0.8805963541666666 0.5211231481481482 0.007921874999999901 0.011735185185185166
0 0.8937994791666667 0.539312962962963 0.013203124999999953 0.015255555555555555
2 0.9327421875 0.3480300925925926 0.02904687499999999 0.07862499999999997
3 0.21785546875 0.6026819444444446 0.058089062500000004 0.12087129629629635
3 0.6729947916666668 0.6056157407407408 0.07459375000000001 0.13143333333333332
3 0.7508880208333333 0.5921203703703704 0.05610937500000001 0.11148333333333338
3 0.08550546875000001 0.646102314814815 0.057428645833333326 0.08331944444444446
3 0.8931354166666667 0.5287509259259259 0.05016666666666663 0.062196296296296215
3 0.9865416666666667 0.6490356481481482 0.04686458333333334 0.07510462962962958
