0 0.7023671875 0.3996648148148148 0.01716145833333336 0.012909259259259266
0 0.7357031250000001 0.47887685185185186 0.0033020833333332906 0.025816666666666724
0 0.7155729166666667 0.43839074074074075 0.005281250000000052 0.02699074074074072
0 0.7040208333333333 0.4378041666666667 0.007260416666666695 0.021123148148148137
0 0.6630937499999999 0.4665550925925926 0.0033020833333332906 0.024643518518518526
0 0.7007187500000001 0.460687037037037 0.016500000000000032 0.015255555555555555
0 0.4261169270833333 0.47476944444444447 0.01650260416666664 0.012909259259259266
0 0.14854505208333332 0.7646263888888889 0.007921354166666669 0.01760277777777775
0 0.11719036458333332 0.7710810185185185 0.013861979166666656 0.014082407407407358
0 0.49179687499999997 0.48063703703703703 0.006601041666666655 0.012909259259259266
0 0.47232395833333335 0.48357083333333334 0.011221874999999966 0.014082407407407358
0 0.40169322916666667 0.6490361111111111 0.015182291666666655 0.01173518518518527
0 0.41852578125 0.6584236111111113 0.00924114583333336 0.014082407407407358
0 0.3980627604166667 0.6642912037037038 0.011881770833333328 0.014082407407407358
0 0.7990729166666667 0.8133273148148149 0.008583333333333342 0.016428703703703647
0 0.7706875 0.7910305555555556 0.012541666666666628 0.01408148148148156
0 0.7759687500000001 0.8127402777777778 0.012541666666666748 0.01760277777777775
0 0.47760468749999996 0.6331935185185185 0.011221875000000025 0.015255555555555555
0 0.4482302083333334 0.6331930555555556 0.009241666666666681 0.017602777777777853
0 0.6611119791666666 0.776948611111111 0.01650520833333336 0.01642870370370375
0 0.27462421875 0.6584236111111113 0.009241145833333301 0.014082407407407358
0 0.281225 0.6713324074074074 0.006601041666666655 0.01642962962962955
0 0.2581216145833334 0.6801342592592593 0.019802604166666675 0.015255555555555555
3 0.6673828125 0.7552384259259259 0.04489062500000003 0.07393055555555558
3 0.46539296874999997 0.617350925925926 0.062049479166666664 0.11265740740740737
3 0.48750625 0.5809722222222223 0.029704166666666688 0.056327777777777734
3 0.26043203125 0.657837037037037 0.054788020833333326 0.08097222222222217
3 0.45351119791666666 0.5709972222222223 0.03168489583333335 0.05046111111111116
3 0.47661458333333334 0.47183564814814816 0.04224687500000002 0.061023148148148125
4 0.6993984374999999 0.44484490740740745 0.08382812500000002 0.11500462962962962
2 0.42809713541666666 0.47887685185185186 0.024423437500000016 0.06571666666666666
3 0.1244515625 0.7505444444444445 0.06931041666666668 0.11617777777777777
3 0.40796406249999995 0.6496222222222222 0.04356666666666668 0.0692370370370371
3 0.7819088541666666 0.8021791666666667 0.05082812499999995 0.07158425925925929
