0 0.8244791666666667 0.8773148148148149 0.022916666666666665 0.021296296296296296
0 0.27265625 0.4865740740740741 0.009895833333333333 0.019444444444444445
0 0.2598958333333333 0.5157407407407407 0.019791666666666666 0.018518518518518517
0 0.22760416666666666 0.5087962962962963 0.007291666666666667 0.021296296296296296
0 0.02786458333333333 0.5851851851851853 0.0140625 0.020370370370370372
3 0.026822916666666665 0.563425925925926 0.05260416666666667 0.11574074074074074
3 0.7473958333333334 0.47314814814814815 0.052083333333333336 0.10370370370370371
0 0.50703125 0.46574074074074073 0.009895833333333333 0.022222222222222223
3 0.4934895833333333 0.4726851851851852 0.0421875 0.075
3 0.8255208333333334 0.8435185185185186 0.06770833333333333 0.13333333333333333
3 0.25390625 0.4791666666666667 0.06510416666666667 0.11574074074074074
