0 0.6205729166666667 0.6375000000000001 0.018229166666666668 0.017592592592592594
0 0.61484375 0.6199074074074075 0.0171875 0.017592592592592594
0 0.5903645833333333 0.6166666666666667 0.011979166666666666 0.022222222222222223
0 0.54921875 0.5347222222222222 0.01614583333333333 0.015740740740740743
0 0.55625 0.5537037037037037 0.014583333333333334 0.016666666666666666
0 0.5260416666666666 0.5560185185185186 0.010416666666666666 0.017592592592592594
0 0.5533854166666666 0.4518518518518519 0.0078125 0.020370370370370372
0 0.5294270833333333 0.44722222222222224 0.0109375 0.014814814814814815
0 0.5799479166666667 0.45833333333333337 0.0078125 0.016666666666666666
0 0.6106770833333334 0.4527777777777778 0.008854166666666666 0.018518518518518517
0 0.590625 0.4689814814814815 0.015625 0.01388888888888889
0 0.7908854166666667 0.5796296296296296 0.009895833333333333 0.016666666666666666
0 0.7622395833333333 0.5625 0.0109375 0.019444444444444445
0 0.7661458333333333 0.5810185185185185 0.014583333333333334 0.015740740740740743
0 0.5661458333333333 0.5800925925925926 0.008333333333333333 0.019444444444444445
0 0.8924479166666667 0.25833333333333336 0.0171875 0.020370370370370372
0 0.99296875 0.18888888888888888 0.0140625 0.05555555555555556
2 0.9015624999999999 0.25787037037037036 0.040625 0.075
4 0.984375 0.2152777777777778 0.03125 0.12314814814814816
3 0.5385416666666667 0.4361111111111111 0.04895833333333333 0.07037037037037037
3 0.5940104166666667 0.4615740740740741 0.04739583333333333 0.062037037037037036
3 0.7713541666666667 0.5726851851851852 0.058333333333333334 0.0787037037037037
3 0.61171875 0.5884259259259259 0.0609375 0.13611111111111113
3 0.5411458333333333 0.5393518518518519 0.05 0.08240740740740742
3 0.5815104166666667 0.5587962962962963 0.05677083333333333 0.12314814814814816
