0 0.7538541666666667 0.3585921296296296 0.035645833333333245 0.01994907407407409
0 0.7829010416666667 0.4284162037037037 0.011885416666666633 0.07510462962962963
0 0.7231640625 0.431349537037037 0.015182291666666596 0.07862500000000003
0 0.7535260416666667 0.4911986111111111 0.037625000000000006 0.029337962962962913
4 0.7561666666666667 0.4565800925925926 0.18153124999999998 0.24174351851851855
0 0.5574765625 0.6155907407407407 0.011223958333333428 0.017601851851851844
0 0.23666848958333334 0.6003351851851851 0.03762552083333333 0.02933703703703701
0 0.34294453125 0.5375523148148149 0.03630572916666666 0.01877685185185185
0 0.5617682291666666 0.4653814814814815 0.018484375000000004 0.022296296296296335
0 0.5528567708333334 0.4929587962962964 0.021786458333333415 0.014082407407407358
0 0.5109395833333333 0.4923722222222222 0.01320208333333331 0.01994999999999994
0 0.20135312499999997 0.6408212962962964 0.019803124999999994 0.028164814814814823
0 0.16834791666666668 0.6273259259259258 0.010561458333333343 0.02699074074074072
0 0.47562421875 0.5657166666666668 0.009901562499999983 0.03051111111111111
0 0.43964921875 0.5756912037037037 0.025083854166666638 0.02933796296296302
0 0.5469166666666666 0.5709972222222222 0.012541666666666628 0.02699074074074072
0 0.10728880208333334 0.6625310185185186 0.025744270833333333 0.024643518518518526
0 0.16768776041666666 0.6619444444444444 0.011881770833333357 0.03051111111111111
2 0.23006744791666667 0.6079629629629629 0.05742864583333332 0.15725000000000006
3 0.5399848958333333 0.47300925925925924 0.08713437500000006 0.13143333333333332
3 0.44261953125000003 0.540486111111111 0.08383281249999996 0.12087222222222226
3 0.3452546875 0.5381393518518518 0.07129062499999997 0.1373009259259259
3 0.19904270833333335 0.6120703703703705 0.08647291666666665 0.1396481481481482
3 0.12016067708333333 0.6097231481481481 0.1122171875 0.19597592592592594
3 0.5947734375000001 0.5915337962962963 0.09373437500000001 0.14786203703703707
3 0.574640625 0.5440064814814816 0.0785520833333333 0.12321851851851855
