0 0.5063197916666666 0.3497902777777778 0.033006250000000036 0.021123148148148137
0 0.5356927083333333 0.420787962962963 0.012541666666666628 0.07627777777777778
0 0.47562421875 0.4225481481481481 0.009901562499999983 0.07745185185185183
0 0.507309375 0.48239722222222226 0.03498541666666668 0.02581666666666662
4 0.5083005208333333 0.4471921296296297 0.17690937499999998 0.2370490740740741
0 0.22709687499999998 0.5592620370370371 0.029044791666666677 0.03168518518518521
0 0.17131848958333334 0.5651296296296296 0.0323453125 0.03168518518518521
0 0.6934557291666666 0.6449287037037037 0.029703124999999986 0.022296296296296335
0 0.7066588541666667 0.6748532407407407 0.019140625 0.02816388888888881
0 0.6614427083333333 0.6660518518518519 0.019802083333333324 0.0340314814814815
0 0.38288046875 0.4765296296296297 0.018482812500000043 0.02581666666666662
0 0.34162421875 0.48181064814814817 0.01782239583333336 0.024643518518518526
0 0.49839791666666666 0.6484490740740741 0.01320208333333331 0.02699074074074072
3 0.2033333333333333 0.5234703703703704 0.11749791666666666 0.16194444444444442
3 0.47562526041666664 0.6267388888888888 0.09967656250000001 0.12673888888888893
3 0.6782760416666667 0.6437550925925926 0.09835416666666674 0.14434166666666667
3 0.3660479166666667 0.4565800925925926 0.09043333333333337 0.13143240740740747
