0 0.5188611979166667 0.34157592592592595 0.011881770833333328 0.016429629629629655
0 0.507309375 0.3468569444444445 0.02178333333333337 0.012908333333333362
0 0.5238125 0.3879296296296296 0.008583333333333342 0.045766666666666664
0 0.5043388020833334 0.42137500000000006 0.022443229166666672 0.018775925925925894
4 0.50565859375 0.4002513888888889 0.10297447916666667 0.14082129629629628
0 0.6403203125 0.4876777777777778 0.022442708333333408 0.015255555555555555
0 0.6640833333333334 0.4947194444444445 0.010562499999999985 0.022296296296296335
0 0.6888359375 0.6807208333333333 0.015182291666666714 0.021123148148148137
0 0.6578125 0.6455152777777778 0.008583333333333342 0.021123148148148137
0 0.5498854166666667 0.5475273148148149 0.01584375000000004 0.017602777777777853
0 0.6984088541666666 0.7071245370370371 0.00792187500000002 0.017602777777777853
0 0.7208515624999999 0.7217930555555555 0.014526041666666718 0.021123148148148137
0 0.7033567708333333 0.8813912037037036 0.020463541666666647 0.021123148148148137
0 0.6696953125 0.8673087962962963 0.009901041666666662 0.023469444444444428
0 0.21488489583333334 0.4536462962962963 0.008581249999999999 0.017601851851851844
0 0.1970625 0.4624476851851852 0.015182291666666655 0.018776851851851902
0 0.6320677083333334 0.520536574074074 0.013864583333333395 0.01760277777777775
0 0.6139140625 0.5105615740740741 0.01716145833333336 0.014082407407407358
0 0.6076432291666667 0.5281643518518518 0.013859375000000066 0.01877685185185185
0 0.15052552083333334 0.4542328703703704 0.023763541666666655 0.0164287037037037
2 0.15316562499999997 0.46010092592592594 0.033005208333333334 0.08918703703703709
3 0.6482395833333333 0.4782902777777778 0.05148958333333328 0.09740092592592592
3 0.20069296875 0.44484490740740745 0.040926562500000006 0.07510462962962969
3 0.5512057291666667 0.529924074074074 0.04092187499999997 0.08097222222222226
3 0.6211770833333332 0.509387962962963 0.05016666666666663 0.0844925925925926
3 0.6861979166666666 0.6320199074074074 0.07327083333333324 0.14903611111111117
3 0.7155703125 0.706537962962963 0.04620312500000002 0.07979814814814816
3 0.6964270833333333 0.8332773148148148 0.06996874999999995 0.14082129629629628
