0 0.50103828125 0.34157592592592595 0.010561979166666664 0.016429629629629655
0 0.48915651041666663 0.3468564814814815 0.019802604166666703 0.015255555555555555
0 0.5063192708333334 0.38910324074074076 0.006601041666666655 0.045767592592592624
0 0.48684635416666666 0.4225481481481481 0.02178333333333337 0.018775925925925894
4 0.4884966145833333 0.40201203703703703 0.10297552083333332 0.14199444444444448
0 0.6152369791666668 0.47711666666666674 0.018484375000000004 0.015255555555555555
0 0.6089635416666667 0.49354583333333335 0.01782291666666668 0.019949074074074143
0 0.6413098958333333 0.49354583333333335 0.019140625 0.019949074074074143
0 0.7175520833333333 0.7253143518518519 0.01452083333333339 0.021123148148148137
0 0.5389947916666668 0.5129087962962964 0.012541666666666687 0.016428703703703647
0 0.5191916666666666 0.5035203703703703 0.007262500000000038 0.016429629629629655
0 0.7149114583333334 0.7734277777777778 0.01584374999999992 0.018775925925925946
0 0.6904869791666666 0.7622796296296296 0.010557291666666658 0.01760185185185195
0 0.6561614583333333 0.8761101851851852 0.019802083333333324 0.022296296296296335
0 0.6951093749999999 0.8761101851851852 0.019802083333333324 0.022296296296296335
0 0.6960989583333334 0.8414916666666666 0.012541666666666628 0.014081481481481454
0 0.19673229166666667 0.45481944444444444 0.006601041666666655 0.015255555555555555
0 0.17824947916666667 0.4647949074074074 0.014521875000000002 0.021123148148148137
0 0.5762890624999999 0.509387962962963 0.01583854166666671 0.01642962962962955
0 0.5941119791666666 0.5211231481481482 0.013203124999999953 0.01642962962962955
0 0.5703489583333334 0.5258171296296297 0.011885416666666633 0.01877685185185185
0 0.13237265625 0.4565800925925926 0.02310364583333332 0.01877685185185185
2 0.13468307291666667 0.4606875 0.0330046875 0.09036018518518518
3 0.18188020833333332 0.44660555555555553 0.04158645833333333 0.07393148148148143
3 0.7043489583333333 0.7564120370370371 0.05809374999999998 0.08566666666666665
3 0.6759661458333334 0.8279958333333334 0.08449479166666668 0.14434166666666656
3 0.7182109375000001 0.6889351851851852 0.0699739583333334 0.14551481481481487
3 0.6284375 0.4694888888888889 0.06864583333333331 0.1032685185185185
3 0.5835520833333334 0.5082148148148149 0.05677083333333333 0.08449259259259266
3 0.53371328125 0.49589259259259255 0.04290677083333338 0.08566666666666665
