0 0.47628463541666666 0.32749398148148146 0.01254218749999995 0.018776851851851902
0 0.46143229166666666 0.3333615740740741 0.023763541666666714 0.0164287037037037
0 0.4815653645833333 0.3873430555555556 0.011221354166666704 0.05867499999999998
0 0.45780156250000004 0.42665555555555557 0.02574375 0.019949999999999992
4 0.45879192708333333 0.40494583333333334 0.12673906249999997 0.17837314814814817
0 0.5016984375 0.5938810185185185 0.023763541666666655 0.025817592592592524
0 0.46836328125 0.5739310185185185 0.024423437499999957 0.021123148148148137
0 0.4607721354166666 0.5974013888888889 0.022443229166666672 0.02816388888888892
0 0.7406536458333333 0.8279962962962963 0.018484375000000004 0.02229629629629623
0 0.7852109375 0.8062861111111111 0.009901041666666662 0.023470370370370332
0 0.52282265625 0.538725462962963 0.0158442708333333 0.021123148148148137
0 0.6947760416666666 0.8356236111111112 0.012541666666666628 0.021123148148148137
0 0.740984375 0.863201388888889 0.012541666666666628 0.024643518518518526
0 0.7063307291666667 0.8684824074074075 0.01716145833333336 0.025816666666666724
0 0.574640625 0.9341972222222222 0.028385416666666666 0.018772222222222225
0 0.5363541666666667 0.9142476851851853 0.012541666666666628 0.023467592592592512
0 0.09639713541666667 0.4665550925925926 0.00924114583333333 0.01994907407407409
0 0.07362369791666667 0.48005046296296305 0.017822395833333338 0.021123148148148137
0 0.015534986979166667 0.4712490740740741 0.027064088541666666 0.022296296296296335
2 0.01850544270833333 0.47711666666666663 0.040926197916666664 0.11148333333333332
3 0.5561557291666667 0.7998319444444446 0.07194895833333335 0.11383055555555557
3 0.5135799479166666 0.5222962962962963 0.06204843750000008 0.09622777777777783
3 0.07857447916666667 0.460100462962963 0.0514875 0.09153425925925923
3 0.4845346354166667 0.5674768518518519 0.0884515625 0.12556481481481474
3 0.5686979166666667 0.8720050925925926 0.08383333333333341 0.16898981481481484
3 0.7099609375 0.8526398148148149 0.06667187500000012 0.09974814814814821
3 0.7541875 0.7798824074074073 0.09439583333333333 0.17015925925925932
