0 0.4515307291666667 0.2958087962962963 0.015842708333333337 0.021123148148148137
0 0.4320578125 0.30519722222222223 0.03102499999999999 0.018775925925925946
0 0.459121875 0.37502083333333336 0.012541666666666628 0.07158425925925924
0 0.42842734375 0.4248953703703704 0.03168489583333335 0.028164814814814823
4 0.4300776041666667 0.39321064814814816 0.16436458333333334 0.2300083333333333
0 0.35581640625 0.6824810185185186 0.03432552083333332 0.017602777777777853
0 0.40136328125000004 0.7100583333333335 0.019802604166666703 0.028164814814814823
0 0.34789531249999994 0.7088847222222222 0.034324999999999994 0.02816388888888892
0 0.6762942708333334 0.9588425925925926 0.016505208333333243 0.023462962962962994
0 0.698078125 0.9958101851851852 0.023104166666666613 0.017601851851851844
0 0.7366927083333332 0.9893518518518519 0.010562499999999985 0.028166666666666736
0 0.7426354166666668 0.8778703703703703 0.023760416666666728 0.028164814814814823
0 0.7904921874999999 0.8438388888888889 0.008578125000000015 0.03051111111111111
0 0.51325078125 0.5733444444444444 0.019144270833333366 0.026990740740740825
0 0.48123515624999996 0.5575018518518519 0.009241145833333301 0.025816666666666724
3 0.4914669270833334 0.9647087962962965 0.09175364583333334 0.14786018518518515
3 0.7000598958333333 0.9705796296296297 0.09043229166666672 0.12439629629629637
3 0.7439557291666666 0.825062962962963 0.10957812499999993 0.2417444444444445
3 0.50433828125 0.5440064814814816 0.06996927083333333 0.12791296296296303
3 0.36571796875 0.6695722222222222 0.11353697916666666 0.16546481481481481
