0 0.6267864583333332 0.2811402777777777 0.013864583333333395 0.01290833333333331
0 0.6343802083333333 0.30578379629629626 0.005281249999999934 0.029337962962962965
0 0.6218359375 0.32221342592592594 0.013203124999999953 0.012908333333333362
0 0.41390520833333333 0.3046106481481482 0.01320208333333331 0.01056203703703702
2 0.41753567708333333 0.30285 0.021782812500000047 0.049287037037037004
0 0.48123541666666664 0.2946356481481482 0.006601041666666655 0.009387962962962973
3 0.4756244791666666 0.2870078703703704 0.024423958333333336 0.03637870370370369
0 0.6330572916666667 0.3791287037037037 0.006604166666666581 0.011735185185185166
0 0.6432890624999998 0.3902768518518519 0.009901041666666662 0.010561111111111117
3 0.6406510416666666 0.37795509259259263 0.027062500000000017 0.04928796296296296
4 0.6224947916666667 0.31399861111111116 0.05544791666666669 0.09036018518518518
0 0.6828958333333333 0.6678120370370372 0.005937499999999929 0.016429629629629655
0 0.7030286458333334 0.7147523148148148 0.011880208333333305 0.01877685185185185
0 0.6168854166666667 0.6748532407407407 0.008583333333333342 0.02816388888888881
0 0.5927916666666667 0.6936291666666667 0.019802083333333324 0.021123148148148137
0 0.6865260416666668 0.7323550925925926 0.011885416666666633 0.023469444444444428
0 0.6772838541666667 0.7364625 0.00792187500000002 0.019949074074074143
0 0.6970859375 0.7640398148148149 0.013203124999999953 0.01642962962962955
0 0.5020286458333333 0.6144171296296297 0.02178333333333337 0.024643518518518526
0 0.47694479166666665 0.5915337962962963 0.015182291666666655 0.025817592592592628
0 0.4700138020833333 0.6085495370370371 0.011881770833333328 0.02933796296296302
3 0.3178606770833333 0.7493708333333334 0.05346822916666666 0.08801388888888885
3 0.5954348958333334 0.6507958333333334 0.06336979166666659 0.12087129629629624
3 0.49179635416666667 0.5891865740740742 0.06996979166666666 0.11031018518518518
3 0.7086406249999999 0.6683990740740741 0.06798958333333331 0.12321851851851855
3 0.6951067708333334 0.7470240740740741 0.052807291666666596 0.07627777777777778
