0 0.6122656249999999 0.29815601851851853 0.012541666666666628 0.00938796296296292
0 0.6201848958333334 0.3251467592592593 0.004619791666666729 0.02816388888888892
0 0.6069843749999999 0.3398157407407407 0.012541666666666748 0.010561111111111117
0 0.3980627604166667 0.32808055555555554 0.011881770833333328 0.010561111111111065
2 0.40268359374999996 0.32984074074074077 0.022443229166666672 0.04928703703703705
3 0.45714166666666667 0.3198662037037037 0.02178333333333337 0.04107314814814813
0 0.6211770833333332 0.39614444444444447 0.005281250000000052 0.015255555555555555
0 0.6317395833333334 0.4043587962962963 0.009239583333333337 0.01290833333333331
3 0.6284375 0.3926236111111111 0.02772916666666667 0.05280833333333335
4 0.6076458333333332 0.33394814814814816 0.058749999999999976 0.08566666666666665
0 0.6865260416666668 0.6672250000000001 0.013197916666666623 0.015255555555555555
0 0.6650729166666667 0.6284995370370371 0.005937500000000047 0.019949074074074143
0 0.6007135416666666 0.6748527777777779 0.01584374999999992 0.023470370370370332
0 0.6069843749999999 0.6918689814814815 0.013864583333333395 0.024643518518518526
0 0.6805833333333332 0.785162962962963 0.010562499999999985 0.025816666666666724
0 0.6885052083333334 0.8209550925925926 0.01584375000000004 0.019949074074074036
0 0.5056591145833333 0.5997481481481481 0.011881770833333387 0.03051111111111111
0 0.4759544270833333 0.6150037037037037 0.019802604166666644 0.023470370370370437
3 0.5878411458333335 0.6531430555555556 0.06667187499999999 0.1326064814814814
3 0.6901562499999999 0.8086328703703703 0.05479166666666669 0.08683981481481486
3 0.6894973958333334 0.6320199074074074 0.06139062499999994 0.1326064814814814
3 0.48486588541666664 0.5844930555555556 0.06534947916666667 0.11031018518518529
