0 0.9003984374999999 0.8168481481481482 0.01320312500000007 0.023470370370370332
0 0.8726744791666666 0.8268226851851852 0.01320312500000007 0.024643518518518526
0 0.27363411458333337 0.7810555555555555 0.020463020833333356 0.02699074074074072
0 0.22610677083333333 0.775188425925926 0.012541666666666687 0.024643518518518526
0 0.11686015625 0.8080467592592593 0.01848281250000001 0.024643518518518526
0 0.10464843750000001 0.8303435185185185 0.011221875000000011 0.02699074074074072
0 0.8558437499999999 0.7317680555555556 0.01782291666666668 0.024643518518518526
0 0.9050182291666666 0.7405694444444445 0.011880208333333305 0.01877592592592584
3 0.8690442708333334 0.6971495370370371 0.0970364583333333 0.18306759259259256
3 0.8812552083333333 0.8062865740740741 0.07129166666666673 0.11031018518518518
3 0.2568013020833333 0.7523050925925926 0.10561614583333337 0.19480277777777774
3 0.13864348958333333 0.8051125000000001 0.08977343749999998 0.1361268518518518
