0 0.26472239583333335 0.6642912037037038 0.030364583333333337 0.021123148148148137
0 0.2511903645833333 0.6948027777777778 0.04422656250000004 0.039899999999999984
0 0.22643697916666666 0.6842407407407408 0.019803124999999994 0.042246296296296275
0 0.30663880208333333 0.7335282407407407 0.033665104166666696 0.09857500000000001
0 0.2594419270833333 0.7540652777777778 0.018482812499999984 0.08331944444444446
0 0.24590963541666666 0.7534782407407408 0.007260937500000016 0.025817592592592524
0 0.21092447916666668 0.7933777777777777 0.012541666666666658 0.13143333333333332
4 0.2696731770833333 0.8244750000000001 0.1920890625 0.3485314814814816
0 0.5914713541666666 0.6255657407407408 0.034328124999999925 0.023470370370370332
2 0.5924609375000001 0.6009217592592593 0.04554687500000002 0.11265648148148158
0 0.5257932291666666 0.390863425925926 0.01518437499999994 0.014082407407407412
0 0.5416354166666667 0.4031851851851852 0.01121874999999998 0.015255555555555555
0 0.51952109375 0.4067055555555556 0.010561979166666664 0.015255555555555555
0 0.6852057291666667 0.4818101851851852 0.013203124999999953 0.015255555555555555
0 0.6891666666666666 0.4964791666666667 0.011885416666666633 0.014082407407407464
0 0.6634218749999999 0.4923722222222222 0.01452083333333339 0.01994999999999994
0 0.8822447916666666 0.5252305555555556 0.012541666666666748 0.015255555555555555
0 0.9192135416666666 0.5440064814814816 0.01782291666666668 0.015255555555555555
0 0.29079661458333333 0.43839074074074075 0.007260937499999957 0.015255555555555555
0 0.5132502604166667 0.3849958333333333 0.007260937499999957 0.0164287037037037
0 0.7360338541666667 0.5445935185185186 0.011880208333333305 0.01877592592592584
0 0.7601276041666667 0.5445935185185186 0.009901041666666662 0.016429629629629655
3 0.27627421875 0.43193657407407404 0.036305729166666634 0.0516342592592593
3 0.52282109375 0.37502083333333336 0.038284895833333304 0.059849074074074075
3 0.5330526041666667 0.3926236111111111 0.042905208333333354 0.06454351851851851
3 0.6729947916666668 0.4782898148148148 0.053468750000000044 0.07627777777777783
3 0.7502265625 0.5316847222222223 0.052151041666666724 0.06806388888888891
3 0.9056796874999999 0.5217097222222222 0.08977604166666661 0.11852500000000006
