0 0.2993778645833333 0.5803851851851852 0.02706406250000004 0.019950000000000048
0 0.28749609375 0.607962962962963 0.03630572916666666 0.0352055555555555
0 0.2650526041666667 0.5956412037037038 0.016502083333333348 0.04107314814814808
0 0.33370286458333337 0.6408212962962964 0.03102447916666667 0.08918703703703704
0 0.29574739583333337 0.6560768518518518 0.017162499999999997 0.068062962962963
0 0.28419531249999996 0.6554902777777778 0.008581249999999999 0.02933796296296302
0 0.25482109374999995 0.6877615740740741 0.007921354166666669 0.11031018518518518
4 0.31026953125 0.7153393518518519 0.15578385416666665 0.29924537037037036
0 0.5046690104166667 0.4929587962962964 0.020463020833333328 0.02816388888888892
2 0.5175416666666667 0.4812236111111111 0.04620833333333329 0.09153425925925923
0 0.4607721354166667 0.6296726851851853 0.010561979166666664 0.024643518518518526
0 0.43700859374999995 0.627912962962963 0.029044270833333326 0.018775925925925946
0 0.43502838541666666 0.6554902777777778 0.02112343750000001 0.02229722222222224
0 0.6578125 0.40905277777777777 0.008583333333333342 0.015255555555555555
0 0.6479114583333333 0.42548240740740745 0.016499999999999914 0.015255555555555555
0 0.32182109375 0.3785416666666667 0.005941145833333354 0.010561111111111117
0 0.5465833333333333 0.32749398148148146 0.01452083333333339 0.00938796296296292
0 0.5488932291666666 0.3415763888888889 0.00990104166666678 0.014082407407407412
0 0.5333854166666666 0.3333615740740741 0.005281250000000052 0.014082407407407412
0 0.7129322916666666 0.4753564814814815 0.010562499999999985 0.016429629629629603
0 0.7347135416666667 0.4753564814814815 0.009239583333333337 0.016429629629629603
3 0.30795911458333336 0.37326064814814813 0.03630572916666666 0.0516342592592593
3 0.9000677083333334 0.6067898148148149 0.10759375000000009 0.15020925925925926
3 0.7244817708333334 0.4647944444444444 0.04554687500000002 0.061022222222222165
3 0.6455989583333333 0.4108134259259259 0.040927083333333295 0.06336944444444446
3 0.5436145833333333 0.32749398148148146 0.03498958333333331 0.06102314814814818
3 0.44261953125000003 0.6273254629629631 0.0640296875 0.11383055555555557
