0 0.9429739583333333 0.686587962962963 0.016499999999999914 0.018775925925925946
0 0.9304322916666666 0.7036041666666667 0.01121874999999998 0.024643518518518526
0 0.9614583333333333 0.7112319444444445 0.019145833333333445 0.023469444444444428
0 0.2686833333333334 0.7880967592592593 0.019803125000000026 0.024643518518518526
0 0.16207708333333332 0.8191949074074074 0.023103125000000002 0.025817592592592628
0 0.19673229166666667 0.8432518518518519 0.03036458333333331 0.026990740740740825
0 0.15283567708333334 0.8426652777777779 0.019143229166666664 0.02816388888888892
0 0.7370234375 0.6748532407407407 0.015182291666666714 0.025817592592592628
0 0.7845520833333334 0.6736791666666666 0.012541666666666748 0.021123148148148137
3 0.2521807291666667 0.7511314814814815 0.0976947916666667 0.2088851851851852
3 0.1891411458333333 0.814500925925926 0.11287708333333332 0.14316851851851847
3 0.7475859375 0.6455152777777778 0.09967187499999994 0.1783731481481481
3 0.9584869791666667 0.6895222222222223 0.0699739583333334 0.1044425925925926
