0 0.9571666666666666 0.5264041666666667 0.018479166666666675 0.010562037037037073
0 0.9565078124999999 0.5434199074074074 0.011880208333333423 0.014082407407407464
0 0.9215234375 0.49530601851851846 0.013203124999999953 0.014082407407407358
0 0.8805963541666666 0.3527240740740741 0.01320312500000007 0.015255555555555555
2 0.8918177083333333 0.3550712962962963 0.03960416666666665 0.06219629629629627
0 0.8512213541666667 0.5768652777777779 0.005942708333333257 0.01760277777777775
0 0.8736640625 0.5874263888888889 0.020463541666666647 0.017602777777777853
0 0.823828125 0.5234699074074075 0.00923958333333322 0.014082407407407358
0 0.8317473958333332 0.5434199074074074 0.01320312500000007 0.016428703703703647
0 0.23930859375 0.6056157407407408 0.007260937499999986 0.016429629629629655
0 0.21323489583333333 0.617350925925926 0.014521874999999972 0.016429629629629655
0 0.14920520833333334 0.6179375 0.009241666666666681 0.017602777777777853
0 0.16273723958333336 0.6378875 0.019143229166666692 0.01760277777777775
0 0.07791458333333333 0.6983231481481482 0.010561458333333343 0.016429629629629655
0 0.07032317708333333 0.7200328703703703 0.013861979166666672 0.01760277777777775
0 0.12412135416666666 0.392037037037037 0.014521874999999988 0.014081481481481507
0 0.12808203125 0.40494583333333334 0.011881770833333341 0.0164287037037037
0 0.10860911458333332 0.40259861111111117 0.009901562499999997 0.0164287037037037
3 0.11818046874999999 0.39262407407407407 0.04356614583333334 0.06219629629629632
3 0.06603247395833334 0.7053643518518519 0.05016734375 0.07275833333333329
3 0.16240703125 0.6155907407407407 0.05148802083333335 0.08801296296296295
3 0.21752552083333332 0.5880134259259259 0.06006875 0.1361268518518518
3 0.8300989583333332 0.5322717592592592 0.03894791666666665 0.05984907407407413
3 0.872015625 0.5551550925925927 0.05544791666666669 0.09857500000000001
3 0.9234999999999999 0.4677287037037038 0.05544791666666657 0.10444259259259266
3 0.9591458333333333 0.5269907407407407 0.03564583333333336 0.06337037037037042
