0 0.5661458333333333 0.6226851851851852 0.013541666666666667 0.019444444444444445
0 0.5924479166666666 0.6268518518518519 0.018229166666666668 0.014814814814814815
0 0.5966145833333333 0.6462962962962964 0.018229166666666668 0.016666666666666666
0 0.5151041666666667 0.5328703703703704 0.017708333333333333 0.017592592592592594
0 0.5203125 0.549537037037037 0.0125 0.015740740740740743
0 0.49114583333333334 0.5546296296296297 0.0125 0.018518518518518517
0 0.39817708333333335 0.3768518518518519 0.015104166666666667 0.012962962962962964
0 0.40260416666666665 0.3944444444444445 0.0125 0.014814814814814815
0 0.3765625 0.3976851851851852 0.010416666666666666 0.017592592592592594
0 0.60859375 0.4652777777777778 0.015104166666666667 0.01388888888888889
0 0.5958333333333333 0.45092592592592595 0.009375 0.020370370370370372
0 0.5890625 0.4666666666666667 0.007291666666666667 0.018518518518518517
0 0.7598958333333333 0.563425925925926 0.0125 0.017592592592592594
0 0.74140625 0.5541666666666667 0.008854166666666666 0.019444444444444445
0 0.5411458333333333 0.5875 0.009375 0.015740740740740743
0 0.86484375 0.25833333333333336 0.018229166666666668 0.020370370370370372
0 0.9635416666666666 0.18842592592592594 0.014583333333333334 0.05648148148148149
0 0.9869791666666666 0.16064814814814815 0.022916666666666665 0.01388888888888889
2 0.8744791666666667 0.25833333333333336 0.03854166666666667 0.07407407407407407
4 0.9692708333333333 0.20972222222222223 0.06145833333333333 0.13425925925925927
3 0.3932291666666667 0.38333333333333336 0.04583333333333333 0.07592592592592592
3 0.60703125 0.4569444444444445 0.0484375 0.06944444444444445
3 0.50546875 0.5342592592592593 0.0515625 0.08148148148148149
3 0.75546875 0.5523148148148148 0.049479166666666664 0.075
3 0.5864583333333333 0.5912037037037037 0.06458333333333333 0.13425925925925927
3 0.5578125 0.5620370370370371 0.051041666666666666 0.12222222222222223
0 0.9848958333333333 0.18287037037037038 0.00625 0.030555555555555558
