0 0.6522005208333332 0.8579203703703704 0.02904687499999999 0.018775925925925946
2 0.6495624999999999 0.8297564814814815 0.04092708333333341 0.09622777777777783
0 0.6185364583333334 0.4143337962962963 0.003958333333333404 0.014082407407407412
4 0.6224973958333334 0.42078842592592597 0.021119791666666644 0.03637870370370369
0 0.5607786458333334 0.49765277777777783 0.009901041666666662 0.00704074074074078
0 0.5624270833333334 0.5052805555555555 0.0066041666666667 0.008214814814814776
0 0.24789010416666668 0.578625 0.007261458333333337 0.011735185185185166
0 0.23468828125 0.5821458333333334 0.009901562500000013 0.009387962962962973
0 0.4353583333333333 0.795137962962963 0.01914270833333334 0.015255555555555555
0 0.457471875 0.7746013888888889 0.006601041666666655 0.01877685185185185
0 0.6842161458333335 0.5035208333333333 0.005942708333333376 0.009387962962962973
0 0.6970859375 0.5070412037037036 0.00792187500000002 0.009387962962962973
0 0.2729739583333333 0.6848277777777778 0.011221875000000025 0.015255555555555555
0 0.2667028645833333 0.7053643518518519 0.014522395833333323 0.01877685185185185
0 0.24392968750000002 0.7088851851851852 0.008581249999999999 0.018775925925925946
3 0.5594583333333333 0.5011731481481482 0.01782291666666668 0.03051111111111111
3 0.5822317708333333 0.46772870370370373 0.022442708333333408 0.0340314814814815
3 0.6244765624999999 0.48533101851851856 0.02244270833333329 0.043419444444444476
3 0.695109375 0.5011736111111111 0.03036458333333331 0.04928796296296296
3 0.43964895833333334 0.7681472222222222 0.04752708333333331 0.09505370370370372
3 0.2627421875 0.6924555555555556 0.05016770833333333 0.07275740740740738
3 0.2376583333333333 0.5751046296296297 0.030364583333333337 0.044592592592592566
