0 0.049860078125 0.5551550925925927 0.011221510416666672 0.01877685185185185
0 0.0320375 0.5833194444444445 0.015182291666666669 0.018775925925925946
0 0.7647473958333334 0.40377222222222225 0.01122395833333331 0.018775925925925946
0 0.7815807291666667 0.41140000000000004 0.017161458333333237 0.015255555555555555
0 0.7594661458333334 0.41668055555555555 0.009901041666666662 0.016429629629629655
0 0.15085520833333332 0.6361273148148148 0.008581249999999999 0.01642870370370375
0 0.14062395833333333 0.6654648148148148 0.01980312500000001 0.01642962962962955
0 0.10992916666666666 0.6601842592592593 0.007261458333333337 0.019950000000000048
0 0.3495453125 0.6883486111111112 0.011221874999999966 0.012908333333333258
0 0.32083125 0.6942162037037037 0.010561458333333343 0.01760277777777775
0 0.6234869791666665 0.4894384259259259 0.01122395833333331 0.014082407407407358
0 0.8314192708333333 0.2917018518518519 0.01650520833333336 0.019949999999999992
2 0.8376901041666667 0.28994166666666665 0.03300520833333328 0.06571666666666671
3 0.7769583333333333 0.3902768518518519 0.05016666666666675 0.0833185185185185
3 0.33469322916666666 0.6678120370370371 0.0646895833333333 0.11735185185185186
3 0.13270260416666665 0.6314328703703704 0.06733020833333334 0.1056157407407408
3 0.037648359375 0.5627828703703703 0.04752723958333334 0.07627870370370368
3 0.6162265625000001 0.4536462962962963 0.046869791666666674 0.1044425925925926
