0 0.8677239583333333 0.3849958333333333 0.013864583333333276 0.014082407407407412
2 0.8779557291666668 0.3855824074074074 0.03696354166666668 0.06219629629629627
0 0.8376875 0.5745175925925926 0.009239583333333337 0.015255555555555555
0 0.8489114583333333 0.5927074074074075 0.014520833333333271 0.014081481481481454
0 0.7165625 0.5510476851851852 0.012541666666666628 0.01525648148148146
0 0.7129296875 0.5692370370370371 0.013203124999999953 0.016429629629629655
0 0.6918072916666667 0.5680634259259258 0.009239583333333337 0.01642870370370375
0 0.79709375 0.7311814814814815 0.012541666666666628 0.018775925925925946
0 0.8330677083333333 0.737636111111111 0.011885416666666752 0.015255555555555555
0 0.20663385416666666 0.7898574074074075 0.009241666666666652 0.01877592592592584
0 0.17626927083333332 0.803938888888889 0.01320208333333334 0.018775925925925946
0 0.07791432291666667 0.7305949074074074 0.014522395833333339 0.010562037037036969
0 0.08352526041666668 0.7569990740740741 0.016502604166666667 0.023470370370370332
0 0.054810963541666674 0.765213425925926 0.019803072916666668 0.01877685185185185
0 0.11124947916666666 0.42548240740740745 0.011221875000000011 0.015255555555555555
0 0.11587005208333334 0.43897731481481483 0.01122135416666666 0.0164287037037037
0 0.09639739583333333 0.43897731481481483 0.01320208333333334 0.0164287037037037
3 0.8195364583333333 0.6549032407407407 0.06798958333333331 0.10326944444444451
3 0.06735270833333334 0.7388097222222222 0.06732999999999999 0.09036018518518514
3 0.10167786458333333 0.4290027777777778 0.04620677083333334 0.06219629629629627
3 0.18386041666666667 0.7816421296296296 0.06666979166666664 0.12908611111111112
3 0.8492395833333333 0.5815587962962963 0.0442291666666667 0.0668898148148148
3 0.8159062499999999 0.7129921296296297 0.07261458333333337 0.12321944444444445
3 0.7069895833333334 0.558088888888889 0.048843749999999984 0.06454259259259261
