0 0.8720130208333332 0.3803018518518519 0.01320312500000007 0.018775925925925946
2 0.8825755208333333 0.38206203703703706 0.03828645833333333 0.06219629629629632
0 0.8126041666666667 0.677786574074074 0.02112499999999997 0.01760277777777775
0 0.8406614583333333 0.578038425925926 0.007260416666666695 0.01525648148148146
0 0.8492395833333333 0.5962277777777777 0.013864583333333276 0.016429629629629655
0 0.7112786458333334 0.5328583333333334 0.009901041666666662 0.016429629629629655
0 0.6931276041666667 0.5357916666666667 0.011880208333333305 0.015255555555555555
0 0.7743177083333334 0.8285828703703704 0.01584375000000004 0.01877685185185185
0 0.17692942708333334 0.8432518518518519 0.015842187500000014 0.019950000000000048
0 0.1416140625 0.8473592592592594 0.011221875000000025 0.023470370370370332
0 0.09045651041666666 0.734701851851852 0.011881770833333328 0.01877592592592584
0 0.08088463541666666 0.7599324074074075 0.020463020833333342 0.022296296296296335
0 0.051840494791666664 0.7581722222222222 0.012541927083333333 0.023470370370370332
0 0.10398828125 0.4536462962962963 0.01782239583333333 0.015255555555555555
0 0.10926927083333333 0.4659680555555556 0.012541666666666658 0.014082407407407412
0 0.08847604166666667 0.4642078703703704 0.010561458333333329 0.0176027777777778
3 0.073953671875 0.735288888888889 0.06468953124999999 0.09036111111111114
3 0.09705729166666666 0.45129953703703707 0.044886458333333344 0.06454351851851846
3 0.15943671874999998 0.8256490740740742 0.07987239583333333 0.14199444444444448
3 0.775640625 0.8021791666666667 0.06601041666666667 0.12556574074074073
3 0.7013776041666666 0.5234703703703704 0.04422395833333326 0.06102222222222222
3 0.8139244791666668 0.6408212962962964 0.05413020833333337 0.1056166666666667
3 0.8512187499999999 0.5868398148148148 0.04818749999999999 0.06571666666666671
