0 0.931421875 0.3679800925925926 0.02112499999999997 0.012908333333333362
2 0.9294427083333334 0.36621990740740745 0.02904166666666666 0.06336944444444446
0 0.818546875 0.6824810185185186 0.021125000000000088 0.012908333333333258
0 0.7961041666666666 0.686587962962963 0.010562499999999985 0.018775925925925946
0 0.8211875000000001 0.6989097222222223 0.02112499999999997 0.01760277777777775
0 0.8360390625 0.5487009259259259 0.008578125000000015 0.015255555555555555
0 0.8449505208333333 0.5686500000000001 0.013203124999999953 0.015255555555555555
0 0.7066588541666667 0.48709166666666665 0.019140625 0.011735185185185166
0 0.7073203124999999 0.5017601851851853 0.01122395833333331 0.015255555555555555
0 0.693125 0.4929587962962964 0.005281249999999934 0.014082407407407358
0 0.6819062499999999 0.8215416666666667 0.01584375000000004 0.018775925925925946
0 0.16240703125 0.8215416666666667 0.014522395833333323 0.018775925925925946
0 0.08418515625 0.705950925925926 0.013861979166666672 0.019950000000000048
0 0.07692447916666666 0.7323550925925926 0.02178333333333333 0.023469444444444428
0 0.04655963541666666 0.7317685185185185 0.013861979166666663 0.022296296296296335
0 0.09903749999999999 0.41140000000000004 0.009241666666666667 0.012909259259259266
0 0.09276666666666666 0.42782870370370374 0.013862499999999993 0.015255555555555555
0 0.07230364583333333 0.42665555555555557 0.008581249999999999 0.019949999999999992
3 0.06933307291666667 0.7071245370370371 0.06600989583333333 0.08801388888888885
3 0.0874859375 0.4160939814814815 0.04290625000000001 0.0668898148148148
3 0.15712656249999998 0.7986583333333332 0.07393124999999999 0.1396481481481482
3 0.7063281250000001 0.4894384259259259 0.03432291666666659 0.058675000000000026
3 0.8466015625 0.559849074074074 0.046869791666666674 0.06337037037037031
3 0.8159036458333332 0.6590106481481482 0.05808854166666665 0.11383055555555557
3 0.6786041666666667 0.7898569444444444 0.06468750000000002 0.129086111111111
