0 0.5951041666666667 0.6918689814814815 0.01782291666666668 0.019949074074074036
0 0.5891614583333333 0.6725060185185184 0.01782291666666668 0.014082407407407358
0 0.5644088541666666 0.6701587962962964 0.011880208333333305 0.021123148148148137
0 0.519521875 0.5709976851851852 0.01716458333333334 0.01760277777777775
0 0.5244713541666667 0.588012962962963 0.009901041666666662 0.018775925925925946
0 0.49443723958333335 0.5921203703703704 0.011881770833333328 0.015255555555555555
0 0.36538776041666665 0.46772870370370373 0.013861979166666672 0.015255555555555555
0 0.37033854166666663 0.4865046296296296 0.011882291666666649 0.015255555555555555
0 0.34690494791666665 0.4759430555555555 0.011221354166666704 0.01525648148148146
0 0.7023697916666667 0.6050291666666666 0.005281249999999934 0.019949074074074036
0 0.6802552083333334 0.6138305555555555 0.013864583333333395 0.01642962962962955
0 0.6700234374999999 0.5974013888888889 0.009244791666666667 0.01877685185185185
0 0.53734375 0.6308462962962964 0.009239583333333279 0.01994999999999994
0 0.8287760416666666 0.26881851851851857 0.017822916666666563 0.018775925925925946
0 0.9591458333333333 0.17435092592592594 0.019802083333333324 0.019949999999999992
0 0.9776302083333334 0.20896944444444446 0.009239583333333337 0.06102222222222222
0 0.9373645833333333 0.20427546296296298 0.01452083333333339 0.056328703703703714
2 0.8376901041666667 0.2682314814814815 0.036963541666666565 0.07393148148148149
4 0.9545260416666667 0.22891944444444445 0.08713541666666665 0.13143333333333335
3 0.3548263020833333 0.470075462962963 0.04818697916666667 0.07393055555555558
3 0.5106109375 0.5745180555555555 0.050830208333333356 0.07627870370370368
3 0.5835494791666667 0.6361273148148148 0.0633697916666667 0.14316759259259257
3 0.6815755208333333 0.6009217592592593 0.05082812500000008 0.07510462962962969
3 0.5551666666666667 0.6085495370370371 0.054125000000000034 0.12556574074074073
0 0.9574973958333333 0.20075509259259258 0.005942708333333257 0.03285833333333333
