1 0.8297682291666666 0.17317731481481483 0.026401041666666694 0.015256481481481485
0 0.8617838541666667 0.23830694444444442 0.011223958333333428 0.03755277777777777
0 0.8304270833333334 0.23654675925925928 0.005281250000000052 0.03403240740740743
0 0.8228359375 0.22950601851851854 0.00461979166666661 0.029337962962962965
0 0.7980833333333334 0.23948055555555559 0.009239583333333337 0.037551851851851836
0 0.48552578124999995 0.33864212962962964 0.02706406250000004 0.02229722222222224
2 0.47397421874999995 0.3486171296296296 0.051488020833333314 0.11500462962962962
4 0.8291093749999999 0.2459351851851852 0.12145833333333335 0.18189444444444447
0 0.8713541666666667 0.3949708333333333 0.010562500000000105 0.022297222222222187
0 0.8294374999999999 0.3709138888888889 0.013864583333333276 0.016429629629629655
0 0.8393385416666668 0.3990782407407408 0.01782291666666668 0.021123148148148137
0 0.5469140625 0.6038555555555556 0.013859375000000066 0.019950000000000048
0 0.48156536458333327 0.7898574074074075 0.019143229166666664 0.01877592592592584
0 0.48255546875 0.833863425925926 0.02640364583333336 0.024643518518518526
0 0.5106098958333334 0.8655486111111111 0.015182291666666655 0.02229722222222224
0 0.49806796875 0.8849111111111111 0.013861979166666672 0.01877592592592584
0 0.5739791666666666 0.7523046296296297 0.016500000000000032 0.023470370370370332
0 0.20531354166666665 0.7235537037037039 0.01320208333333331 0.02699074074074072
0 0.23864869791666668 0.7305949074074074 0.01782239583333333 0.024643518518518526
0 0.13204244791666667 0.7487842592592593 0.022443229166666672 0.023470370370370332
3 0.21884557291666665 0.7082981481481482 0.07723177083333335 0.11617777777777777
3 0.13336276041666664 0.7305949074074074 0.0673296875 0.1020953703703704
3 0.5475747395833332 0.7311814814814814 0.1102359375 0.19714999999999994
3 0.567046875 0.5968148148148148 0.07129166666666673 0.1044425925925926
3 0.50697890625 0.7669736111111112 0.10561510416666664 0.1772009259259259
3 0.5284325520833333 0.8737643518518519 0.08383281249999996 0.11852685185185187
3 0.8459401041666667 0.3867564814814815 0.07063020833333328 0.09974814814814811
