0 0.8505598958333334 0.33160092592592594 0.01650520833333336 0.015255555555555555
2 0.8545208333333334 0.3333611111111111 0.028385416666666666 0.06571666666666666
0 0.8017135416666666 0.5140819444444444 0.012541666666666628 0.014082407407407358
0 0.8046822916666666 0.6097231481481481 0.019802083333333324 0.012909259259259266
0 0.80534375 0.6249787037037038 0.02112499999999997 0.015255555555555555
0 0.6406484375 0.7446768518518518 0.01122395833333331 0.019950000000000048
0 0.6320677083333333 0.7564120370370371 0.008583333333333342 0.01994999999999994
0 0.6574817708333334 0.7687337962962963 0.021119791666666762 0.01642870370370375
0 0.37363906249999995 0.7487842592592593 0.009241666666666681 0.018775925925925946
0 0.34459453125 0.7611060185185186 0.015842187500000014 0.019949074074074143
0 0.08913619791666667 0.5621962962962963 0.014522395833333339 0.018775925925925946
0 0.07824453125 0.5487009259259259 0.011221354166666675 0.015255555555555555
3 0.08715598958333333 0.5492875 0.04224635416666666 0.07510462962962969
3 0.34888541666666667 0.7376356481481482 0.07327083333333337 0.12556574074074073
3 0.6558333333333333 0.7440902777777779 0.058749999999999976 0.08918611111111113
3 0.8056744791666667 0.5850796296296297 0.049505208333333425 0.11148333333333338
3 0.8033619791666666 0.5017601851851853 0.0330052083333334 0.06689074074074082
