1 0.7294322916666667 0.23067962962962965 0.025083333333333256 0.015255555555555581
0 0.7568255208333333 0.2723393518518518 0.015182291666666714 0.07510462962962963
0 0.7310833333333333 0.27233888888888885 0.007260416666666695 0.06571666666666666
0 0.7231614583333333 0.2740995370370371 0.004625000000000057 0.048113888888888914
0 0.7033567708333333 0.2729259259259259 0.015182291666666714 0.07627777777777778
4 0.7284427083333334 0.2993300925925926 0.11419791666666666 0.1713324074074074
0 0.7739895833333333 0.40787962962962965 0.013864583333333276 0.015255555555555555
0 0.7607890625000001 0.4360435185185186 0.015182291666666596 0.022296296296296283
0 0.5571484375 0.3439226851851852 0.02244270833333329 0.02112314814814819
2 0.5442755208333333 0.35331111111111113 0.04818854166666663 0.10561666666666665
0 0.6033541666666666 0.7311819444444445 0.01452083333333339 0.021123148148148137
0 0.6139166666666666 0.7523046296296297 0.009239583333333337 0.02581666666666662
0 0.48486588541666664 0.6314333333333333 0.011221354166666704 0.023470370370370332
0 0.4594520833333333 0.6202847222222223 0.027723958333333344 0.012908333333333362
0 0.45714166666666667 0.6443421296296297 0.01782291666666668 0.021123148148148245
0 0.10299817708333334 0.7880967592592593 0.018482812499999998 0.022297222222222135
0 0.5142408854166667 0.8191949074074074 0.01716406250000002 0.016428703703703647
0 0.5706770833333332 0.8526398148148149 0.01782291666666668 0.02464444444444443
0 0.5244723958333334 0.8585074074074074 0.027065625000000003 0.02229629629629623
0 0.47265416666666665 0.9324393518518519 0.010561458333333343 0.02699166666666673
0 0.4442697916666667 0.9500416666666668 0.019803125000000026 0.026990740740740614
0 0.3934419270833333 0.6736796296296296 0.029044270833333385 0.018775925925925946
0 0.37066875 0.6830680555555556 0.008581249999999999 0.021123148148148137
0 0.3974026041666667 0.6953893518518519 0.021122916666666686 0.02229722222222224
0 0.43304791666666664 0.7927907407407407 0.014521875000000031 0.02699074074074072
0 0.47397421874999995 0.8010050925925927 0.027724479166666663 0.024643518518518526
0 0.22280625 0.7036041666666666 0.016502083333333317 0.02229722222222224
0 0.23039739583333332 0.7264875000000001 0.014521874999999972 0.023469444444444428
0 0.1970625 0.7264875000000001 0.01914270833333334 0.01877685185185185
3 0.078574453125 0.7282476851851851 0.10165526041666667 0.1795472222222222
3 0.5852005208333333 0.7417430555555555 0.06930729166666663 0.1056157407407408
3 0.20663385416666666 0.7059509259259259 0.07657187499999998 0.10678888888888889
3 0.38981171875 0.6689856481481482 0.0640296875 0.11031018518518518
3 0.4627526041666667 0.6214583333333333 0.0633697916666667 0.09740185185185192
3 0.45813177083333334 0.7640398148148149 0.08845312500000002 0.13612777777777782
3 0.5380033854166667 0.8033523148148148 0.10429531249999997 0.16781203703703712
3 0.45021041666666667 0.9195296296296298 0.06733020833333334 0.12321851851851864
3 0.7578177083333334 0.4166810185185185 0.06601041666666667 0.09388055555555558
