1 0.2673630208333333 0.6320199074074074 0.021122916666666658 0.012908333333333362
0 0.28980651041666666 0.6631180555555556 0.014522395833333352 0.058675000000000026
0 0.2759442708333334 0.6625310185185186 0.0052812499999999925 0.03168425925925931
0 0.26868333333333333 0.6531430555555556 0.006601041666666626 0.03168425925925931
0 0.26538281249999995 0.6736796296296297 0.006601041666666655 0.03755185185185179
0 0.25053046875 0.657250462962963 0.007260937499999986 0.037552777777777796
0 0.41555546875 0.6167643518518519 0.007260937500000016 0.019949074074074143
2 0.42842734375 0.6091365740740742 0.035645312499999984 0.0704101851851852
0 0.9056796874999999 0.7288342592592593 0.01583854166666659 0.018775925925925946
0 0.7703593750000001 0.7135791666666668 0.014520833333333271 0.021123148148148137
0 0.7743203125 0.7323550925925927 0.013203124999999953 0.021123148148148137
0 0.7449453125000001 0.7229671296296296 0.019140625 0.02816388888888892
0 0.3426145833333333 0.4184407407407408 0.006601041666666714 0.015255555555555555
0 0.32413177083333333 0.4184407407407408 0.01320208333333331 0.015255555555555555
0 0.35053567708333333 0.5844925925925926 0.014522395833333352 0.01173518518518527
0 0.34789531250000005 0.5956412037037038 0.01320208333333337 0.012908333333333362
4 0.27198359375 0.6860013888888888 0.08581302083333338 0.13964722222222228
3 0.3554864583333333 0.5815587962962963 0.03894583333333337 0.05984907407407413
3 0.9036979166666667 0.7082981481481482 0.06996874999999995 0.12087222222222214
3 0.7538567708333334 0.7082981481481482 0.06204687500000006 0.09974814814814821
3 0.32842239583333327 0.40963935185185185 0.03894583333333331 0.06336944444444446
