0 0.5842109375 0.676026388888889 0.019807291666666654 0.014082407407407358
0 0.5875104166666667 0.6942157407407407 0.019802083333333324 0.01994999999999994
0 0.5594583333333334 0.6713324074074074 0.008583333333333342 0.023470370370370332
0 0.5142403645833333 0.5680634259259258 0.015842187499999955 0.01642870370370375
0 0.5195200520833333 0.5844925925925926 0.013199479166666646 0.016429629629629655
0 0.49047682291666667 0.5915337962962963 0.014522395833333352 0.016428703703703647
0 0.49146666666666666 0.5445935185185186 0.011221875000000025 0.016429629629629655
0 0.47463411458333327 0.5522208333333334 0.011881770833333328 0.01760277777777775
0 0.6584739583333333 0.589187037037037 0.007260416666666695 0.018775925925925946
0 0.6353671875 0.5979884259259259 0.015182291666666714 0.01760277777777775
0 0.6261276041666667 0.5803856481481481 0.008578125000000015 0.02229722222222224
0 0.5406432291666667 0.6296731481481482 0.00792187500000002 0.022296296296296335
0 0.8063333333333332 0.25708333333333333 0.01782291666666668 0.016429629629629603
0 0.9588177083333332 0.1766976851851852 0.019145833333333327 0.017602777777777773
0 0.9782916666666668 0.2124902777777778 0.010562499999999985 0.056328703703703686
0 0.936703125 0.2066222222222222 0.01452083333333339 0.05398148148148147
2 0.8132630208333333 0.2576703703703704 0.0330052083333334 0.07393148148148149
4 0.9545260416666667 0.22950555555555555 0.0858125 0.1349537037037037
3 0.6373489583333334 0.589187037037037 0.05214583333333327 0.07745185185185177
3 0.5792604166666666 0.6419949074074075 0.06007291666666662 0.14082129629629628
3 0.5046684895833333 0.5692370370370371 0.04950677083333333 0.08214629629629626
3 0.4785947916666667 0.5440064814814816 0.03960624999999999 0.07627777777777778
3 0.5574791666666666 0.607962962962963 0.04818749999999999 0.12439259259259264
0 0.9574973958333333 0.1995814814814815 0.007265624999999905 0.03051111111111111
