0 0.8858776041666666 0.37795462962962967 0.017161458333333237 0.011735185185185218
2 0.8914869791666667 0.38088888888888894 0.029703124999999986 0.06454259259259261
0 0.7564973958333333 0.38910324074074076 0.009244791666666667 0.01290833333333331
0 0.7673880208333334 0.40259861111111117 0.011223958333333428 0.014082407407407412
0 0.8571614583333333 0.5610226851851852 0.013864583333333276 0.014082407407407464
0 0.8472604166666666 0.5428333333333334 0.008583333333333342 0.015255555555555555
0 0.31026953125 0.7300078703703704 0.015842187500000014 0.014082407407407464
0 0.22808723958333332 0.7399828703703705 0.009901562499999983 0.01760277777777775
0 0.24590963541666666 0.7593458333333333 0.020463020833333328 0.01877685185185185
3 0.7657369791666667 0.391450462962963 0.03696354166666668 0.05280833333333335
3 0.859140625 0.5510476851851852 0.042906250000000055 0.06219537037037031
3 0.30531848958333335 0.69715 0.06402968749999995 0.1384740740740741
3 0.24194921874999997 0.7376356481481482 0.06006927083333332 0.09505462962962963
3 0.6485703125000001 0.51995 0.05874479166666677 0.10796296296296298
