0 0.8515494791666666 0.38616944444444445 0.01320312500000007 0.014081481481481454
2 0.8581510416666667 0.38910324074074076 0.03036458333333331 0.0668898148148148
0 0.8168958333333334 0.5381393518518518 0.008583333333333342 0.012908333333333258
0 0.8274583333333333 0.5533944444444444 0.012541666666666628 0.015255555555555555
0 0.7660677083333333 0.7493712962962963 0.013864583333333395 0.015255555555555555
0 0.7588072916666666 0.7634532407407407 0.013864583333333395 0.019949074074074143
0 0.7881796874999999 0.7699074074074075 0.01716145833333336 0.018775925925925946
0 0.33304296875 0.7300078703703704 0.009901562499999983 0.016428703703703647
0 0.36208723958333333 0.7347023148148147 0.012542187500000008 0.01642870370370375
0 0.23270781249999997 0.40377222222222225 0.008581249999999999 0.014081481481481454
3 0.35152578125 0.7100583333333335 0.0640296875 0.13143333333333332
3 0.22016588541666668 0.39790462962962964 0.04158593750000002 0.06806296296296295
3 0.7789401041666667 0.7294212962962964 0.06204687500000006 0.11382962962962967
3 0.8281171875 0.5445935185185186 0.038942708333333326 0.05398148148148155
