0 0.8518802083333333 0.3855824074074074 0.012541666666666748 0.015255555555555555
2 0.8578229166666667 0.38675601851851854 0.028385416666666666 0.059849074074074075
0 0.8300989583333332 0.5434199074074074 0.019145833333333327 0.011734259259259262
0 0.8314192708333333 0.5575023148148148 0.013859375000000066 0.014082407407407358
0 0.8152473958333334 0.5481138888888889 0.00792187500000002 0.014081481481481454
0 0.6224947916666667 0.8391444444444446 0.019802083333333324 0.014081481481481454
0 0.31357005208333333 0.7892703703703704 0.011881770833333328 0.017601851851851844
0 0.2815549479166667 0.7916175925925926 0.009901562499999983 0.015255555555555555
0 0.42050624999999997 0.43545694444444444 0.006601041666666655 0.014082407407407412
0 0.40961458333333334 0.4524726851851852 0.01782291666666668 0.012908333333333362
0 0.8604635416666667 0.6566638888888888 0.013864583333333395 0.015255555555555555
3 0.6228255208333333 0.8021791666666667 0.054786458333333364 0.11383055555555557
3 0.8271276041666666 0.5445935185185186 0.03696354166666668 0.061022222222222325
3 0.8627734375 0.6361268518518519 0.05413020833333337 0.10796296296296298
3 0.4082942708333333 0.4360439814814815 0.04290625 0.07158425925925929
3 0.2964075520833333 0.7740148148148148 0.07261093749999997 0.11852407407407405
