0 0.5875130208333333 0.6689851851851852 0.00792187500000002 0.023470370370370332
0 0.5657291666666667 0.6766129629629629 0.01584375000000004 0.015255555555555555
0 0.5634192708333332 0.6959759259259259 0.020463541666666765 0.018775925925925946
0 0.5284322916666666 0.5627828703703703 0.0072604166666666355 0.02229722222222224
0 0.5059890625 0.5645430555555556 0.016502083333333317 0.016428703703703647
0 0.4733143229166667 0.5422462962962963 0.011881770833333328 0.016429629629629655
0 0.48090520833333333 0.5604356481481483 0.009901041666666662 0.02229722222222224
0 0.45813177083333334 0.5575023148148148 0.01320208333333337 0.014082407407407358
0 0.6776145833333334 0.5921208333333333 0.007260416666666695 0.01760277777777775
0 0.6541796875 0.6003351851851851 0.01320312500000007 0.017601851851851844
0 0.6452682291666666 0.5850796296296297 0.009901041666666662 0.01994999999999994
0 0.6013723958333334 0.6279125000000001 0.00792187500000002 0.021123148148148137
0 0.7944505208333333 0.25649629629629633 0.020463541666666647 0.015255555555555555
0 0.9584869791666667 0.17552407407407408 0.021119791666666644 0.015255555555555555
0 0.9776302083333334 0.21366342592592594 0.009239583333333337 0.056328703703703686
0 0.9360442708333333 0.20603564814814815 0.01583854166666671 0.059849074074074075
2 0.794453125 0.2564967592592593 0.028385416666666666 0.07158425925925929
4 0.9551848958333333 0.2283324074074074 0.08317187500000003 0.13495370370370371
3 0.5096200520833334 0.5510476851851852 0.04620781250000003 0.06454351851851851
3 0.4617622395833333 0.5481138888888889 0.05346822916666666 0.07745185185185188
3 0.6558307291666667 0.5909472222222222 0.052151041666666606 0.07627777777777778
3 0.5663880208333334 0.6343666666666666 0.05413020833333337 0.14668888888888887
3 0.5842109375 0.6056162037037036 0.04884895833333332 0.11735092592592586
0 0.9568359375 0.1989949074074074 0.005942708333333257 0.024643518518518526
