0 0.8621119791666667 0.34626990740740743 0.01320312500000007 0.014082407407407412
2 0.8687135416666666 0.34920416666666665 0.02904166666666666 0.059849074074074075
0 0.8330703125 0.5158425925925926 0.01320312500000007 0.015255555555555555
0 0.7967630208333334 0.656663425925926 0.011880208333333305 0.01760277777777775
0 0.7901614583333334 0.6719189814814815 0.013197916666666623 0.01760277777777775
0 0.8195364583333333 0.6754398148148147 0.017822916666666563 0.015255555555555555
0 0.3581265625 0.7352888888888889 0.015182291666666655 0.017601851851851844
0 0.33106250000000004 0.7270745370370371 0.008581249999999999 0.01760277777777775
0 0.467703125 0.3990777777777778 0.008581249999999999 0.011735185185185218
0 0.45714166666666667 0.41668055555555555 0.01782291666666668 0.016429629629629655
0 0.13501302083333333 0.657837037037037 0.009901041666666676 0.015255555555555555
0 0.12511145833333334 0.6736796296296297 0.012541666666666658 0.014081481481481454
0 0.18485078124999998 0.391450462962963 0.011881770833333328 0.012908333333333362
0 0.16240703125 0.3996648148148148 0.00924114583333333 0.015255555555555555
0 0.14722500000000002 0.3902768518518519 0.01320208333333334 0.012909259259259266
0 0.14392447916666667 0.4043587962962963 0.009241666666666652 0.01290833333333331
3 0.5109403645833334 0.43134953703703705 0.05412968749999999 0.08331944444444446
3 0.15316588541666668 0.39379722222222224 0.03960572916666667 0.05750185185185183
3 0.17956979166666667 0.38147546296296303 0.034324999999999994 0.056328703703703686
3 0.12511171875000002 0.6590106481481482 0.04422656250000001 0.06454351851851851
3 0.3521856770833333 0.715925925925926 0.0640296875 0.12204444444444444
3 0.4564815104166667 0.3990782407407408 0.041585937499999955 0.0704101851851852
3 0.8380208333333333 0.5023467592592593 0.03762499999999989 0.06806388888888891
3 0.8119453124999999 0.6449287037037037 0.0594114583333333 0.1044425925925926
