0 0.8627734375 0.3468569444444445 0.011880208333333423 0.012908333333333362
2 0.8700338541666666 0.3503773148148149 0.027723958333333344 0.059849074074074075
0 0.8386770833333334 0.5035203703703705 0.017822916666666563 0.011735185185185166
0 0.8393385416666667 0.5176027777777777 0.013864583333333276 0.014081481481481454
0 0.8258072916666668 0.5088009259259261 0.0066041666666667 0.015255555555555555
0 0.8479218749999999 0.6408212962962964 0.012541666666666628 0.01642962962962955
0 0.8743255208333333 0.6490356481481482 0.019140625 0.014082407407407358
0 0.26142213541666665 0.5440069444444445 0.011881770833333328 0.012908333333333362
0 0.23303776041666666 0.5440064814814816 0.010561979166666664 0.015255555555555555
0 0.467703125 0.40025138888888884 0.008581249999999999 0.014082407407407412
0 0.45714166666666667 0.41609398148148147 0.016502083333333317 0.01290833333333331
0 0.12940208333333333 0.6543166666666668 0.009241666666666667 0.015255555555555555
0 0.11917057291666666 0.6730925925925927 0.013861979166666672 0.015255555555555555
0 0.1759390625 0.37326111111111115 0.008581249999999999 0.011735185185185166
0 0.16537760416666666 0.38558287037037037 0.007261458333333337 0.01290833333333331
0 0.1515153645833333 0.381475462962963 0.016502604166666667 0.011734259259259262
0 0.15085546875000003 0.39379722222222224 0.011221354166666675 0.012909259259259266
0 0.74890625 0.5058675925925926 0.008583333333333342 0.011735185185185166
0 0.7238229166666666 0.5181893518518519 0.012541666666666628 0.012908333333333362
0 0.03731828125 0.6836541666666667 0.01914291666666667 0.01760277777777775
3 0.16504765625 0.36387314814814814 0.03300468750000001 0.05398148148148144
2 0.043259244791666665 0.6701592592592592 0.032345052083333325 0.06571666666666671
3 0.2498703125 0.5328583333333334 0.060068750000000025 0.11500370370370377
3 0.11818046874999999 0.657837037037037 0.03960572916666667 0.06454259259259261
3 0.45747161458333335 0.39790462962962964 0.04488697916666666 0.06571666666666666
3 0.7291015625 0.4906115740740741 0.05610937500000001 0.09857500000000001
3 0.8376875 0.5058675925925926 0.035645833333333245 0.05867592592592593
3 0.8673958333333334 0.617937962962963 0.06072916666666674 0.1044425925925926
3 0.15580625 0.380888425925926 0.033005208333333334 0.05515462962962959
