0 0.8627734375 0.3468564814814815 0.011880208333333423 0.015255555555555555
2 0.8683854166666666 0.3492037037037037 0.028385416666666666 0.06454259259259261
0 0.8281197916666666 0.5005865740740741 0.012541666666666628 0.012908333333333362
0 0.8432994791666667 0.5123222222222222 0.011223958333333428 0.015255555555555555
0 0.8221744791666665 0.5129087962962964 0.009901041666666662 0.016428703703703647
0 0.9327421875 0.48239722222222226 0.013203124999999953 0.011735185185185166
0 0.9258124999999999 0.4947189814814815 0.012541666666666628 0.01760277777777775
0 0.3663778645833333 0.40377222222222225 0.011881770833333328 0.014081481481481454
0 0.46671302083333327 0.40025138888888884 0.007920833333333318 0.0164287037037037
0 0.45615156249999994 0.4166810185185185 0.015842708333333337 0.014082407407407412
0 0.12907213541666665 0.6519694444444444 0.012542187499999994 0.015255555555555555
0 0.1373234375 0.6642916666666666 0.010561458333333343 0.01877592592592584
0 0.11653020833333333 0.6672254629629629 0.013862499999999993 0.017602777777777853
0 0.16405755208333334 0.3838226851851852 0.009901562499999983 0.014082407407407412
0 0.16933802083333335 0.3943837962962963 0.008581249999999999 0.014082407407407412
0 0.14986510416666665 0.39790462962962964 0.010561458333333343 0.014081481481481507
0 0.13435286458333331 0.38206203703703706 0.012542187499999994 0.015255555555555555
0 0.5634166666666667 0.7370490740740742 0.013864583333333276 0.018775925925925946
3 0.9449557291666667 0.4659680555555556 0.05874479166666665 0.09857500000000001
3 0.13666328125000002 0.3709138888888889 0.03696510416666666 0.05632777777777778
3 0.8370286458333334 0.5052810185185186 0.04356770833333338 0.05984907407407413
3 0.5637473958333333 0.7223800925925926 0.052807291666666596 0.1020953703703704
3 0.45483151041666664 0.4002513888888889 0.04224635416666664 0.06806388888888891
3 0.36802812500000004 0.38968981481481485 0.04290625 0.09153333333333333
3 0.15580625 0.3885162037037037 0.036965624999999995 0.0516342592592593
3 0.12148098958333332 0.6531430555555556 0.050167187499999995 0.0668898148148148
