0 0.5818984374999999 0.6719189814814815 0.009901041666666662 0.01760277777777775
0 0.5574765625 0.6754398148148147 0.019140625 0.015255555555555555
0 0.5531848958333333 0.6942162037037037 0.017161458333333237 0.01760277777777775
0 0.5277708333333333 0.5633699074074073 0.0072604166666666355 0.021123148148148137
0 0.5063190104166666 0.5674768518518519 0.014522395833333293 0.015255555555555661
0 0.4792549479166666 0.5469407407407408 0.007921354166666639 0.018775925925925946
0 0.44823046875 0.558675462962963 0.007921354166666639 0.016428703703703647
0 0.46935338541666666 0.5651300925925926 0.014522395833333352 0.012908333333333362
0 0.6353671875 0.5903601851851852 0.005942708333333257 0.016429629629629655
0 0.6122656249999999 0.5962277777777777 0.013864583333333276 0.014081481481481454
0 0.6056640625 0.5768648148148149 0.00990104166666678 0.019950000000000048
0 0.6059921875000001 0.6355402777777778 0.007921874999999901 0.01760277777777775
0 0.7848828124999999 0.26236435185185186 0.018484375000000004 0.01760277777777775
0 0.9581562499999999 0.17845833333333336 0.023104166666666613 0.01642962962962963
0 0.97696875 0.21718379629629628 0.009239583333333337 0.058675000000000005
0 0.9350546875 0.2077962962962963 0.01650520833333336 0.05398148148148147
2 0.7825703124999999 0.2617773148148148 0.029703124999999986 0.07041018518518517
4 0.9535364583333333 0.233612962962963 0.08383333333333336 0.13377962962962964
3 0.5885 0.6120703703703705 0.05742708333333333 0.12321851851851844
3 0.6221666666666666 0.5868398148148148 0.0442291666666667 0.07979814814814816
3 0.561765625 0.6408212962962964 0.06601041666666667 0.14316851851851858
3 0.50763828125 0.5492875 0.047525520833333286 0.07745092592592587
3 0.46539296874999997 0.5545685185185185 0.04488697916666666 0.08097222222222226
