0 0.8175546874999999 0.17845833333333336 0.02442187500000005 0.01642962962962963
0 0.4564815104166667 0.33218842592592596 0.02574427083333332 0.021123148148148137
2 0.46011197916666663 0.3368824074074074 0.03696562500000002 0.10796296296296294
0 0.87465625 0.2758597222222222 0.005281250000000052 0.05163425925925925
0 0.8383489583333333 0.22657175925925926 0.00791666666666669 0.05163425925925925
0 0.8168984374999999 0.22598564814814817 0.015182291666666714 0.04811388888888889
0 0.79709375 0.22598518518518518 0.008583333333333342 0.0504611111111111
0 0.7624375000000001 0.2694050925925926 0.005281250000000052 0.03168425925925925
0 0.8182161458333332 0.2658847222222222 0.027067708333333346 0.01994907407407409
0 0.858484375 0.3509638888888889 0.012541666666666628 0.018775925925925946
0 0.8466015625 0.37619444444444444 0.013859374999999948 0.019949999999999992
0 0.5568177083333334 0.557501851851852 0.023104166666666613 0.016429629629629655
0 0.5495572916666667 0.5774518518518519 0.023104166666666613 0.018775925925925946
0 0.48783619791666666 0.5768652777777779 0.014522395833333352 0.01760277777777775
0 0.49839791666666666 0.5956412037037038 0.006601041666666655 0.01760277777777775
0 0.46671302083333327 0.6032689814814816 0.015842708333333337 0.021123148148148137
0 0.39443229166666666 0.9934629629629631 0.02178333333333331 0.015259259259259276
0 0.3495455729166667 0.9711620370370371 0.007260937499999957 0.026990740740740825
4 0.8178854166666667 0.24300092592592595 0.12541666666666665 0.16194444444444445
3 0.38585104166666667 0.941237962962963 0.09571458333333335 0.1666351851851852
3 0.8436276041666666 0.35976527777777784 0.06336979166666659 0.09036018518518518
3 0.5700182291666667 0.5346185185185185 0.09439062499999995 0.14903518518518516
3 0.4716638020833333 0.5874263888888889 0.06799010416666669 0.09740092592592602
