0 0.8060052083333333 0.17141712962962966 0.025083333333333256 0.014082407407407412
0 0.4445997395833333 0.3245601851851852 0.02706406250000004 0.019949999999999992
2 0.4488903645833333 0.32925416666666674 0.038285937500000006 0.10678981481481484
0 0.8624427083333333 0.26705833333333334 0.005937499999999929 0.05046111111111116
0 0.8258072916666668 0.21894398148148148 0.011885416666666633 0.052808333333333325
0 0.8046848958333332 0.2177703703703704 0.01320312500000007 0.050461111111111075
0 0.7858697916666666 0.21953101851851853 0.008583333333333224 0.05163425925925925
0 0.7505572916666667 0.2611907407407408 0.005281250000000052 0.0340314814814815
0 0.8056744791666667 0.25708333333333333 0.023098958333333287 0.018775925925925894
0 0.8469296875 0.3439231481481482 0.011880208333333305 0.014081481481481454
0 0.8343880208333334 0.36680648148148143 0.01583854166666671 0.022296296296296283
0 0.5036786458333333 0.5610226851851852 0.023763541666666655 0.016428703703703647
0 0.5403125000000001 0.579212037037037 0.01782291666666668 0.019950000000000048
0 0.49839791666666666 0.5850796296296297 0.02244374999999999 0.01994999999999994
0 0.46110208333333336 0.6138305555555555 0.01914270833333334 0.023470370370370332
0 0.5660572916666666 0.8403180555555556 0.01782291666666668 0.023469444444444428
4 0.8069947916666667 0.2377203703703704 0.1260833333333333 0.16311851851851852
3 0.45879192708333333 0.5927074074074075 0.05280781250000004 0.08918703703703704
3 0.5182013020833334 0.5357921296296296 0.0897744791666667 0.1537305555555555
3 0.5449348958333333 0.8074597222222222 0.10627604166666664 0.1760268518518519
3 0.8310859374999999 0.34979074074074074 0.0633697916666667 0.09153333333333333
