0 0.8023723958333332 0.17200416666666668 0.02442187500000005 0.0176027777777778
0 0.4403091145833333 0.3245601851851852 0.025083854166666697 0.019949999999999992
2 0.4445997395833333 0.32925416666666674 0.04026614583333335 0.10913611111111113
0 0.780921875 0.21894398148148148 0.010562499999999985 0.052808333333333325
0 0.8000651041666667 0.22129120370370373 0.011880208333333305 0.05046018518518517
0 0.8211874999999998 0.22011805555555558 0.009239583333333337 0.04811388888888889
0 0.858484375 0.2694050925925926 0.007260416666666695 0.05280833333333335
0 0.7472552083333334 0.2623638888888889 0.005281249999999934 0.03168518518518521
0 0.8030338541666667 0.26001712962962964 0.024421874999999933 0.01994907407407409
0 0.8429713541666667 0.3450967592592593 0.011880208333333423 0.0164287037037037
0 0.8307578125 0.3703268518518518 0.015182291666666714 0.019949999999999992
0 0.5195213541666667 0.5481138888888889 0.021123958333333328 0.011735185185185166
0 0.550546875 0.5774518518518519 0.02112499999999997 0.023470370370370332
0 0.508959375 0.5668902777777779 0.019803124999999967 0.021123148148148137
0 0.4416294270833333 0.578038425925926 0.011881770833333328 0.019949074074074036
0 0.45813177083333334 0.6032689814814816 0.01716250000000006 0.021123148148148137
0 0.34591484375000003 0.7247273148148149 0.013201562500000048 0.024643518518518526
0 0.29706744791666667 0.7229666666666666 0.018482812500000043 0.023470370370370332
4 0.8010520833333333 0.23654675925925925 0.12476041666666665 0.16311759259259256
3 0.8277864583333333 0.35155092592592596 0.06072916666666674 0.09270740740740743
3 0.536353125 0.5281643518518518 0.09703333333333337 0.14082129629629628
3 0.45846171874999997 0.5874263888888889 0.06006927083333332 0.09740092592592602
3 0.31753046875 0.6818939814814815 0.10033489583333334 0.15255648148148146
