0 0.9040286458333334 0.3544847222222222 0.015182291666666596 0.014082407407407412
2 0.9099713541666666 0.3574185185185185 0.03102604166666675 0.06219629629629632
0 0.034677890625 0.8720032407407408 0.00990151041666667 0.021123148148148137
0 0.011904432291666666 0.8778703703703703 0.014522177083333336 0.016429629629629655
0 0.8664036458333333 0.5146689814814814 0.009901041666666662 0.012908333333333362
0 0.8591432291666665 0.5281643518518518 0.009901041666666662 0.016428703703703647
0 0.8848854166666666 0.5352055555555555 0.019145833333333327 0.01877592592592584
0 0.32908229166666664 0.38147546296296303 0.01914270833333334 0.014082407407407412
0 0.17131848958333334 0.5445935185185186 0.012542187499999979 0.014081481481481454
3 0.5205111979166667 0.4782902777777778 0.033665104166666696 0.0528083333333334
3 0.013884739583333333 0.8643750000000001 0.055448333333333336 0.08331851851851856
3 0.16669791666666667 0.5293375 0.05610833333333331 0.11031018518518518
3 0.33007239583333337 0.36387268518518523 0.04356666666666668 0.06806388888888891
3 0.8809270833333334 0.5023467592592593 0.05742708333333333 0.09857500000000001
