0 0.8647526041666667 0.3568319444444445 0.013203124999999953 0.014082407407407412
2 0.8706953125 0.35917870370370375 0.02904687499999999 0.06102222222222222
0 0.8271276041666666 0.5164291666666667 0.010557291666666658 0.01642870370370375
0 0.8208567708333333 0.5269907407407408 0.008578125000000015 0.016429629629629655
0 0.8456119791666665 0.5352050925925926 0.018484375000000004 0.01642870370370375
0 0.1914515625 0.38910324074074076 0.01320208333333334 0.01290833333333331
0 0.19739244791666666 0.4008384259259259 0.011881770833333328 0.0176027777777778
0 0.1732986979166667 0.4055324074074074 0.016502604166666667 0.015255555555555555
0 0.4710036458333333 0.4894384259259259 0.008581249999999999 0.014082407407407358
0 0.29112656249999996 0.49413240740740744 0.010561458333333343 0.01408148148148156
0 0.2637325520833333 0.4964791666666667 0.007260937499999986 0.014082407407407464
3 0.4792549479166666 0.4812240740740741 0.03432552083333332 0.05398148148148144
3 0.84 0.5041074074074074 0.05214583333333327 0.09740185185185186
3 0.28287552083333334 0.47887685185185186 0.05874895833333333 0.10796296296296294
3 0.1802299479166667 0.3879296296296296 0.04884739583333332 0.069237037037037
