0 0.6621041666666667 0.4530592592592593 0.01452083333333339 0.011735185185185218
0 0.39806276041666666 0.5211231481481482 0.01320156249999999 0.011735185185185166
2 0.40367369791666663 0.5217097222222222 0.027064062499999982 0.05984907407407403
0 0.6921380208333333 0.5234699074074075 0.00461979166666661 0.021123148148148137
0 0.673984375 0.4829842592592593 0.005281249999999934 0.0340314814814815
0 0.6634218749999999 0.48767824074074073 0.005281249999999934 0.01760277777777775
0 0.6264583333333333 0.5152555555555556 0.005281249999999934 0.018775925925925946
0 0.6594635416666667 0.5076277777777779 0.01584375000000004 0.012909259259259162
4 0.6597916666666668 0.4929587962962963 0.07459375000000001 0.10561574074074075
0 0.5013682291666667 0.4917856481481482 0.008581249999999999 0.014082407407407358
0 0.6092942708333333 0.5199495370370371 0.0145260416666666 0.014082407407407358
0 0.4653927083333333 0.5369652777777778 0.010561458333333343 0.012908333333333362
0 0.441959375 0.5381388888888889 0.007261458333333337 0.015255555555555555
0 0.42545703125 0.5088013888888889 0.0165026041666667 0.010562037037036969
0 0.665734375 0.5639560185185185 0.008583333333333342 0.012908333333333362
0 0.6726640624999999 0.5739310185185186 0.006598958333333253 0.014082407407407464
0 0.6545130208333333 0.578038425925926 0.009901041666666662 0.01525648148148146
3 0.49410729166666667 0.4953055555555556 0.03498541666666668 0.05398148148148155
3 0.4320580729166667 0.5058675925925926 0.04026614583333335 0.05632777777777784
3 0.6191953125 0.49061203703703704 0.047526041666666664 0.09153333333333333
3 0.6578098958333333 0.5674768518518519 0.04026562500000009 0.05515555555555554
3 0.459121875 0.5264041666666667 0.052147916666666676 0.09740092592592602
