0 0.6726640624999999 0.5880134259259259 0.026401041666666576 0.037552777777777796
0 0.4604419270833333 0.5704106481481481 0.020463020833333328 0.025817592592592628
0 0.47364427083333327 0.6062027777777779 0.015182291666666655 0.0340314814814815
0 0.5115999999999999 0.6595972222222223 0.01320208333333337 0.03755185185185189
0 0.5772812500000001 0.6824810185185186 0.0270624999999999 0.03403240740740741
3 0.6462604166666668 0.5275777777777778 0.15842708333333336 0.285162962962963
3 0.39938307291666664 0.6513828703703705 0.14390156250000002 0.2112324074074074
3 0.44129921875 0.568650462962963 0.10495572916666666 0.15607685185185186
3 0.3287520833333333 0.6103101851851852 0.09769479166666664 0.15490370370370377
3 0.566059375 0.5797986111111111 0.15248541666666668 0.255825
