0 0.4977377604166667 0.7030175925925927 0.010561979166666664 0.018775925925925946
0 0.46407265625 0.7059509259259259 0.014522395833333352 0.022296296296296335
1 0.7914817708333333 0.28524722222222226 0.018484375000000004 0.011735185185185166
0 0.8089765625 0.31810555555555553 0.009901041666666662 0.05398148148148149
0 0.78884375 0.30343703703703706 0.005281250000000052 0.022296296296296283
0 0.7934609374999999 0.31927916666666667 0.006598958333333371 0.03285833333333336
0 0.7720104166666667 0.31165185185185185 0.013864583333333276 0.05046111111111116
4 0.7881822916666666 0.33042777777777776 0.07525000000000001 0.1208722222222222
0 0.3696783854166667 0.814500925925926 0.022443229166666672 0.01173518518518527
0 0.36802812500000004 0.834450462962963 0.015182291666666655 0.016428703703703647
0 0.9908333333333333 0.7505444444444445 0.009239583333333337 0.01994999999999994
0 0.9598072916666666 0.7581722222222222 0.01584375000000004 0.016429629629629655
0 0.6261276041666667 0.4917856481481482 0.008578125000000015 0.01642870370370375
0 0.6182057291666666 0.5052810185185185 0.007265625000000024 0.012908333333333362
0 0.6413072916666667 0.509975 0.012541666666666628 0.015255555555555555
0 0.4650627604166666 0.5833194444444445 0.013861979166666613 0.01642962962962955
0 0.4452598958333333 0.5739310185185186 0.007261458333333337 0.016428703703703647
0 0.5914713541666666 0.5944675925925926 0.00792187500000002 0.017601851851851844
0 0.5683671874999999 0.5991615740740741 0.011880208333333423 0.01760277777777775
0 0.5082992187500001 0.3685666666666667 0.018482812499999984 0.016429629629629603
2 0.5096203125 0.3650462962962963 0.03168645833333331 0.06337037037037042
3 0.15613619791666666 0.8931268518518519 0.0693109375 0.11500555555555557
3 0.9660781249999999 0.7165125 0.07194791666666672 0.13026018518518512
3 0.6370182291666667 0.49589259259259255 0.04884895833333332 0.06923703703703706
3 0.5779401041666666 0.5850791666666668 0.05082812500000008 0.07158425925925929
3 0.4607721354166667 0.5674768518518519 0.04488697916666666 0.0692370370370371
3 0.4815653645833333 0.678960648148148 0.06799010416666663 0.13260648148148152
3 0.37231875000000003 0.814500925925926 0.05016770833333333 0.07979814814814806
