1 0.9172291666666667 0.32749398148148146 0.01782291666666668 0.011734259259259208
0 0.9343932291666666 0.35800509259259256 0.009901041666666662 0.0516342592592593
0 0.9165703125 0.34450972222222226 0.00461979166666661 0.0176027777777778
0 0.9198697916666667 0.3621125 0.0072604166666665765 0.029337962962962965
0 0.899078125 0.3509638888888889 0.01452083333333339 0.04694074074074077
4 0.9129401041666666 0.3726740740740741 0.07656770833333333 0.11852407407407405
0 0.47331406249999997 0.5651296296296295 0.009241666666666681 0.015255555555555555
0 0.480575 0.5774518518518518 0.006601041666666714 0.016429629629629655
0 0.45978203125 0.5821458333333334 0.012542187500000008 0.01642870370370375
0 0.3960825520833333 0.5328583333333334 0.00924114583333336 0.014081481481481454
0 0.4030135416666667 0.5457666666666667 0.005940625000000033 0.018775925925925946
0 0.3838705729166667 0.549874537037037 0.019143229166666664 0.01760277777777775
0 0.7442864583333333 0.5322717592592592 0.008583333333333342 0.012908333333333258
0 0.7370234375 0.5416597222222223 0.005942708333333257 0.012908333333333258
0 0.7581458333333333 0.5492875 0.013864583333333395 0.016428703703703647
0 0.6472526041666666 0.5533949074074075 0.009901041666666662 0.012908333333333258
0 0.6333880208333333 0.5604356481481482 0.011223958333333428 0.01760277777777775
0 0.6977473958333333 0.6214583333333333 0.009244791666666667 0.017601851851851844
0 0.7198619791666666 0.617937962962963 0.008578124999999895 0.015255555555555555
0 0.6422994791666667 0.401425 0.01716145833333336 0.014081481481481454
2 0.6429609374999999 0.3990782407407408 0.027723958333333344 0.05632870370370374
3 0.3086192708333333 0.8890194444444446 0.06270937500000003 0.11383148148148148
3 0.3861809895833333 0.5234699074074075 0.042246354166666694 0.09388055555555552
3 0.4650627604166666 0.5680634259259258 0.042906770833333316 0.06336944444444441
3 0.6356979166666666 0.5516342592592592 0.046208333333333344 0.06102222222222222
3 0.7063281250000001 0.6085499999999999 0.05016666666666663 0.069237037037037
3 0.7558385416666666 0.5346185185185185 0.05016666666666663 0.06454259259259261
