0 0.24227942708333336 0.6361273148148148 0.011881770833333357 0.01642870370370375
0 0.2241265625 0.6290861111111111 0.015182291666666684 0.011735185185185166
0 0.22082578125 0.6425814814814815 0.016502604166666667 0.015255555555555555
0 0.4495502604166667 0.5991615740740741 0.011881770833333328 0.012908333333333362
0 0.21323489583333333 0.5381393518518518 0.010561458333333343 0.012908333333333258
0 0.19871250000000001 0.5269907407407407 0.010561458333333313 0.011735185185185166
0 0.19343177083333335 0.538725925925926 0.010561458333333343 0.014081481481481454
0 0.41192473958333337 0.4782902777777778 0.007921354166666639 0.01290833333333331
0 0.4181958333333333 0.48591759259259254 0.007261458333333337 0.01173518518518527
0 0.4010333333333333 0.49061203703703704 0.011221874999999966 0.01408148148148156
0 0.2558111979166667 0.4735958333333333 0.012542187499999979 0.010562037037037073
0 0.2696734375 0.48357083333333334 0.011221875000000025 0.011734259259259262
0 0.25086041666666664 0.4859180555555556 0.009241666666666681 0.014082407407407358
0 0.8489114583333333 0.38675601851851854 0.014520833333333271 0.01056203703703702
0 0.6208463541666667 0.5979884259259259 0.005942708333333376 0.012908333333333362
0 0.5957630208333333 0.6038555555555556 0.011223958333333428 0.015255555555555555
0 0.7885130208333334 0.528750925925926 0.01122395833333331 0.012909259259259266
0 0.7749791666666667 0.5176027777777777 0.011885416666666633 0.014081481481481454
0 0.7693671875 0.529924537037037 0.009901041666666662 0.012908333333333362
0 0.7116119791666667 0.5469407407407408 0.01320312500000007 0.011735185185185166
0 0.692796875 0.5457671296296296 0.013864583333333395 0.014082407407407464
0 0.6891666666666667 0.558675462962963 0.01452083333333339 0.016428703703703647
2 0.8485807291666667 0.38499583333333337 0.027067708333333346 0.04928796296296296
3 0.23171744791666668 0.6150037037037037 0.04884739583333332 0.08918703703703704
3 0.4515309895833333 0.5621958333333333 0.04884739583333329 0.09153425925925923
3 0.20729401041666667 0.5269907407407407 0.042246354166666666 0.05398148148148144
3 0.4063140625 0.47711666666666674 0.03498541666666662 0.05750185185185183
3 0.26208203125 0.4735958333333334 0.042246354166666666 0.05515462962962969
3 0.601703125 0.5698240740740741 0.053468749999999926 0.1044425925925926
3 0.7003880208333333 0.5352055555555555 0.048848958333333435 0.07745185185185188
3 0.7815807291666667 0.5205361111111111 0.04356770833333338 0.05046111111111116
3 0.9165703125 0.520536574074074 0.03498437500000004 0.05280833333333335
