0 0.4495502604166667 0.8573337962962962 0.018482812499999984 0.02933796296296302
0 0.40862421875 0.8315166666666667 0.03168489583333335 0.026990740740740825
0 0.3964125 0.8649615740740741 0.020463541666666647 0.02816388888888881
0 0.48783619791666666 0.40259861111111117 0.03432552083333332 0.02346944444444448
0 0.5175401041666666 0.4735958333333333 0.013201041666666668 0.07158425925925929
0 0.574640625 0.5322712962962963 0.008583333333333342 0.1044425925925926
0 0.4894864583333334 0.4665550925925926 0.02310312500000003 0.09036018518518518
0 0.45879192708333333 0.4765296296296297 0.01320156249999999 0.07275740740740744
0 0.40796406249999995 0.5269907407407408 0.006601041666666714 0.07745185185185188
0 0.49047682291666667 0.5352050925925926 0.035645312499999984 0.02816388888888892
4 0.4911380208333333 0.501173611111111 0.18086979166666659 0.2487842592592593
2 -0.009878828124999997 0.6513828703703705 0.052807968749999996 0.09857500000000001
3 0.42545703125 0.835624074074074 0.11419739583333328 0.1361277777777777
