0 0.4954273437499999 0.4642078703703704 0.012542187500000008 0.01290833333333331
0 0.7528671875 0.38734259259259257 0.016505208333333243 0.011735185185185166
0 0.783890625 0.4512990740740741 0.005937500000000047 0.045766666666666615
0 0.7637578125 0.4225481481481481 0.006598958333333371 0.035205555555555545
0 0.7531953124999999 0.4143337962962963 0.00792187500000002 0.037552777777777796
0 0.7492369791666665 0.4454314814814815 0.01716145833333336 0.015255555555555555
0 0.7129322916666666 0.44073796296296297 0.005281250000000052 0.045766666666666664
4 0.7479166666666667 0.4325231481481482 0.08053124999999994 0.11148333333333338
0 0.4772747395833333 0.5768648148148149 0.010561979166666664 0.012909259259259266
0 0.48387578125 0.589187037037037 0.011881770833333328 0.018775925925925946
0 0.46143229166666666 0.5897731481481481 0.015842708333333337 0.015255555555555555
0 0.5244713541666667 0.7564120370370371 0.009901041666666662 0.015255555555555555
0 0.51918984375 0.7763620370370371 0.013859895833333328 0.015255555555555555
0 0.4970776041666667 0.7716680555555555 0.010561458333333343 0.017602777777777853
0 0.3997130208333334 0.7382226851851852 0.011221874999999966 0.01877685185185185
0 0.40664401041666665 0.7575851851851853 0.014522395833333293 0.015255555555555555
0 0.03533796875 0.7135787037037037 0.015182291666666669 0.018775925925925946
0 0.5521953125000001 0.6818939814814815 0.009901041666666662 0.014082407407407358
0 0.531734375 0.6772 0.007260416666666695 0.016429629629629655
0 0.5990651041666666 0.5803851851851852 0.009901041666666662 0.015255555555555555
0 0.6135833333333333 0.5944675925925927 0.012541666666666628 0.015255555555555555
0 0.5918020833333333 0.5932939814814815 0.008583333333333342 0.017602777777777853
2 0.49575755208333333 0.4630342592592593 0.027724479166666663 0.05750185185185189
3 0.5462552083333333 0.6683986111111111 0.046864583333333286 0.06454351851851851
3 0.036988338541666665 0.676026388888889 0.06468998958333333 0.12204537037037046
3 0.4703434895833334 0.5663032407407408 0.046867187500000004 0.09036018518518524
3 0.4089541666666667 0.7393962962962963 0.04554687500000002 0.0657166666666666
3 0.5132494791666667 0.7593458333333333 0.04686562500000004 0.0680638888888888
3 0.6076458333333333 0.5827324074074074 0.04818749999999999 0.06219629629629632
3 0.16768802083333334 0.9453486111111111 0.06733020833333334 0.10209907407407402
