0 0.3584567708333334 0.509387962962963 0.014521874999999972 0.01408148148148156
0 0.6129244791666667 0.4290023148148148 0.015182291666666714 0.012908333333333362
0 0.6449401041666666 0.4911986111111111 0.005276041666666605 0.04576759259259257
0 0.625796875 0.4612740740740741 0.006604166666666581 0.035205555555555545
0 0.61490625 0.45540648148148144 0.008583333333333224 0.037551851851851836
0 0.6099531250000001 0.4853314814814814 0.01584374999999992 0.015255555555555555
0 0.57496875 0.4812236111111111 0.005281250000000052 0.04459351851851852
4 0.609625 0.47066250000000004 0.07855208333333341 0.11031018518518523
0 0.6218359375000001 0.8027657407407407 0.018484375000000004 0.011735185185185166
0 0.6248072916666667 0.8186078703703704 0.019145833333333327 0.01760277777777775
0 0.6007135416666666 0.8121537037037038 0.014520833333333271 0.023470370370370332
0 0.692796875 0.5897736111111112 0.01121874999999998 0.010562037037037073
0 0.6918072916666667 0.6103097222222222 0.011885416666666752 0.014082407407407464
0 0.7145807291666666 0.6144171296296297 0.01122395833333331 0.01760277777777775
0 0.42314661458333336 0.705950925925926 0.009241145833333301 0.010561111111111065
0 0.41654557291666666 0.7264875000000001 0.010561979166666664 0.014082407407407464
0 0.3967427083333333 0.7223805555555556 0.006601041666666655 0.015255555555555555
0 0.47793463541666664 0.6378875 0.011881770833333387 0.015256481481481565
0 0.46407265625 0.6238055555555556 0.010561979166666664 0.015255555555555555
0 0.45681171875000004 0.6361273148148148 0.007921354166666639 0.014082407407407358
0 0.7584765625000001 0.8086333333333334 0.01583854166666671 0.014081481481481454
0 0.7538567708333334 0.8250625 0.013203124999999953 0.021123148148148245
0 0.7858723958333333 0.8620277777777778 0.00990104166666678 0.015255555555555555
2 0.3591166666666667 0.5088013888888889 0.03036458333333331 0.05750277777777784
3 0.41357499999999997 0.7135787037037037 0.04818749999999999 0.06571666666666671
3 0.7020390624999999 0.6003347222222222 0.046869791666666674 0.05984907407407403
3 0.6139166666666667 0.7904435185185186 0.0514895833333334 0.09270740740740743
3 0.47397421875 0.6226319444444445 0.04752760416666669 0.06219537037037042
3 0.7914817708333333 0.8291694444444444 0.06204687500000006 0.11148333333333327
3 0.0257665625 0.9987407407407407 0.06468979166666666 0.07979629629629637
3 0.7594661458333333 0.8086333333333334 0.04026562499999997 0.06571666666666671
