0 0.35053567708333333 0.5123222222222222 0.015842187499999955 0.015255555555555555
0 0.6056640625 0.4295893518518519 0.01650520833333336 0.011734259259259262
0 0.636359375 0.4929587962962963 0.005281250000000052 0.04459351851851852
0 0.6168854166666667 0.46362129629629634 0.007260416666666695 0.035205555555555545
0 0.6059921875000001 0.4565800925925926 0.007921874999999901 0.037552777777777796
0 0.6020338541666667 0.4859180555555556 0.01583854166666659 0.014082407407407358
0 0.5673776041666667 0.48357083333333334 0.005942708333333257 0.046939814814814865
4 0.601703125 0.4753564814814815 0.0825104166666667 0.10796296296296294
0 0.6241458333333334 0.7781222222222222 0.012541666666666748 0.018775925925925946
0 0.6000546875 0.7798824074074073 0.018484375000000004 0.022296296296296335
0 0.6106145833333334 0.5903601851851852 0.013197916666666623 0.016429629629629655
0 0.4152252604166667 0.7088851851851852 0.00924114583333336 0.011735185185185166
0 0.40862447916666667 0.7288347222222222 0.010561458333333343 0.01642870370370375
0 0.38915156250000005 0.7247268518518518 0.008581249999999999 0.015255555555555555
0 0.45681171875000004 0.6255657407407408 0.00924114583333336 0.01642962962962955
0 0.44856041666666674 0.636713888888889 0.008581249999999999 0.015255555555555555
0 0.4710036458333333 0.6390611111111111 0.012541666666666628 0.015255555555555555
0 0.7766302083333334 0.8626148148148148 0.0112187500000001 0.016429629629629655
2 0.35020546874999997 0.5105615740740741 0.027064062499999982 0.06102314814814823
3 0.4046635416666666 0.7165125 0.047527083333333366 0.06454351851851851
3 0.6099557291666666 0.5751046296296297 0.034328124999999925 0.056327777777777734
3 0.6086328125 0.7534782407407408 0.04884895833333332 0.09388055555555552
3 0.46572291666666665 0.626738888888889 0.04950729166666671 0.06102222222222222
3 0.77828125 0.8309300925925927 0.06468750000000002 0.1056157407407408
3 0.017845338541666665 1.0005 0.06600994791666666 0.07627777777777787
3 0.74065625 0.7927907407407407 0.0448854166666667 0.06454259259259261
