0 0.33205286458333333 0.4794638888888889 0.015842187500000014 0.015255555555555503
0 0.5871822916666666 0.3967314814814815 0.016500000000000032 0.011735185185185218
0 0.6185364583333334 0.46420787037037037 0.003958333333333404 0.03403240740740741
0 0.5993932291666667 0.43193611111111113 0.006598958333333371 0.035205555555555545
0 0.5885 0.4278291666666667 0.008583333333333342 0.03168425925925925
0 0.5848697916666666 0.4536462962962963 0.01584375000000004 0.012909259259259266
0 0.5488958333333334 0.4565800925925926 0.004624999999999938 0.03520462962962959
4 0.5842109375 0.43897731481481483 0.0805364583333334 0.1056157407407408
0 0.6898255208333333 0.6989097222222223 0.011880208333333305 0.01760277777777775
0 0.6660625 0.7053643518518519 0.018479166666666675 0.016428703703703647
0 0.5663880208333334 0.5451805555555557 0.01320312500000007 0.015255555555555555
0 0.29772760416666666 0.775187962962963 0.009241666666666681 0.019950000000000048
0 0.2706635416666667 0.7857495370370371 0.015842708333333365 0.01760277777777775
0 0.3980627604166667 0.6754398148148149 0.007921354166666639 0.012909259259259266
0 0.392121875 0.6953893518518518 0.009241666666666681 0.012908333333333362
0 0.37165885416666666 0.6901087962962963 0.006601041666666655 0.016428703703703647
0 0.4386588541666666 0.5915337962962963 0.008581249999999999 0.014082407407407464
0 0.43139765625 0.6026824074074074 0.007260937500000016 0.015255555555555555
0 0.45252083333333326 0.6062027777777779 0.012541666666666687 0.015255555555555555
0 0.7888411458333333 0.8526402777777778 0.006598958333333371 0.01760277777777775
0 0.7588072916666667 0.8608546296296297 0.01121874999999998 0.015255555555555555
2 0.33205286458333333 0.479463425925926 0.027724479166666663 0.059849074074074075
3 0.38651119791666666 0.6824805555555555 0.05082760416666664 0.062196296296296215
3 0.5680390625 0.528750925925926 0.036307291666666686 0.05515555555555554
3 0.2752841145833333 0.7587592592592594 0.05808906250000003 0.11617777777777777
3 0.6743125 0.6795472222222223 0.04818749999999999 0.09622777777777783
3 0.44690989583333335 0.5956412037037038 0.04752708333333331 0.06454351851851851
3 0.7614479166666667 0.8221282407407408 0.0719479166666666 0.12556574074074073
3 -0.0026177343750000007 0.9834861111111111 0.06997057291666667 0.11030555555555556
3 0.7485755208333332 0.7851634259259259 0.042244791666666615 0.06336944444444452
