0 0.3271018229166666 0.4595138888888889 0.013861979166666672 0.015255555555555555
0 0.5918020833333333 0.3738476851851852 0.017822916666666563 0.01290833333333331
0 0.6238177083333334 0.44601851851851854 0.005281249999999934 0.0328574074074074
0 0.60434375 0.4096398148148148 0.007260416666666695 0.03755185185185189
0 0.5931223958333334 0.40494537037037037 0.008578125000000015 0.03051111111111111
0 0.5888333333333333 0.43193657407407404 0.01452083333333339 0.014082407407407412
0 0.5525260416666666 0.43663055555555563 0.005281250000000052 0.035205555555555545
4 0.5875104166666667 0.4184407407407407 0.08185416666666659 0.11148333333333332
0 0.6597916666666667 0.5704106481481481 0.005937500000000047 0.01877685185185185
0 0.6769557291666667 0.5903601851851852 0.019140625 0.014081481481481454
0 0.574640625 0.5199495370370371 0.012541666666666628 0.01642870370370375
0 0.24161901041666667 0.7886833333333334 0.014522395833333352 0.018775925925925946
0 0.21620520833333332 0.7804689814814816 0.008581249999999999 0.01642870370370375
0 0.3941020833333333 0.6642912037037038 0.009241666666666681 0.014082407407407358
0 0.38849140625 0.6836546296296296 0.009901562499999983 0.015255555555555555
0 0.3663778645833333 0.6813074074074075 0.007921354166666639 0.019950000000000048
0 0.4515309895833333 0.5921203703703704 0.011881770833333328 0.015255555555555555
0 0.4360184895833333 0.578038425925926 0.009901562499999983 0.01525648148148146
0 0.42875729166666665 0.5897731481481481 0.007261458333333278 0.015255555555555555
0 0.8003932291666667 0.8473592592592594 0.008578125000000015 0.018775925925925946
0 0.7690390625 0.8555736111111112 0.011880208333333305 0.016428703703703647
2 0.32545182291666663 0.45892685185185184 0.027724479166666663 0.061022222222222165
3 0.38321067708333334 0.6725060185185185 0.05082760416666664 0.06806388888888891
3 0.57496875 0.5058675925925926 0.03960416666666665 0.05632777777777784
3 0.4459197916666666 0.578038425925926 0.049507291666666654 0.06688981481481492
3 0.23765859375 0.7575856481481482 0.05808906250000003 0.11617685185185186
3 0.7726692708333334 0.8186083333333334 0.07327604166666657 0.12791296296296292
3 -0.012189192708333333 0.9834861111111111 0.05478828125 0.11030555555555556
3 0.676953125 0.5657166666666666 0.042906250000000055 0.09388148148148143
3 0.7588072916666667 0.7822296296296296 0.04686458333333334 0.0692370370370371
