0 0.6663932291666667 0.4031856481481482 0.038942708333333326 0.029337962962962965
0 0.6564921875 0.44073796296296297 0.03498437499999992 0.0340314814814815
0 0.7185416666666666 0.4325231481481482 0.032343750000000074 0.036379629629629595
0 0.5261216145833333 0.6742662037037037 0.03168385416666665 0.03637870370370369
0 0.13798333333333332 0.6373004629629629 0.023763541666666655 0.03989907407407408
0 0.08715572916666667 0.607962962962963 0.04488645833333334 0.03051111111111111
0 0.07593411458333332 0.6466888888888889 0.027724479166666663 0.039899999999999984
0 0.6168880208333333 0.45834027777777786 0.020463541666666647 0.036378703703703746
0 0.5607786458333334 0.4671421296296296 0.0257447916666667 0.0328583333333333
3 0.6911484375000001 0.3720875 0.12938020833333339 0.24408981481481484
3 0.5284328125 0.6003351851851851 0.12475937499999995 0.2898574074074074
3 0.5782708333333333 0.43310972222222227 0.11485416666666666 0.16429166666666667
3 0.10530848958333333 0.6009217592592593 0.1392809375 0.1713324074074074
