0 0.7588072916666666 0.5850796296296297 0.016500000000000032 0.04342037037037038
0 0.6954375 0.6097236111111111 0.05214583333333327 0.03637870370370369
0 0.8284479166666666 0.5146685185185185 0.026406250000000023 0.03872592592592599
0 0.4379986979166666 0.6349537037037037 0.013861979166666672 0.042246296296296275
0 0.38122994791666664 0.6648782407407409 0.03366510416666664 0.041073148148148185
0 0.5465833333333333 0.5404861111111111 0.01452083333333339 0.036379629629629595
0 0.49575729166666666 0.5176027777777777 0.047527083333333366 0.02581666666666662
0 0.4908065104166667 0.5657166666666666 0.033665104166666696 0.03755185185185179
3 0.7132604166666667 0.5234703703703704 0.1432395833333333 0.24643703703703704
3 0.7980833333333334 0.43311018518518524 0.18218749999999997 0.31684814814814816
3 0.5033486979166666 0.5134953703703704 0.1340005208333333 0.1795462962962963
3 0.38816119791666664 0.6091365740740742 0.12673906249999997 0.18072129629629627
