0 0.6462604166666667 0.5316847222222223 0.040927083333333295 0.037552777777777796
0 0.57496875 0.5187763888888888 0.040927083333333295 0.03989907407407408
0 0.7657369791666667 0.47476944444444447 0.031682291666666744 0.04107222222222218
0 0.8367005208333333 0.45012592592592593 0.015182291666666596 0.041072222222222225
0 0.4033434895833333 0.617351388888889 0.018482812499999984 0.044593518518518574
0 0.34591484375000003 0.5927074074074075 0.050167187500000016 0.025816666666666724
0 0.3366734375 0.6396476851851852 0.033005208333333334 0.03755277777777769
0 0.30102812500000004 0.46010092592592594 0.027723958333333344 0.03051111111111111
0 0.32083098958333334 0.49589259259259266 0.02112343750000001 0.04107222222222228
0 0.2544911458333334 0.5005865740740741 0.03102500000000002 0.043419444444444476
0 0.47034374999999995 0.47476944444444447 0.024423958333333277 0.02933703703703701
0 0.45879192708333333 0.5305111111111112 0.027724479166666663 0.03755185185185189
0 0.392121875 0.5222967592592593 0.019803124999999967 0.03989907407407408
3 0.6092942708333333 0.45658009259259263 0.16106770833333334 0.2675601851851852
3 0.7729999999999999 0.4043587962962963 0.16766666666666658 0.32506203703703707
3 0.4403091145833333 0.4847439814814815 0.1412609375 0.1713324074074074
3 0.27132369791666666 0.4548199074074074 0.1399411458333333 0.18658796296296296
3 0.3584567708333334 0.5897736111111112 0.14258125 0.18658796296296296
