0 0.3442645833333334 0.1590953703703704 0.04818750000000005 0.03872592592592594
0 0.48486588541666664 0.617937962962963 0.023103645833333294 0.03168518518518511
0 0.44691015624999997 0.657837037037037 0.03432552083333332 0.045766666666666664
0 0.6505494791666667 0.5539814814814814 0.03498437500000004 0.04224629629629638
0 0.5957630208333333 0.5228833333333333 0.013859375000000066 0.0340314814814815
0 0.555828125 0.5938810185185185 0.02112499999999997 0.03989907407407408
0 0.960796875 0.00888588425925926 0.005937500000000047 0.01994971296296296
4 0.9928125 0.038810185185185184 0.09241666666666669 0.15725
2 0.333703125 0.16320236111111114 0.09571458333333335 0.2253137962962963
3 0.4515307291666667 0.636713888888889 0.13201979166666664 0.17015925925925932
3 0.48519557291666665 0.4923722222222222 0.21519218750000005 0.353225925925926
3 0.6475807291666666 0.49882638888888897 0.1280572916666666 0.206537962962963
