0 0.42446666666666666 0.46831527777777776 0.017162499999999997 0.014082407407407412
0 0.7228333333333334 0.3756078703703704 0.009239583333333337 0.014082407407407412
0 0.7129296874999999 0.37971527777777775 0.01716145833333336 0.01290833333333331
0 0.7479166666666667 0.4665550925925926 0.005281249999999934 0.024643518518518526
0 0.7264609375 0.4172675925925926 0.005942708333333376 0.038725925925925886
0 0.7145807291666666 0.4219615740740741 0.007265625000000024 0.019949074074074036
0 0.7099609375 0.44484490740740745 0.019140625 0.014082407407407412
0 0.6703541666666666 0.4559930555555555 0.004624999999999938 0.024643518518518474
4 0.7096302083333333 0.42841574074074074 0.0897708333333334 0.1243925925925926
0 0.49806796875000003 0.7241407407407408 0.009901562500000042 0.018775925925925946
0 0.44327968749999996 0.6243921296296296 0.011221875000000025 0.014082407407407358
0 0.450540625 0.6408212962962964 0.009901041666666662 0.01642962962962955
0 0.42677708333333336 0.6373009259259259 0.013862499999999993 0.018775925925925946
0 0.9020494791666667 0.8567467592592592 0.01650520833333336 0.021123148148148137
0 0.5020286458333333 0.6425814814814815 0.008581249999999999 0.015255555555555555
0 0.47826484374999995 0.6390606481481482 0.00858177083333332 0.017602777777777853
0 0.47826484375 0.6167643518518519 0.009901562499999983 0.012908333333333362
2 0.42578697916666663 0.4677287037037037 0.03036458333333331 0.06219629629629627
3 0.9027083333333333 0.8397314814814815 0.04686458333333334 0.07393148148148149
3 0.4353583333333333 0.6249787037037037 0.050828125000000016 0.06219629629629632
3 0.052170598958333335 0.999912037037037 0.08185255208333334 0.07745370370370379
3 0.4568114583333333 0.5815587962962963 0.07129062500000002 0.11383055555555557
3 0.48750625 0.6279125000000001 0.04422708333333336 0.0704101851851852
3 0.5102802083333333 0.7100583333333335 0.044887500000000045 0.0680629629629629
