0 0.17032838541666664 0.6689851851851852 0.015842187499999986 0.011735185185185166
0 0.17263880208333332 0.6836541666666667 0.013861979166666672 0.012908333333333362
0 0.44558984375 0.5463537037037037 0.011881770833333328 0.012909259259259266
0 0.17692942708333337 0.391450462962963 0.007921354166666669 0.010562037037037073
0 0.18221015625 0.4008384259259259 0.005280729166666671 0.01290833333333331
0 0.16636770833333334 0.4031856481481482 0.010561458333333343 0.01290833333333331
0 0.03863846354166667 0.7018435185185186 0.009901510416666662 0.018775925925925946
0 0.0300571875 0.7217935185185186 0.01386208333333333 0.016429629629629655
0 0.010914296875 0.7170990740740741 0.007261093750000001 0.011735185185185166
0 0.8489088541666667 0.3902768518518519 0.01716145833333336 0.010561111111111117
0 0.5409739583333334 0.5451805555555557 0.01121874999999998 0.015255555555555555
0 0.8159062499999999 0.5269907407407408 0.01584375000000004 0.009388888888888877
0 0.8178854166666667 0.5410731481481482 0.011885416666666633 0.011735185185185166
0 0.8000624999999999 0.5340319444444445 0.009239583333333337 0.014082407407407464
0 0.9588151041666667 0.3902768518518519 0.009901041666666662 0.010561111111111117
2 0.8485807291666667 0.38968981481481485 0.023098958333333405 0.04928703703703705
3 0.1657078125 0.6554902777777778 0.05016770833333333 0.08801388888888885
3 0.4482302083333334 0.5187759259259259 0.04620729166666664 0.09622777777777777
3 0.02873697916666667 0.7071245370370371 0.045546875 0.06454351851851851
3 0.16933802083333335 0.39321064814814816 0.03498541666666665 0.04459351851851852
3 0.5409755208333333 0.510561574074074 0.04554895833333337 0.09857499999999997
3 0.8129348958333333 0.5269907407407407 0.04422395833333326 0.05632777777777784
3 0.9571666666666666 0.3773680555555556 0.03432291666666672 0.04811388888888886
