0 0.6165546874999999 0.6719194444444445 0.018484375000000004 0.019950000000000048
0 0.5878411458333335 0.6736796296296297 0.008578125000000015 0.02581666666666662
0 0.48255546875 0.6584240740740741 0.01320156249999999 0.018775925925925946
0 0.45615156249999994 0.6625310185185186 0.009241666666666681 0.01760277777777775
0 0.42578671875 0.5751046296296297 0.018482812499999984 0.014081481481481454
0 0.42908749999999996 0.5944675925925926 0.014521874999999972 0.012909259259259266
0 0.40895442708333335 0.5827324074074075 0.011221354166666704 0.015255555555555555
0 0.5984010416666667 0.6226319444444445 0.012541666666666628 0.01760277777777775
0 0.5904817708333333 0.638474537037037 0.008578125000000015 0.021123148148148137
0 0.631078125 0.29756944444444444 0.02112499999999997 0.015255555555555555
0 0.9469348958333333 0.20075462962962964 0.019140625 0.01642962962962963
0 0.9640963541666667 0.23713379629629633 0.009901041666666662 0.056328703703703686
0 0.923171875 0.2300925925925926 0.013864583333333276 0.05398148148148147
2 0.6317369791666666 0.2946356481481482 0.027723958333333344 0.0704101851851852
4 0.94165625 0.253562962962963 0.08383333333333336 0.13377962962962964
3 0.4205059895833333 0.5786254629629629 0.059408854166666636 0.07979907407407406
3 0.47364427083333327 0.6455152777777778 0.045546874999999966 0.07745092592592598
3 0.6710156249999999 0.636713888888889 0.05742708333333333 0.1302592592592592
3 0.6162265625 0.6466888888888889 0.06930729166666676 0.11265740740740737
3 0.6083046875 0.6220453703703703 0.054786458333333364 0.07275740740740738
