0 0.16438750000000002 0.4653814814814815 0.006601041666666685 0.012909259259259266
0 0.15745651041666667 0.479463425925926 0.016502604166666667 0.012908333333333362
0 0.35515625 0.8133273148148149 0.01320208333333331 0.016428703703703647
0 0.3317229166666666 0.8033523148148148 0.008581249999999999 0.01760277777777775
0 0.35713645833333335 0.47653009259259266 0.014521875000000031 0.00938796296296292
0 0.3577966145833333 0.48767824074074073 0.011881770833333328 0.012908333333333362
0 0.34294453125 0.48357083333333334 0.005941145833333354 0.01642870370370375
0 0.8766354166666666 0.45716712962962963 0.01584374999999992 0.012908333333333362
0 0.8109557291666666 0.7886833333333334 0.009901041666666662 0.011735185185185166
0 0.8182161458333332 0.8033527777777779 0.007265625000000024 0.015255555555555555
0 0.7990729166666667 0.805699074074074 0.013864583333333276 0.015255555555555555
0 0.20729401041666667 0.6097231481481481 0.007921354166666669 0.010561111111111065
0 0.20465364583333334 0.6267393518518519 0.009241666666666681 0.014082407407407358
0 0.18386041666666667 0.6243921296296296 0.007261458333333337 0.014082407407407358
0 0.8182161458333332 0.6073763888888889 0.01122395833333331 0.012908333333333362
0 0.7980833333333334 0.6097231481481481 0.010562499999999985 0.015255555555555555
2 0.8763046875 0.4559935185185185 0.0257447916666667 0.0504611111111111
3 0.15415598958333335 0.45716666666666667 0.04026614583333332 0.07627777777777772
3 0.3525158854166667 0.7839893518518518 0.05676822916666667 0.10561574074074069
3 0.3548263020833333 0.4765296296296297 0.03762552083333333 0.04694074074074077
3 0.5733177083333333 0.8626143518518519 0.058750000000000094 0.09857500000000001
3 0.807984375 0.5956412037037038 0.04753125 0.05515462962962964
3 0.802703125 0.7922041666666667 0.0448854166666667 0.058675000000000026
3 0.19805234375 0.6167643518518519 0.042246354166666666 0.05515462962962964
