0 0.25350078125 0.5827324074074074 0.02112343750000001 0.019950000000000048
0 0.3082890625 0.6320199074074074 0.006601041666666655 0.022297222222222135
0 0.333703125 0.6519694444444444 0.01782291666666668 0.01994999999999994
0 0.18914114583333333 0.9218782407407408 0.01782291666666668 0.022299074074074048
0 0.16042682291666666 0.9042745370370372 0.00924114583333333 0.02229722222222224
0 0.2766044270833333 0.7311819444444445 0.015842187500000014 0.021123148148148137
0 0.6439479166666667 0.4554064814814815 0.023104166666666613 0.016429629629629655
0 0.6627630208333334 0.5046944444444444 0.007921874999999901 0.05398148148148155
0 0.6399895833333333 0.5422462962962963 0.02310416666666673 0.018775925925925946
0 0.6921380208333333 0.5709976851851852 0.00461979166666661 0.029337962962962913
0 0.6475807291666666 0.5117351851851852 0.010557291666666658 0.028164814814814823
0 0.5871796874999999 0.5551546296296297 0.00461979166666661 0.03051111111111111
4 0.6409817708333333 0.5228833333333333 0.11881770833333338 0.16311851851851852
2 0.25284088541666666 0.5815592592592593 0.04224635416666664 0.09270740740740732
3 0.33205286458333333 0.6243921296296296 0.059408854166666636 0.09388055555555552
3 0.46935338541666666 0.7505444444444445 0.08317239583333334 0.13260740740740742
3 0.2752841145833333 0.7047777777777778 0.05280781249999998 0.09974814814814811
3 0.18386041666666667 0.8978185185185186 0.06799062500000001 0.10091851851851859
