0 0.6317369791666666 0.617350925925926 0.03432812500000004 0.028164814814814823
0 0.6805833333333333 0.6443416666666667 0.019802083333333324 0.0352055555555555
0 0.6228255208333333 0.6531430555555556 0.019140625 0.029337962962962913
0 0.8465989583333333 0.7681467592592593 0.027062500000000017 0.0363787037037038
0 0.7904921874999999 0.7540652777777778 0.016505208333333243 0.03637870370370369
0 0.5010369791666667 0.4454319444444445 0.044884375 0.029337962962962965
0 0.5389947916666666 0.5340319444444445 0.016500000000000032 0.09153425925925923
0 0.5049979166666667 0.6144171296296297 0.047525000000000026 0.031684259259259204
0 0.6106145833333334 0.6678120370370371 0.005281250000000052 0.018775925925925946
0 0.500378125 0.5709972222222222 0.015842708333333278 0.022296296296296335
0 0.4637427083333333 0.5393125 0.015182291666666655 0.09740092592592592
4 0.5020286458333333 0.5709972222222223 0.23301562499999992 0.31567407407407405
3 0.6588020833333333 0.619111574074074 0.10826041666666661 0.16311759259259262
3 0.8287786458333334 0.7329421296296297 0.1313593749999999 0.16781203703703712
