0 0.15910651041666668 0.5891865740740742 0.011881770833333357 0.016428703703703647
0 0.13798359375 0.5915337962962963 0.0158421875 0.01877685185185185
0 0.30564869791666666 0.5152555555555556 0.007921354166666698 0.01408148148148156
0 0.28320520833333335 0.5369652777777778 0.010561458333333343 0.012908333333333362
0 0.12313125 0.42430879629629636 0.009901041666666662 0.01290833333333331
0 0.1089390625 0.4119865740740741 0.013202083333333324 0.009387962962962973
0 0.10299817708333334 0.4219615740740741 0.011881770833333341 0.01525648148148146
0 0.4713338541666667 0.7206199074074074 0.009241666666666622 0.014082407407407464
0 0.4630825520833333 0.7376356481481482 0.013861979166666672 0.012908333333333258
0 0.4442697916666667 0.7317680555555557 0.006601041666666714 0.017602777777777853
0 0.29112656249999996 0.4718361111111111 0.007920833333333318 0.011735185185185166
0 0.5455963541666667 0.5862527777777778 0.01122395833333331 0.015255555555555555
0 0.5700182291666667 0.5803856481481482 0.005942708333333376 0.012908333333333362
0 0.8162343750000001 0.5246435185185185 0.012541666666666628 0.011735185185185166
0 0.802703125 0.509387962962963 0.010562499999999985 0.01408148148148156
0 0.7967630208333334 0.5199495370370371 0.00792187500000002 0.014082407407407358
0 0.8225078125 0.6912824074074074 0.01716145833333336 0.016429629629629655
0 0.8429713541666667 0.6766129629629629 0.007921874999999901 0.015255555555555555
0 0.952875 0.5129087962962964 0.012541666666666628 0.014082407407407464
0 0.9347239583333333 0.5035208333333333 0.009239583333333337 0.014082407407407464
0 0.8921458333333333 0.5011731481481482 0.012541666666666628 0.01173518518518527
0 0.8743255208333333 0.49413240740740744 0.008578125000000015 0.01408148148148156
2 0.09243645833333333 0.6642912037037038 0.033005208333333334 0.05632870370370363
2 0.8515494791666666 0.37150092592592593 0.02244270833333329 0.045766666666666664
0 0.8515494791666666 0.3709138888888889 0.01716145833333336 0.014081481481481454
3 0.14755494791666665 0.5704106481481481 0.04818697916666667 0.08449351851851845
3 0.2884861979166667 0.5187759259259259 0.0554484375 0.10326851851851855
3 0.45978203125 0.7235537037037038 0.04422656250000004 0.06219629629629632
3 0.11554010416666666 0.41257314814814816 0.04356666666666666 0.045766666666666664
3 0.28320546875 0.470075462962963 0.03432552083333332 0.048113888888888914
0 0.2967375 0.48005046296296305 0.005940624999999974 0.014082407407407358
3 0.553515625 0.5533949074074075 0.05479166666666663 0.09740092592592592
3 0.8310885416666667 0.6672250000000001 0.04753125 0.08566666666666675
3 0.9505651041666666 0.5017601851851853 0.04356770833333338 0.05750185185185183
3 0.810625 0.5134953703703704 0.0448854166666667 0.05280740740740745
3 0.8868645833333333 0.4882648148148149 0.042906250000000055 0.05398148148148149
