0 0.15382604166666666 0.587426851851852 0.01320208333333331 0.015255555555555555
0 0.13666328125000002 0.578038425925926 0.017163020833333334 0.012908333333333258
0 0.13138255208333333 0.5932939814814815 0.014522395833333352 0.019949074074074036
0 0.18980130208333332 0.5663037037037036 0.009901562499999983 0.015255555555555555
0 0.07824453125 0.40846620370370373 0.012542187500000008 0.011734259259259262
0 0.07164348958333333 0.4184407407407408 0.011221354166666668 0.015255555555555555
0 0.09342682291666667 0.420787962962963 0.009901562499999997 0.015255555555555555
0 0.5990625 0.7235537037037038 0.01121874999999998 0.012909259259259266
0 0.5822317708333333 0.6989101851851852 0.011880208333333305 0.010561111111111065
0 0.5779401041666666 0.7200333333333333 0.011223958333333428 0.01994999999999994
0 0.28386536458333333 0.47124907407407407 0.007921354166666639 0.012909259259259214
0 0.29013645833333335 0.4794638888888889 0.005940624999999974 0.015255555555555503
0 0.27330390625 0.4847444444444445 0.010561979166666664 0.01408148148148156
0 0.6782760416666667 0.6554902777777778 0.012541666666666628 0.012908333333333362
0 0.8010520833333333 0.5252305555555556 0.012541666666666628 0.012909259259259266
0 0.9967734375 0.4847444444444445 0.010557291666666658 0.01642962962962955
0 0.885546875 0.5005865740740741 0.012541666666666628 0.012908333333333362
2 0.8442890624999999 0.3709138888888889 0.02376562499999994 0.04694074074074077
0 0.8446197916666667 0.3703273148148148 0.01782291666666668 0.01056203703703702
3 0.14392421875 0.5692370370370371 0.048847395833333335 0.08918703703703704
3 0.17725937499999997 0.5481138888888889 0.056108333333333336 0.1009222222222222
3 0.5894921875 0.7088851851851852 0.04489062500000003 0.0657166666666666
3 0.27594427083333334 0.47183564814814816 0.03696562499999997 0.04928796296296296
3 0.08451536458333334 0.4125736111111111 0.03960572916666666 0.043419444444444476
3 0.6894973958333334 0.6267388888888888 0.057432291666666656 0.1009222222222222
3 1.0079947916666665 0.4730092592592593 0.03960416666666665 0.05632777777777784
3 0.8027057291666667 0.5117351851851852 0.0330052083333334 0.05163518518518515
3 0.8881875 0.4882648148148149 0.03630208333333336 0.05398148148148149
