0 0.4261169270833334 0.6103097222222222 0.05346822916666666 0.05163425925925935
0 0.3752893229166666 0.5680638888888889 0.028383854166666642 0.0352055555555555
0 0.3528458333333333 0.6079629629629629 0.028384374999999965 0.04694074074074077
0 0.5660598958333334 0.5844925925925926 0.03498437500000004 0.04224629629629638
0 0.48816640625 0.5539814814814814 0.019143229166666664 0.04224629629629638
0 0.9815911458333333 0.5011731481481482 0.034328124999999925 0.04224629629629638
0 0.6696927083333333 0.010059356481481482 0.03234374999999995 0.022296657407407407
0 0.6439479166666667 0.03705013888888889 0.023104166666666613 0.04107287037037037
3 0.4063140625 0.5316847222222223 0.15248333333333328 0.30511203703703704
3 0.5571476562500001 0.4765296296296297 0.17954843749999996 0.4130759259259259
3 0.9825807291666667 0.45481990740740746 0.11288020833333334 0.19128240740740746
3 0.6759635416666666 0.020034212962962962 0.13202083333333334 0.11969805555555556
