0 0.15613619791666666 0.6279125000000001 0.00858177083333332 0.014082407407407358
0 0.14590442708333332 0.6466888888888889 0.01848281250000001 0.016429629629629655
0 0.39575234375 0.7446768518518518 0.009901562499999983 0.012909259259259266
0 0.3667080729166667 0.745850462962963 0.013861979166666613 0.01760277777777775
0 0.11719036458333333 0.36152546296296295 0.016502604166666667 0.014082407407407412
0 0.11785052083333333 0.37326064814814813 0.012541666666666658 0.0164287037037037
0 0.19607213541666665 0.3738476851851852 0.007921354166666669 0.01056203703703702
0 0.18881119791666665 0.38675601851851854 0.010561979166666664 0.01290833333333331
0 0.027086744791666666 0.6560768518518518 0.019802968749999997 0.01642962962962955
0 0.8413203125000001 0.36328611111111114 0.01650520833333336 0.012909259259259266
0 0.6205156249999999 0.51995 0.010562499999999985 0.01173518518518527
0 0.7901614583333334 0.499413425925926 0.01584374999999992 0.010562037037037073
0 0.7895026041666666 0.5140819444444444 0.011880208333333305 0.014082407407407358
0 0.9921536458333333 0.38264907407407406 0.00792187500000002 0.011735185185185218
0 0.9974322916666667 0.3990782407407408 0.010562499999999985 0.014082407407407412
0 0.8518802083333333 0.47711666666666663 0.0112187500000001 0.012909259259259214
0 0.8337291666666667 0.47300925925925924 0.009239583333333337 0.014081481481481454
2 0.8413203125000001 0.3609393518518519 0.027067708333333346 0.04811388888888886
2 0.027746822916666664 0.6549032407407407 0.03168479166666667 0.05163425925925925
3 0.144584375 0.6191111111111112 0.040926041666666683 0.08097222222222226
3 0.37925 0.7194467592592594 0.06270937500000003 0.11031018518518529
3 0.18881119791666667 0.37795509259259263 0.033004687499999984 0.04459351851851852
3 0.12148098958333332 0.3621125 0.0330046875 0.04811388888888886
3 0.6142447916666666 0.4859180555555556 0.04818749999999999 0.10326944444444446
3 1.000734375 0.38675601851851854 0.03564583333333336 0.05280833333333335
3 0.7924713541666667 0.5 0.03498437500000004 0.05398148148148144
3 0.84528125 0.4653814814814815 0.04158333333333329 0.05280740740740745
