0 0.15811666666666666 0.6073763888888889 0.008581249999999999 0.012908333333333362
0 0.14920494791666666 0.6249787037037038 0.018482812499999984 0.015255555555555555
0 0.36340755208333336 0.6502092592592593 0.009901562500000042 0.01408148148148156
0 0.33601354166666664 0.6490356481481482 0.010561458333333343 0.01642870370370375
0 0.19739244791666669 0.3679800925925926 0.007921354166666669 0.010562037037037073
0 0.18749088541666667 0.37971527777777775 0.010561979166666664 0.01056203703703702
0 0.20498359374999997 0.3767814814814815 0.007260937499999986 0.014081481481481507
0 0.22511666666666666 0.5023472222222222 0.006601041666666655 0.011735185185185166
0 0.21620520833333334 0.5170162037037038 0.011221874999999996 0.012908333333333258
0 0.8442916666666667 0.3509643518518519 0.01584375000000004 0.009387962962962973
0 0.7805911458333334 0.4859180555555556 0.015182291666666596 0.014082407407407358
0 0.7845520833333333 0.4988268518518518 0.01121874999999998 0.01173518518518527
0 0.7647473958333334 0.49589259259259266 0.009901041666666662 0.015255555555555555
0 0.8343880208333334 0.35624490740740744 0.009244791666666667 0.01056203703703702
0 0.8221744791666665 0.34450972222222226 0.009901041666666662 0.01056203703703702
0 0.8162369791666667 0.3544847222222222 0.009901041666666662 0.014082407407407412
2 0.10233802083333333 0.6654648148148148 0.030364583333333337 0.0657166666666666
2 0.84528125 0.35331111111111113 0.023104166666666613 0.04694074074074071
3 0.14755494791666665 0.5991615740740741 0.040266145833333336 0.08566574074074075
3 0.3528458333333333 0.6191111111111112 0.06006875 0.11852407407407416
3 0.21620520833333334 0.5046939814814816 0.03630520833333331 0.05632870370370363
3 0.19178151041666666 0.3679800925925926 0.03630572916666666 0.05280833333333335
0 0.8499010416666666 0.4554064814814815 0.00990624999999999 0.011735185185185166
0 0.8611223958333333 0.46890185185185185 0.011223958333333428 0.012909259259259266
0 0.8419791666666666 0.46362129629629634 0.0072604166666665765 0.011735185185185166
3 0.7739895833333333 0.4847444444444445 0.0442291666666667 0.05163518518518521
3 0.8555104166666666 0.45716712962962963 0.03960416666666665 0.05515462962962964
3 0.8271276041666666 0.3468569444444445 0.034328124999999925 0.05280833333333335
