0 0.16108697916666667 0.6062027777777778 0.009241666666666652 0.012909259259259266
0 0.15184557291666667 0.6238055555555556 0.018482812499999984 0.015255555555555555
0 0.35416614583333333 0.6414083333333334 0.012541666666666687 0.015255555555555555
0 0.32776223958333334 0.6378875 0.009901562499999983 0.012908333333333362
0 0.19244166666666668 0.35976527777777784 0.011221875000000025 0.01290833333333331
0 0.19838281249999998 0.36974027777777774 0.008581249999999999 0.014082407407407412
0 0.17824947916666667 0.3703273148148148 0.010561458333333313 0.01056203703703702
0 0.17725937499999997 0.5334449074074075 0.011221874999999996 0.012908333333333362
0 0.17230859375 0.5504611111111112 0.014522395833333323 0.016429629629629655
0 0.8446197916666667 0.3450962962962963 0.016500000000000032 0.011735185185185166
0 0.7720104166666667 0.49530601851851846 0.012541666666666628 0.014082407407407358
0 0.7875234375 0.48885138888888885 0.00792187500000002 0.012908333333333258
0 0.8350494791666667 0.3492037037037037 0.00792187500000002 0.010561111111111117
0 0.8466015625 0.4542328703703704 0.015182291666666596 0.009387962962962973
0 0.8485807291666667 0.4659685185185185 0.01122395833333331 0.011735185185185218
0 0.8317473958333332 0.4565800925925926 0.006598958333333371 0.011734259259259262
2 0.8459401041666667 0.3468569444444445 0.021786458333333297 0.04576759259259257
3 0.14986510416666665 0.5991620370370371 0.040926041666666656 0.08097222222222226
3 0.3459151041666666 0.617937962962963 0.060729166666666674 0.10678888888888889
3 0.16966822916666668 0.540486111111111 0.038285416666666655 0.05750185185185183
3 0.18650078125 0.36035231481481483 0.03894635416666669 0.05163425925925925
3 0.7743177083333334 0.4829842592592593 0.040927083333333295 0.055155555555555597
3 0.8446197916666667 0.4542333333333334 0.03894791666666665 0.05398148148148144
3 0.8360390625 0.33746851851851856 0.03234895833333328 0.045766666666666664
