0 0.15976692708333337 0.6062027777777779 0.007921354166666669 0.015255555555555555
0 0.15118567708333333 0.6238055555555556 0.018482812499999984 0.015255555555555555
0 0.3577966145833333 0.6425814814814815 0.011881770833333328 0.015255555555555555
0 0.33139270833333334 0.6396476851851852 0.007920833333333377 0.01642870370370375
0 0.1970625 0.3580055555555556 0.008581249999999999 0.011735185185185166
0 0.20399348958333333 0.3668064814814815 0.007921354166666669 0.012909259259259266
0 0.18584062499999998 0.371500462962963 0.012541666666666658 0.01290833333333331
0 0.17824947916666667 0.5322712962962963 0.009241666666666652 0.015255555555555555
0 0.17230859375 0.5504606481481481 0.014522395833333323 0.014082407407407358
0 0.8449505208333332 0.3456833333333333 0.01716145833333336 0.010561111111111117
0 0.7683802083333333 0.47887685185185186 0.010562499999999985 0.014081481481481507
0 0.7624375000000001 0.4911986111111111 0.00791666666666669 0.012908333333333362
0 0.7825703124999999 0.4923722222222222 0.01122395833333331 0.015255555555555555
0 0.8198645833333332 0.34450972222222226 0.010562499999999985 0.01290833333333331
0 0.8838958333333333 0.46714166666666673 0.010562499999999985 0.011735185185185218
0 0.8647526041666667 0.4665546296296297 0.009244791666666667 0.015255555555555503
2 0.10563854166666665 0.6631180555555556 0.034324999999999994 0.06806388888888891
2 0.8456119791666665 0.34568333333333334 0.02244270833333329 0.045766666666666664
3 0.15085546875 0.5985750000000001 0.040266145833333336 0.08449259259259255
3 0.3495453125 0.619111574074074 0.05874895833333333 0.1067898148148148
3 0.16801796875 0.5369657407407408 0.03762552083333333 0.057501851851851936
3 0.19112135416666665 0.3580055555555555 0.03498541666666665 0.05398148148148149
3 0.7743203125 0.48063703703703703 0.04356770833333338 0.0504611111111111
3 0.8759765625 0.4542333333333334 0.04356770833333338 0.05398148148148144
3 0.8287786458333334 0.3351217592592593 0.03498437499999992 0.045767592592592624
