0 0.16108697916666667 0.6056162037037036 0.007920833333333347 0.014082407407407358
0 0.15283567708333334 0.6232185185185186 0.019143229166666664 0.016429629629629655
0 0.36802812500000004 0.6554898148148149 0.012541666666666687 0.015255555555555555
0 0.3409643229166666 0.6513828703703705 0.009901562500000042 0.01642870370370375
0 0.19970260416666666 0.35976527777777784 0.008581249999999999 0.01290833333333331
0 0.20531354166666665 0.3679800925925926 0.006601041666666655 0.010562037037037073
0 0.18815104166666666 0.371500462962963 0.011882291666666649 0.01290833333333331
0 0.0076137890625 0.8133273148148149 0.011221692708333335 0.016428703703703647
0 0.16108697916666664 0.5627828703703703 0.017162499999999997 0.010562037037037073
0 0.16438723958333332 0.5745175925925926 0.011881770833333328 0.015255555555555555
0 0.8446223958333333 0.3450962962962963 0.015182291666666714 0.011735185185185166
0 0.7809192708333333 0.48005046296296305 0.013203124999999953 0.014082407407407358
0 0.7862005208333334 0.4929587962962964 0.009244791666666667 0.014082407407407358
0 0.7663984374999999 0.4929587962962964 0.010557291666666658 0.01642870370370375
2 0.8442916666666667 0.3439231481481482 0.025083333333333256 0.044592592592592566
3 0.14953515625 0.6003351851851852 0.04290677083333333 0.08331851851851856
3 0.35812682291666664 0.6261523148148148 0.06006927083333332 0.10913611111111109
3 0.16075703125000002 0.5621962962962963 0.03630572916666666 0.05867592592592593
3 0.19343177083333335 0.35917870370370375 0.038285416666666655 0.05398148148148149
3 -0.0022877083333333326 0.8139143518518518 0.04158624999999999 0.05984907407407413
3 0.7759687500000001 0.48239722222222226 0.04422916666666658 0.05398148148148149
3 0.9066692708333334 0.46010092592592594 0.03498437500000004 0.05398148148148144
3 0.8069947916666667 0.35800509259259256 0.029708333333333312 0.04459351851851852
