0 0.15679635416666665 0.6097231481481481 0.013862500000000022 0.015255555555555555
0 0.16240729166666668 0.6208717592592593 0.010561458333333343 0.01642870370370375
0 0.13963385416666665 0.6255657407407408 0.017822916666666667 0.018775925925925946
0 0.36472760416666666 0.6507962962962962 0.011221874999999966 0.015255555555555555
0 0.33964374999999997 0.647275925925926 0.008581249999999999 0.015255555555555555
0 0.19310182291666667 0.371500462962963 0.012542187500000008 0.01290833333333331
0 0.1828703125 0.35917870370370375 0.007920833333333318 0.011735185185185166
0 0.032697578125 0.8203685185185186 0.00990151041666667 0.016429629629629655
0 0.041278880208333334 0.8285828703703704 0.007261093749999999 0.01877685185185185
0 0.17131848958333334 0.5551546296296297 0.009901562500000013 0.011735185185185166
0 0.16405755208333334 0.5715842592592593 0.013861979166666672 0.014081481481481454
0 0.0122344921875 0.6373009259259259 0.020463098958333332 0.011735185185185166
0 0.8446197916666667 0.34744351851851857 0.016500000000000032 0.011735185185185218
0 0.7812526041666668 0.47066203703703713 0.009901041666666662 0.011735185185185218
0 0.7875234375 0.48885138888888885 0.01320312500000007 0.012908333333333258
0 0.8063333333333333 0.48181064814814817 0.008583333333333342 0.012908333333333362
0 0.8571614583333333 0.3580055555555556 0.008583333333333342 0.011735185185185166
0 0.8350494791666667 0.35917870370370375 0.00792187500000002 0.011735185185185166
0 0.9010598958333332 0.4477787037037037 0.006598958333333253 0.010561111111111065
0 0.89346875 0.4653814814814815 0.012541666666666628 0.012909259259259266
0 0.8769661458333333 0.4595138888888889 0.005942708333333376 0.012909259259259266
2 0.0145448359375 0.6373004629629629 0.027724182291666667 0.05632870370370374
2 0.8442916666666667 0.34568333333333334 0.02112499999999997 0.045766666666666664
3 0.14689479166666666 0.5985745370370371 0.046866666666666654 0.08683981481481486
3 0.3554864583333333 0.6261523148148148 0.056108333333333364 0.1044416666666667
3 0.16108697916666667 0.558675462962963 0.038285416666666655 0.05163425925925925
3 0.19046145833333336 0.36035231481481483 0.03498541666666665 0.04928796296296296
3 0.023456190104166667 0.8215416666666667 0.045546890625 0.06102222222222222
3 0.7918125000000001 0.47535601851851855 0.03894791666666665 0.0516342592592593
3 0.8891744791666667 0.4507125 0.0330052083333334 0.0516342592592593
3 0.8469296875 0.3515509259259259 0.03828645833333333 0.04811481481481482
