0 0.15250572916666666 0.6150041666666667 0.015842708333333337 0.01642870370370375
0 0.15778645833333332 0.627912962962963 0.015842708333333337 0.018775925925925946
0 0.13369270833333333 0.6273259259259258 0.015182291666666655 0.022296296296296335
0 0.35449609374999996 0.6824805555555555 0.011881770833333328 0.015255555555555555
0 0.33205260416666665 0.6748532407407407 0.006601041666666714 0.016428703703703647
0 0.0676828125 0.8027657407407408 0.008581249999999999 0.016429629629629655
0 0.05745119791666666 0.8262361111111112 0.013201770833333336 0.016429629629629655
0 0.1544859375 0.5410726851851853 0.010561458333333343 0.009387962962962973
0 0.15217552083333336 0.559262037037037 0.011221874999999996 0.015255555555555555
0 0.1303921875 0.558675462962963 0.008581249999999999 0.016428703703703647
0 0.8436302083333334 0.34568333333333334 0.01584375000000004 0.012909259259259266
0 0.7984114583333333 0.4865046296296296 0.01782291666666668 0.01056111111111117
0 0.797421875 0.5 0.01452083333333339 0.01408148148148156
0 0.8291093749999999 0.3404027777777778 0.010562499999999985 0.011735185185185166
0 0.8228359374999998 0.35096435185185193 0.009901041666666662 0.014082407407407412
0 0.8918177083333333 0.4665550925925926 0.009239583333333337 0.010562037037037073
0 0.9000677083333334 0.4812236111111111 0.0112187500000001 0.014082407407407464
2 0.8446197916666667 0.3456833333333333 0.023104166666666613 0.0504611111111111
3 0.14491458333333332 0.5997481481481483 0.04818749999999999 0.08918703703703704
3 0.3511958333333334 0.6543166666666668 0.05412812500000002 0.09740185185185182
3 0.144584375 0.5457666666666667 0.04488645833333332 0.05398148148148144
3 0.057121197916666665 0.8109800925925926 0.046866979166666656 0.0704101851851852
3 0.7980833333333333 0.4859180555555556 0.03696875000000001 0.05163425925925925
3 0.8984192708333334 0.47007546296296293 0.0330052083333334 0.05046018518518515
3 0.8333984375 0.3433365740740741 0.03498437500000004 0.05280833333333335
