0 0.16570755208333332 0.6144175925925925 0.011881770833333328 0.015255555555555555
0 0.17098828125 0.6261523148148148 0.011881770833333328 0.01760277777777775
0 0.14920494791666666 0.6308467592592593 0.018482812499999984 0.017602777777777853
0 0.35053567708333333 0.7264875000000001 0.014522395833333352 0.016428703703703647
0 0.1587765625 0.5545680555555556 0.011221875000000025 0.012908333333333362
0 0.16603776041666668 0.5657166666666666 0.009901562500000013 0.016429629629629655
0 0.8432994791666667 0.34627037037037034 0.01650520833333336 0.011735185185185218
0 0.7558385416666666 0.4829842592592593 0.010562499999999985 0.015255555555555555
0 0.7423046874999999 0.4753564814814815 0.008578125000000015 0.011735185185185166
0 0.73834375 0.4894384259259259 0.008583333333333224 0.014082407407407358
0 0.8578229166666667 0.3996648148148148 0.008583333333333342 0.015255555555555555
0 0.8396692708333333 0.4031856481481482 0.011880208333333305 0.01290833333333331
0 0.8380208333333333 0.3803018518518519 0.007260416666666695 0.014081481481481454
2 0.8442890624999999 0.34744398148148153 0.02244270833333329 0.04459351851851852
3 0.15547604166666668 0.6050291666666666 0.045546874999999994 0.08331944444444446
3 0.35020546874999997 0.6989101851851852 0.05082760416666664 0.09974814814814821
3 0.15283567708333334 0.5551546296296297 0.04158593750000002 0.05398148148148144
3 0.7512161458333333 0.47476944444444447 0.04224479166666673 0.05280740740740745
3 0.8475885416666666 0.39321064814814816 0.035645833333333245 0.05163425925925925
