0 0.49839791666666666 0.6367143518518518 0.009241666666666681 0.017602777777777853
0 0.4736440104166667 0.6525564814814815 0.013861979166666613 0.014081481481481454
0 0.467703125 0.6150041666666667 0.011221875000000025 0.021123148148148137
0 0.4373385416666667 0.6144171296296297 0.008581249999999999 0.01760277777777775
0 0.4445997395833333 0.6337800925925926 0.009901562499999983 0.01877685185185185
0 0.4208359375 0.6296726851851853 0.015182291666666714 0.012908333333333362
0 0.5076393229166667 0.6337800925925927 0.010561979166666664 0.01642870370370375
0 0.5129200520833334 0.6531430555555556 0.014522395833333352 0.01760277777777775
0 0.5366822916666666 0.6502092592592593 0.009239583333333337 0.018775925925925946
0 0.5769479166666667 0.27057870370370374 0.01452083333333339 0.019949999999999992
0 0.9264739583333332 0.18021851851851853 0.021781249999999967 0.015255555555555555
0 0.9446249999999999 0.21659722222222225 0.010562499999999985 0.05750185185185186
0 0.9046901041666667 0.2083824074074074 0.016505208333333243 0.05750185185185183
2 0.5858619791666667 0.26764490740740743 0.03498437500000004 0.07745092592592592
4 0.9215208333333335 0.2318527777777778 0.08185416666666671 0.13495370370370371
3 0.4261169270833333 0.6214583333333333 0.058748437500000014 0.08331851851851856
3 0.47958515625 0.6284995370370371 0.05082760416666664 0.08566574074074075
3 0.51985234375 0.6449287037037037 0.057430729166666694 0.08566666666666665
0 0.9244921875000001 0.20427546296296298 0.005942708333333376 0.03520462962962962
