0 0.23237786458333332 0.5005870370370371 0.007921354166666669 0.015255555555555555
0 0.2231361979166667 0.5140819444444444 0.01848281250000001 0.014082407407407358
0 0.38816119791666664 0.7300078703703704 0.014522395833333352 0.016428703703703647
0 0.2581216145833334 0.5692370370370371 0.017163020833333348 0.01173518518518527
0 0.25911171875 0.5827324074074074 0.012542187500000008 0.012909259259259266
0 0.3861809895833333 0.36739305555555557 0.007921354166666639 0.009387962962962973
0 0.39146171874999997 0.3761949074074074 0.007921354166666698 0.012908333333333362
0 0.3756192708333333 0.3803018518518519 0.010561458333333343 0.014081481481481454
0 0.15613619791666666 0.6161777777777778 0.012542187500000008 0.011735185185185166
0 0.14128385416666667 0.6331935185185185 0.01320208333333334 0.015255555555555555
0 0.16240703125 0.6273259259259258 0.00924114583333333 0.012909259259259162
0 0.061741927083333335 0.6408212962962964 0.01782239583333333 0.01642962962962955
0 0.8439583333333334 0.3480300925925926 0.01782291666666668 0.012908333333333362
0 0.7865312499999999 0.479463425925926 0.005937499999999929 0.010562037037037073
0 0.7934609374999999 0.49706620370370375 0.011880208333333305 0.012908333333333362
0 0.8036953124999999 0.8080467592592592 0.01122395833333331 0.012908333333333258
0 0.8225052083333333 0.8180212962962963 0.02112499999999997 0.016429629629629655
0 0.7218411458333333 0.5674768518518519 0.009901041666666662 0.012909259259259266
0 0.6941171875 0.5633694444444446 0.009901041666666662 0.014081481481481454
2 0.06603260416666666 0.636713888888889 0.031684791666666656 0.05280740740740745
2 0.8433020833333332 0.3450967592592593 0.023104166666666613 0.04693981481481481
3 0.22148593749999998 0.49413240740740744 0.04158645833333333 0.07979814814814816
3 0.39146171875 0.7030171296296297 0.05412864583333334 0.1056157407407408
3 0.14920520833333337 0.6161777777777778 0.04620729166666668 0.05398148148148144
3 0.2568015625 0.5704106481481481 0.03696562500000002 0.05163425925925935
3 0.3792497395833333 0.3709138888888889 0.04026614583333335 0.04928703703703705
3 0.7092994791666667 0.5363787037037037 0.060067708333333296 0.1032685185185185
3 0.7974244791666666 0.4847444444444445 0.03828645833333333 0.05632777777777778
3 0.8211875000000001 0.7927907407407407 0.05677083333333333 0.08097222222222217
