0 0.27462421875 0.4542333333333334 0.007921354166666698 0.011735185185185166
0 0.28155520833333336 0.4653814814814815 0.007261458333333337 0.015255555555555555
0 0.26208229166666663 0.46948842592592593 0.017162499999999997 0.014082407407407464
0 0.34492447916666674 0.7429166666666667 0.008581249999999999 0.018775925925925946
0 0.31621041666666666 0.7517180555555556 0.01320208333333331 0.01760277777777775
0 0.28815625 0.7423296296296296 0.012541666666666628 0.015255555555555555
0 0.2964075520833333 0.7241402777777778 0.007921354166666639 0.014082407407407464
0 0.37759947916666664 0.3803018518518519 0.010561458333333343 0.011735185185185166
0 0.38288046875 0.3902768518518519 0.007921354166666698 0.012909259259259266
0 0.36472786458333334 0.39145 0.009901562499999983 0.015255555555555555
0 0.19310182291666667 0.7235537037037038 0.009901562500000013 0.012909259259259266
0 0.19937291666666665 0.7323550925925926 0.006601041666666655 0.01877685185185185
0 0.18320026041666668 0.7429166666666667 0.013861979166666672 0.018775925925925946
0 0.8244869791666666 0.3492037037037037 0.01716145833333336 0.010561111111111117
0 0.7898333333333334 0.49941296296296295 0.008583333333333342 0.015255555555555555
0 0.7680494791666668 0.4829842592592593 0.008578125000000015 0.008214814814814776
0 0.7713489583333333 0.5017601851851852 0.01121874999999998 0.012909259259259266
0 0.550546875 0.8221282407407408 0.019802083333333324 0.01760277777777775
0 0.5314010416666667 0.8074597222222222 0.010562500000000044 0.01642870370370375
0 0.7000598958333332 0.4865046296296296 0.009901041666666662 0.012909259259259266
0 0.6759661458333334 0.4829837962962963 0.006598958333333371 0.012908333333333258
0 0.8875286458333332 0.5134953703703704 0.009901041666666662 0.01056111111111117
0 0.8937994791666667 0.5316851851851853 0.013203124999999953 0.011735185185185166
0 0.9102994791666666 0.4565800925925926 0.009244791666666667 0.014082407407407412
0 0.9218541666666666 0.4712486111111111 0.012541666666666628 0.01760277777777775
2 0.82415625 0.3480300925925926 0.021781249999999967 0.04811388888888886
3 0.268353125 0.44660555555555553 0.03894583333333331 0.08097222222222221
3 0.3257817708333333 0.7217935185185186 0.06006875 0.1032685185185185
3 0.18353046875 0.7270740740740741 0.044886979166666695 0.06219629629629632
3 0.28617578125 0.7282476851851852 0.03762552083333333 0.05515462962962964
3 0.3719888020833333 0.37912824074074075 0.037625520833333384 0.05163425925925925
3 0.7776197916666666 0.48943796296296305 0.040927083333333295 0.05398148148148155
3 0.692796875 0.4548194444444445 0.05610416666666668 0.09270740740740749
3 0.9192109374999999 0.45834027777777786 0.04158854166666662 0.05515462962962969
3 0.5472447916666667 0.7892703703703704 0.05016666666666663 0.09270740740740743
3 0.8937968749999999 0.5158421296296297 0.03564583333333336 0.05515462962962964
