0 0.4785947916666667 0.619111574074074 0.009241666666666681 0.012908333333333362
0 0.5092895833333333 0.6425814814814815 0.011221875000000025 0.01760185185185195
0 0.48486588541666664 0.6566638888888888 0.013861979166666672 0.015255555555555555
0 0.52051015625 0.6396476851851852 0.011219270833333302 0.021123148148148137
0 0.46572291666666665 0.6114837962962962 0.007261458333333337 0.021123148148148137
0 0.45615156249999994 0.5997481481481483 0.007920833333333318 0.01877592592592584
0 0.44327968749999996 0.6120703703703705 0.015182291666666655 0.012909259259259162
0 0.5485651041666666 0.6537296296296297 0.007921874999999901 0.018775925925925946
0 0.5238127604166666 0.6590106481481482 0.013864062500000015 0.01525648148148146
0 0.5766197916666668 0.2647111111111112 0.01782291666666668 0.019949999999999992
0 0.9264713541666667 0.1766976851851852 0.019140625 0.017602777777777773
0 0.9446249999999999 0.21190324074074077 0.010562499999999985 0.057502777777777764
0 0.9036979166666667 0.20544861111111112 0.01584374999999992 0.056328703703703686
2 0.585859375 0.2611907407407408 0.037625000000000006 0.08097222222222221
4 0.9211901041666666 0.22774537037037035 0.08515104166666668 0.13847407407407408
3 0.53206328125 0.6490356481481482 0.051488020833333314 0.08214537037037035
3 0.44558984375 0.6026824074074074 0.051488020833333314 0.07627777777777778
3 0.4904765625 0.6355402777777778 0.0514875 0.07862499999999997
