0 0.29475703124999997 0.4812240740740741 0.007260937500000016 0.011735185185185166
0 0.30036796875 0.4882648148148149 0.006600520833333334 0.016429629629629655
0 0.2851856770833333 0.4947194444444445 0.015842187500000014 0.015255555555555555
0 0.32611171875 0.7317685185185185 0.007921354166666698 0.015255555555555555
0 0.31885078125 0.7511310185185185 0.014522395833333352 0.014082407407407464
0 0.41720572916666665 0.3885162037037037 0.010561458333333343 0.00938796296296292
0 0.4218263020833333 0.3984912037037037 0.006600520833333334 0.012908333333333362
0 0.4043338541666666 0.3996648148148148 0.008581249999999999 0.015255555555555555
0 0.23666848958333334 0.7059509259259259 0.009901562499999983 0.015255555555555555
0 0.22544661458333334 0.7264875000000001 0.013861979166666672 0.016428703703703647
0 0.8429713541666667 0.3697402777777778 0.01716145833333336 0.009387962962962973
0 0.8162343750000001 0.528163888888889 0.008583333333333342 0.011735185185185166
0 0.7970911458333333 0.5293375000000001 0.009901041666666662 0.014082407407407358
0 0.5647369791666667 0.7798819444444445 0.008578125000000015 0.012908333333333362
0 0.69246875 0.5041074074074074 0.010562499999999985 0.012909259259259266
0 0.6677135416666666 0.5005865740740741 0.00990624999999999 0.012908333333333362
0 0.8858776041666666 0.47183564814814816 0.011880208333333305 0.009387962962963025
0 0.8898385416666665 0.4847444444444445 0.009239583333333337 0.011735185185185166
0 0.8700338541666666 0.4829842592592593 0.010557291666666658 0.015255555555555555
0 0.9367057291666666 0.49061203703703704 0.01320312500000007 0.011735185185185166
0 0.9261432291666666 0.4741828703703703 0.00792187500000002 0.014082407407407412
2 0.8423098958333334 0.36915324074074074 0.02244270833333329 0.04811388888888886
3 0.2871661458333333 0.47476944444444447 0.03696562500000002 0.07627777777777783
3 0.47760468749999996 0.7276611111111112 0.06006875 0.1009222222222222
3 0.22610677083333333 0.7082976851851852 0.03894583333333331 0.05984907407407403
3 0.3168703125 0.7382222222222222 0.040926041666666656 0.06571666666666671
3 0.4109346354166667 0.39027638888888894 0.040266145833333294 0.048113888888888914
3 0.6802552083333334 0.47535601851851855 0.05214583333333339 0.08683981481481486
3 0.9347239583333333 0.479463425925926 0.03960416666666665 0.05515462962962969
3 0.8792760416666666 0.4730092592592593 0.03960416666666665 0.06102222222222222
3 0.8069947916666667 0.5181893518518519 0.0442291666666667 0.05515462962962964
3 0.5815703125 0.7710805555555557 0.052807291666666596 0.08449259259259266
