0 0.28782604166666664 0.6983231481481482 0.009241666666666681 0.014081481481481454
0 0.2696734375 0.7094712962962963 0.01782291666666668 0.015255555555555555
0 0.4482302083333333 0.5663037037037036 0.006601041666666655 0.015255555555555555
0 0.42413671875 0.5721712962962963 0.012542187500000008 0.015255555555555555
0 0.3337028645833333 0.4923722222222222 0.007260937499999957 0.01056111111111117
0 0.33964374999999997 0.4994134259259259 0.00462083333333337 0.012908333333333362
0 0.32446145833333334 0.5076277777777779 0.011221875000000025 0.012909259259259162
0 0.41258489583333335 0.5 0.009241666666666622 0.011735185185185166
0 0.007943848515625 0.696562962962963 0.015842407135416667 0.015255555555555555
0 0.8479218749999999 0.40377222222222225 0.017822916666666563 0.014081481481481454
0 0.8102942708333333 0.5522212962962962 0.016505208333333243 0.015255555555555555
0 0.7957708333333334 0.5393125 0.0072604166666665765 0.012908333333333362
0 0.5997239583333334 0.579212037037037 0.01121874999999998 0.012909259259259266
0 0.5782708333333333 0.5721712962962963 0.006604166666666581 0.015255555555555555
0 0.38288046875 0.5117351851851852 0.007921354166666698 0.011735185185185166
0 0.3756192708333333 0.5269907407407408 0.010561458333333343 0.016429629629629655
2 0.00431328125 0.6901087962962963 0.02970447916666667 0.04928796296296296
2 0.8485807291666667 0.401425 0.0257447916666667 0.04694074074074077
3 0.27330390625 0.6824810185185186 0.043566145833333327 0.07627870370370368
3 0.43007734374999995 0.5504611111111112 0.05742864583333335 0.1009222222222222
3 0.3257817708333333 0.49530601851851846 0.03630520833333334 0.05163425925925925
3 0.42116614583333334 0.5029337962962963 0.034324999999999994 0.04576759259259267
3 0.59609375 0.5445935185185186 0.05016666666666675 0.09388148148148143
3 0.8109557291666666 0.5346185185185185 0.046869791666666674 0.069237037037037
3 0.3752893229166666 0.5146689814814814 0.03630572916666666 0.05280833333333335
