1 0.6795963541666666 0.38616944444444445 0.01650520833333336 0.009388888888888877
0 0.6931276041666667 0.41198657407407413 0.009244791666666667 0.04459351851851852
0 0.676953125 0.3996648148148148 0.003302083333333409 0.017601851851851844
0 0.6809140625 0.41492083333333335 0.00461979166666661 0.029337962962962965
0 0.66309375 0.4078791666666667 0.008583333333333342 0.041073148148148185
0 0.4479 0.4565800925925926 0.015182291666666655 0.014082407407407412
0 0.4964177083333333 0.5868398148148148 0.010561458333333343 0.014081481481481454
0 0.5106096354166667 0.6003351851851852 0.009901562499999983 0.015255555555555555
0 0.49212682291666665 0.5979884259259259 0.007260937500000016 0.012908333333333362
0 0.6158958333333333 0.8766972222222222 0.01452083333333339 0.023470370370370332
0 0.6086354166666667 0.8860851851851852 0.010562499999999985 0.018775925925925946
0 0.6317395833333334 0.9001671296296297 0.010562499999999985 0.01877685185185185
0 0.4927869791666667 0.715925925925926 0.012541666666666687 0.016429629629629655
0 0.4379986979166666 0.687175 0.012542187500000008 0.012909259259259266
0 0.28881614583333337 0.6026824074074074 0.008581249999999999 0.015255555555555555
0 0.2782546875 0.617937962962963 0.01782291666666668 0.015255555555555555
4 0.6762942708333334 0.42430833333333334 0.0640260416666667 0.09974814814814811
2 0.44724010416666665 0.45540694444444446 0.024423958333333336 0.05163425925925925
3 0.5056596354166667 0.6883486111111112 0.06469114583333332 0.1067898148148148
3 0.4373385416666667 0.6707458333333334 0.03630520833333334 0.05984907407407413
3 0.279575 0.5932939814814815 0.03894583333333334 0.08331944444444446
3 0.6221666666666666 0.882564814814815 0.04951041666666664 0.06571666666666671
3 0.1501953125 0.8843231481481482 0.05610833333333332 0.08331666666666664
3 0.50103828125 0.5874263888888889 0.0369651041666667 0.05515462962962964
