1 0.6931276041666665 0.37560787037037036 0.01583854166666671 0.011734259259259262
0 0.7073203124999999 0.40025138888888884 0.009901041666666662 0.04459351851851852
0 0.6908151041666667 0.38910324074074076 0.00461979166666661 0.0176027777777778
0 0.6941171875 0.40435925925925925 0.004619791666666729 0.026990740740740773
0 0.6766249999999999 0.39731805555555555 0.009239583333333337 0.041073148148148185
0 0.4617625 0.4454319444444445 0.015182291666666655 0.01290833333333331
0 0.42314661458333336 0.6009217592592593 0.009241145833333301 0.014082407407407464
0 0.40367369791666663 0.5991620370370371 0.009901562499999983 0.015255555555555555
0 0.22643671875000002 0.8690689814814816 0.00924114583333333 0.01760277777777775
0 0.2584515625 0.8708296296296296 0.011221874999999996 0.018775925925925946
0 0.5300833333333334 0.6314328703703704 0.00660416666666664 0.014082407407407464
0 0.5112697916666666 0.6337800925925927 0.008581249999999999 0.014082407407407358
0 0.015204921875 0.8608541666666667 0.00792119791666667 0.01760277777777775
0 0.4046635416666666 0.7458504629629629 0.01320208333333337 0.01525648148148146
0 0.09507708333333334 0.8602675925925926 0.019803124999999994 0.014081481481481454
0 0.09276666666666666 0.8778703703703703 0.013862499999999993 0.016429629629629655
0 0.009264044270833332 0.8978199074074075 0.011881807291666666 0.01642870370370375
4 0.6901562499999999 0.41140000000000004 0.06403124999999991 0.09974814814814816
2 0.4617625 0.4442583333333333 0.02574375 0.05280740740740739
3 0.41786588541666664 0.7212069444444444 0.05940885416666669 0.10678981481481489
3 0.09936744791666667 0.854987037037037 0.050827604166666665 0.06689074074074071
3 0.001012786458333335 0.8450120370370371 0.04158630208333333 0.06571666666666671
3 -0.0016276041666666667 0.900752777777778 0.045546875 0.06923518518518519
3 0.24656979166666665 0.8350375000000001 0.06799062499999999 0.10913611111111109
3 0.519190625 0.619111574074074 0.04554583333333332 0.05984907407407403
3 0.16471744791666665 0.8725893518518519 0.054788020833333326 0.09036018518518524
3 0.41192473958333337 0.5891865740740742 0.04620677083333333 0.05632870370370374
