0 0.5815104166666667 0.6611111111111111 0.0203125 0.014814814814814815
0 0.5861979166666667 0.6805555555555556 0.0140625 0.016666666666666666
0 0.5591145833333333 0.6800925925925926 0.008854166666666666 0.017592592592592594
0 0.52890625 0.5967592592592593 0.01614583333333333 0.01388888888888889
0 0.5338541666666666 0.6152777777777778 0.014583333333333334 0.015740740740740743
0 0.5140625 0.6041666666666667 0.010416666666666666 0.021296296296296296
0 0.6315104166666666 0.6370370370370371 0.0109375 0.016666666666666666
0 0.6145833333333334 0.6236111111111111 0.013541666666666667 0.017592592592592594
0 0.6072916666666667 0.638888888888889 0.011458333333333333 0.018518518518518517
0 0.6434895833333333 0.24212962962962964 0.013020833333333334 0.019444444444444445
0 0.99453125 0.1953703703703704 0.008854166666666666 0.05185185185185186
0 0.9549479166666667 0.1902777777777778 0.01614583333333333 0.05092592592592593
0 0.9770833333333333 0.16018518518518518 0.01875 0.016666666666666666
2 0.6518229166666667 0.23842592592592593 0.0328125 0.0712962962962963
4 0.9658854166666666 0.2064814814814815 0.06822916666666666 0.1277777777777778
3 0.6231770833333333 0.6268518518518519 0.057812499999999996 0.07777777777777778
3 0.5778645833333333 0.6625 0.0515625 0.07685185185185185
3 0.5270833333333333 0.5995370370370371 0.053125 0.07314814814814816
0 0.9752604166666666 0.18425925925925926 0.0067708333333333336 0.02592592592592593
