0 0.48816640624999996 0.3679800925925926 0.03102447916666667 0.01760277777777775
0 0.5657265625 0.5052805555555555 0.006598958333333371 0.05750185185185183
0 0.5142403645833333 0.4336967592592593 0.011881770833333387 0.07158425925925924
0 0.48684609375 0.4407375 0.013861979166666672 0.0528083333333333
0 0.4604421875 0.4336962962962963 0.012541666666666687 0.069237037037037
0 0.4155552083333333 0.49882638888888897 0.00462083333333337 0.0328583333333333
0 0.48981666666666673 0.4865046296296296 0.033005208333333334 0.02464444444444443
0 0.30993932291666665 0.7998319444444446 0.03102447916666667 0.019949074074074036
0 0.31357005208333333 0.8303430555555557 0.02112343750000001 0.02933796296296302
0 0.27759453125 0.8156745370370371 0.011221354166666704 0.02816388888888881
0 0.2660427083333333 0.9265689814814816 0.010561458333333343 0.024639814814814805
0 0.20696380208333331 0.9072083333333333 0.01782239583333333 0.023470370370370332
0 0.22874713541666666 0.944175925925926 0.023103645833333353 0.029333333333333288
0 0.52150078125 0.8027657407407407 0.010560937499999963 0.03051111111111111
0 0.48288541666666673 0.8279962962962963 0.03630520833333334 0.03168518518518521
0 0.6591328124999999 0.8238888888888889 0.02442187500000005 0.03051111111111111
0 0.6185364583333334 0.8056995370370371 0.010562499999999985 0.031684259259259204
4 0.49014687500000004 0.4554064814814815 0.16568541666666672 0.22296666666666665
2 -0.006578333333333333 0.5927074074074075 0.04620697916666666 0.09153333333333333
3 0.11454999999999999 0.9435856481481482 0.11947812499999999 0.19010648148148154
3 0.30597864583333334 0.8039393518518518 0.0864729166666667 0.11735092592592596
3 0.6502213541666666 0.7875097222222223 0.08977604166666661 0.12908611111111112
3 0.4838760416666666 0.7728412037037037 0.09241458333333336 0.18189351851851845
3 0.23039739583333332 0.9160115740740741 0.08845312500000002 0.12556944444444434
