0 0.7254713541666667 0.11450185185185187 0.01716145833333336 0.015255555555555555
0 0.7574869791666666 0.1978212962962963 0.005942708333333257 0.015255555555555555
0 0.7386744791666667 0.1497074074074074 0.007921874999999901 0.03872592592592594
0 0.7267916666666667 0.15674814814814816 0.009239583333333337 0.01290925925925924
0 0.6848776041666668 0.18784629629629632 0.004619791666666729 0.01642962962962963
0 0.72184375 0.17552453703703705 0.01782291666666668 0.017602777777777773
0 0.4386588541666666 0.41961481481481483 0.008581249999999999 0.015255555555555555
0 0.4079643229166667 0.4219615740740741 0.011881770833333328 0.01525648148148146
0 0.42908749999999996 0.19312731481481482 0.01320208333333337 0.012908333333333336
0 0.9106302083333334 0.5146689814814814 0.00990624999999999 0.01760277777777775
0 0.8918177083333333 0.49941296296296295 0.01584375000000004 0.015255555555555555
0 0.8852161458333333 0.5146689814814814 0.010557291666666658 0.01760277777777775
0 0.44691015624999997 0.6513828703703705 0.014522395833333352 0.01877685185185185
0 0.5267838541666666 0.37795509259259263 0.00792187499999996 0.014082407407407412
0 0.4997182291666667 0.3626990740740741 0.010561458333333284 0.011735185185185218
0 0.50466875 0.38264907407407406 0.011221874999999966 0.016429629629629603
0 0.6257968750000001 0.6877615740740741 0.010562499999999985 0.01877685185185185
0 0.6234869791666666 0.7112319444444445 0.015182291666666714 0.016428703703703647
0 0.5960911458333332 0.7077111111111111 0.01320312500000007 0.018775925925925946
0 0.6007135416666666 0.3550717592592592 0.011885416666666633 0.0176027777777778
0 0.5766197916666668 0.3626990740740741 0.020458333333333318 0.016429629629629603
4 0.7218411458333333 0.16026851851851853 0.08251562500000004 0.11852407407407405
2 0.43766875000000005 0.19547407407407408 0.033005208333333334 0.06923703703703706
3 0.42281640625 0.38558287037037037 0.07195052083333332 0.1208712962962963
3 0.9000703125 0.5023472222222222 0.05610937500000001 0.07275740740740738
3 0.6119348958333333 0.6948027777777778 0.06204687500000006 0.07745185185185188
3 0.5835520833333334 0.33570833333333333 0.05148958333333328 0.1009222222222222
3 0.5089606770833333 0.37150092592592593 0.04884947916666663 0.06219629629629632
3 0.45912213541666663 0.6273259259259258 0.06402968749999995 0.09270740740740732
