0 0.5686979166666667 0.3773680555555556 0.016500000000000032 0.012908333333333362
0 0.6000520833333333 0.4589273148148148 0.003958333333333404 0.014082407407407412
0 0.5802499999999999 0.410812962962963 0.0066041666666667 0.0352055555555556
0 0.5690286458333333 0.4190277777777778 0.00792187500000002 0.011735185185185166
0 0.529421875 0.450125925925926 0.003958333333333286 0.012909259259259266
0 0.5660572916666666 0.43545694444444444 0.016500000000000032 0.014082407407407412
0 0.2868359375 0.6854148148148149 0.009901041666666662 0.016429629629629655
0 0.25383098958333333 0.6895217592592593 0.011221354166666645 0.01760277777777775
0 0.2739638020833334 0.4589273148148148 0.011881770833333328 0.014082407407407412
0 0.7333932291666667 0.7505444444444445 0.0145260416666666 0.015255555555555555
0 0.7281119791666666 0.7663865740740741 0.011880208333333423 0.014082407407407464
0 0.7538567708333334 0.7663870370370371 0.009244791666666667 0.016429629629629655
0 0.29475703125 0.9195310185185185 0.012542187500000008 0.01760462962962966
0 0.3746291666666667 0.6414083333333334 0.007261458333333337 0.015255555555555555
0 0.35350598958333335 0.6461018518518519 0.009901562499999983 0.015255555555555555
0 0.3475651041666667 0.6255657407407408 0.007261458333333337 0.011735185185185166
0 0.7152395833333334 0.5264037037037038 0.01121874999999998 0.015255555555555555
0 0.69246875 0.5046939814814816 0.010562499999999985 0.009387962962962973
0 0.692796875 0.5246435185185185 0.01121874999999998 0.018775925925925946
0 0.42974765625 0.6114837962962962 0.018482812500000043 0.014082407407407358
0 0.43271796874999996 0.6290861111111111 0.01782239583333336 0.018775925925925946
4 0.5657291666666667 0.4237217592592593 0.08185416666666664 0.11265648148148141
2 0.2822151041666667 0.460100462962963 0.03234479166666665 0.06806388888888891
3 0.26868307291666665 0.6525564814814815 0.07261093749999997 0.12204444444444444
3 0.7423046874999999 0.7517180555555556 0.05874479166666665 0.0715842592592592
3 0.7003880208333333 0.5117351851851852 0.047526041666666664 0.06102222222222222
3 0.424796875 0.5950541666666667 0.052147916666666676 0.1032694444444444
0 0.4092846354166666 0.6220453703703703 0.011881770833333328 0.018775925925925946
3 0.35779661458333334 0.6349537037037037 0.04884739583333335 0.0657166666666666
3 0.3076291666666666 0.8954712962962964 0.06733020833333334 0.0962240740740741
