0 0.5683697916666667 0.37502083333333336 0.01584375000000004 0.01290833333333331
0 0.6007135416666666 0.4589273148148148 0.003958333333333404 0.014082407407407412
0 0.5802499999999999 0.40905277777777777 0.00791666666666669 0.0340314814814815
0 0.5686979166666667 0.4190277777777778 0.0072604166666665765 0.011735185185185166
0 0.529421875 0.44895231481481485 0.003958333333333286 0.01290833333333331
0 0.5660572916666666 0.43428333333333335 0.016500000000000032 0.014081481481481454
0 0.25383098958333333 0.6877615740740741 0.011221354166666645 0.01642870370370375
0 0.28617578125 0.6848277777777778 0.009901562499999983 0.015255555555555555
0 0.27363385416666663 0.4577537037037037 0.011221874999999966 0.014081481481481507
0 0.7347135416666667 0.7493708333333334 0.014520833333333271 0.012908333333333362
0 0.7294322916666668 0.7640398148148149 0.009239583333333337 0.01408148148148156
0 0.7538567708333334 0.7640398148148149 0.010557291666666658 0.018775925925925946
0 0.29508697916666665 0.9189430555555556 0.01320208333333331 0.01642870370370375
0 0.3742989583333333 0.6408212962962964 0.006601041666666655 0.01642962962962955
0 0.3485552083333333 0.6238050925925925 0.010561458333333343 0.012908333333333258
0 0.35317604166666666 0.6449287037037037 0.010561458333333343 0.015255555555555555
0 0.04953002604166667 0.6613574074074074 0.011881614583333337 0.015255555555555555
0 0.05580109375 0.6742666666666668 0.011221770833333334 0.015255555555555555
0 0.031377395833333335 0.6789606481481482 0.015182291666666662 0.01760277777777775
0 0.698078125 0.5234699074074075 0.00990624999999999 0.009387962962962973
0 0.6984088541666666 0.540486111111111 0.013203124999999953 0.015255555555555555
0 0.7208515625 0.5434199074074074 0.009244791666666667 0.016428703703703647
0 0.493446875 0.6425814814814815 0.015182291666666714 0.01760185185185195
0 0.47496458333333336 0.6296726851851853 0.015182291666666655 0.01760277777777775
0 0.46836354166666666 0.6461018518518519 0.015182291666666655 0.022296296296296335
4 0.5660598958333334 0.42313518518518517 0.08119270833333332 0.11617777777777777
2 0.28221536458333335 0.460100462962963 0.03366510416666667 0.06806388888888891
3 0.26802291666666667 0.6490361111111111 0.071290625 0.11500370370370377
3 0.7423046874999999 0.7517175925925926 0.05610937500000001 0.0692370370370371
3 0.7069895833333334 0.5287509259259259 0.046208333333333344 0.06454259259259261
3 0.483215625 0.6155907407407407 0.05808854166666665 0.1044425925925926
3 0.04226901041666667 0.6648782407407409 0.048847395833333335 0.07158425925925929
3 0.3577966145833333 0.6308462962962963 0.050167187500000016 0.06219629629629632
3 0.3082893229166667 0.8948856481481482 0.06865052083333338 0.09974722222222221
3 0.4300776041666667 0.5733444444444444 0.03234479166666665 0.05280740740740734
