0 0.20828411458333335 0.6196981481481482 0.013861979166666672 0.01642962962962955
0 0.18485052083333334 0.6167643518518519 0.015842708333333337 0.01760277777777775
0 0.25020052083333333 0.6813074074074075 0.01320208333333334 0.017601851851851844
0 0.22016588541666668 0.6783736111111112 0.011221354166666645 0.016428703703703647
0 0.02906703125 0.5956407407407407 0.00924135416666667 0.015255555555555555
0 0.036328125 0.6026819444444446 0.00660104166666667 0.017602777777777853
0 0.015535 0.6114837962962962 0.015182291666666665 0.014082407407407358
0 0.6106145833333334 0.5357921296296296 0.009239583333333337 0.012908333333333362
0 0.9195416666666666 0.43721759259259263 0.010562499999999985 0.015255555555555555
0 0.9895130208333334 0.6091365740740742 0.00792187500000002 0.009387962962962973
0 0.9938020833333333 0.6308462962962964 0.01121874999999998 0.015255555555555555
0 0.928453125 0.8901921296296297 0.013864583333333395 0.019949074074074036
0 0.9234999999999999 0.6584240740740741 0.010562499999999985 0.016429629629629655
0 0.8918177083333333 0.6584240740740741 0.009239583333333337 0.016429629629629655
3 0.9977630208333332 0.6161773148148149 0.04026562499999997 0.05632870370370374
3 0.9380234375000001 0.8690694444444444 0.05808854166666665 0.09270740740740743
3 0.019165528645833332 0.5962282407407408 0.04620696354166666 0.06336944444444441
3 0.19541223958333334 0.5944675925925926 0.05148802083333335 0.08566666666666665
3 0.23633828125 0.6537296296296297 0.06336927083333335 0.11500370370370366
3 0.9073281249999999 0.6226319444444445 0.06931249999999996 0.11617685185185186
3 0.617546875 0.5340314814814815 0.037625000000000006 0.05398148148148144
2 0.9294427083333333 0.44015092592592586 0.03696875000000001 0.06806296296296295
