0 0.5954322916666667 0.27351250000000005 0.018479166666666675 0.011734259259259262
0 0.6290989583333333 0.3603523148148149 0.005281250000000052 0.014082407407407412
0 0.6073151041666667 0.30930416666666666 0.006598958333333371 0.03637870370370369
0 0.5967526041666666 0.31810555555555553 0.006598958333333253 0.011735185185185218
0 0.5545052083333334 0.34920416666666665 0.003958333333333404 0.01290833333333331
0 0.5921328124999999 0.3351217592592593 0.018484375000000004 0.015256481481481511
0 0.29970781250000006 0.5962277777777777 0.007920833333333318 0.016429629629629655
0 0.2670328125 0.6003351851851851 0.011221874999999996 0.017601851851851844
0 0.28650598958333334 0.3574185185185185 0.011881770833333387 0.012909259259259266
0 0.789171875 0.6818939814814815 0.01121874999999998 0.01642870370370375
0 0.7690390624999999 0.6672250000000001 0.01583854166666671 0.015255555555555555
0 0.7634296875 0.6830675925925925 0.009901041666666662 0.016429629629629655
0 0.3099395833333334 0.8409046296296296 0.015182291666666655 0.019950000000000048
0 0.39278203125 0.5504606481481481 0.007921354166666639 0.014082407407407358
0 0.3650578125 0.5328583333333333 0.009241666666666681 0.011735185185185166
0 0.3700083333333333 0.5545685185185185 0.011221874999999966 0.015255555555555555
0 0.6092942708333333 0.6871745370370371 0.011880208333333305 0.01760277777777775
0 0.5842109375 0.6912819444444445 0.01583854166666671 0.021123148148148137
4 0.5921328124999999 0.3216263888888889 0.08845312499999997 0.11969722222222219
2 0.2964075520833333 0.3615259259259259 0.035645312499999984 0.07041111111111115
3 0.2802348958333333 0.558675462962963 0.07459166666666667 0.12439166666666673
3 0.7772916666666667 0.6666384259259259 0.058749999999999976 0.07510462962962958
3 0.37429921875 0.540486111111111 0.04884739583333335 0.06454259259259261
3 0.3214911458333333 0.8156740740740741 0.06864999999999999 0.10092222222222232
3 0.44922057291666667 0.4812240740740741 0.033665104166666696 0.058675925925925985
3 0.5941119791666667 0.6766129629629629 0.05280729166666672 0.069237037037037
