0 0.8703645833333332 0.6525564814814815 0.037625000000000006 0.04928703703703705
0 0.7977526041666666 0.6232185185185186 0.020463541666666647 0.04694074074074077
0 0.47364427083333327 0.41550740740740744 0.015182291666666655 0.042246296296296275
0 0.3828802083333333 0.4430847222222222 0.03696562499999997 0.04811388888888886
0 0.51985234375 0.8702425925925926 0.057430729166666694 0.05515555555555554
0 0.4320578125 0.8872583333333334 0.03102499999999999 0.05398148148148144
0 0.41984583333333336 0.9905277777777778 0.017162499999999997 0.030518518518518552
3 0.4650635416666667 0.9488666666666667 0.15116458333333332 0.17954444444444448
3 0.850890625 0.5985750000000001 0.17558333333333329 0.22766111111111115
3 0.505328125 0.8004208333333334 0.21453125000000003 0.30276944444444454
3 0.39179166666666665 0.3163458333333333 0.21453229166666668 0.39077870370370366
