0 0.6594609375 0.2031018518518519 0.018484375000000004 0.01642962962962963
0 0.6944479166666667 0.29698287037037036 0.005281250000000052 0.014082407407407412
0 0.6729947916666668 0.24182777777777778 0.0072604166666665765 0.03990000000000004
0 0.6597916666666667 0.25180231481481485 0.005937500000000047 0.01056203703703702
0 0.6145755208333334 0.2852476851851852 0.003963541666666614 0.0164287037037037
0 0.655171875 0.26881851851851857 0.019145833333333327 0.016429629629629655
0 0.34129427083333336 0.5457671296296296 0.009241666666666681 0.016428703703703647
0 0.3072989583333333 0.5498740740740741 0.012541666666666628 0.01994999999999994
0 0.32908229166666664 0.2911152777777778 0.015182291666666655 0.0164287037037037
0 0.8449505208333332 0.6279125000000001 0.01716145833333336 0.01642870370370375
0 0.8380182291666666 0.6425814814814815 0.01122395833333331 0.01760185185185195
0 0.8667343750000001 0.6431680555555556 0.010562499999999985 0.021123148148148137
0 0.35317604166666666 0.804525925925926 0.01320208333333337 0.017601851851851844
0 0.4403091145833333 0.49882638888888897 0.006600520833333334 0.01642870370370375
0 0.4109346354166667 0.48005046296296305 0.009901562499999983 0.014082407407407358
0 0.41654557291666666 0.5023472222222223 0.010561979166666664 0.016429629629629655
0 0.48816640624999996 0.8761101851851852 0.01782239583333336 0.01994999999999994
4 0.6545130208333333 0.2564967592592593 0.09043229166666672 0.13260648148148152
2 0.33832369791666667 0.293462037037037 0.03894635416666669 0.07979814814814812
3 0.3228111979166667 0.5052805555555555 0.07921197916666665 0.13495370370370371
3 0.8541901041666667 0.6302597222222222 0.0633697916666667 0.07745092592592598
3 0.42215624999999996 0.4888518518518519 0.05478854166666664 0.069237037037037
3 0.36538776041666665 0.7775356481481481 0.07327135416666669 0.1020953703703704
3 0.5016984375 0.4225481481481481 0.034324999999999994 0.05398148148148149
3 0.49047682291666667 0.8514666666666667 0.0554484375 0.08801296296296295
