0 0.4568114583333333 0.37150092592592593 0.019803125000000026 0.015255555555555555
0 0.507309375 0.47183564814814816 0.00462083333333337 0.016428703703703647
0 0.47397421875 0.41316018518518516 0.00924114583333336 0.04694074074074071
0 0.45681171875000004 0.4295893518518519 0.007921354166666639 0.014082407407407412
0 0.43931875 0.41374675925925924 0.008581249999999999 0.043419444444444476
0 0.4584619791666667 0.44953888888888893 0.02178333333333331 0.016429629629629655
0 0.2455796875 0.8021787037037038 0.009241666666666652 0.01994999999999994
0 0.20729401041666667 0.8139143518518519 0.015842187500000014 0.01760277777777775
0 0.12181093750000001 0.5287509259259259 0.015182291666666669 0.015255555555555555
0 0.8475911458333333 0.7616930555555557 0.022442708333333408 0.014082407407407358
0 0.8713541666666667 0.7775351851851853 0.00923958333333322 0.022296296296296335
0 0.8442916666666667 0.7845763888888889 0.01452083333333339 0.019949074074074036
0 0.28881614583333337 0.7470240740740741 0.015182291666666655 0.01994999999999994
0 0.27462395833333336 0.7235537037037038 0.010561458333333343 0.017601851851851844
0 0.34162421875 0.6543166666666668 0.021782812500000047 0.012909259259259266
0 0.3439346354166667 0.6748527777777779 0.014522395833333352 0.018775925925925946
0 0.32017109374999997 0.6642916666666666 0.00924114583333336 0.01877592592592584
0 0.5314036458333333 0.8191949074074073 0.017161458333333296 0.021123148148148137
0 0.5040088541666666 0.8004185185185185 0.008581249999999999 0.028164814814814716
4 0.4574716145833333 0.4301763888888889 0.1122171875 0.14903611111111117
2 0.13138255208333333 0.5275777777777778 0.04620677083333334 0.08801296296296304
3 0.21554531249999997 0.7616925925925926 0.08911354166666667 0.15725000000000006
3 0.8532005208333333 0.7658000000000001 0.060067708333333296 0.08801296296296295
3 0.2914567708333333 0.7288347222222222 0.05214791666666665 0.07979907407407406
3 0.4515309895833333 0.9958055555555556 0.0726109375 0.08566666666666665
3 0.33700338541666663 0.6543166666666668 0.05346822916666666 0.07862592592592597
3 0.5261229166666667 0.7886837962962964 0.06469166666666665 0.09857500000000001
