2 0.8753151041666667 0.33042777777777776 0.031682291666666626 0.06454259259259255
0 0.9637682291666666 0.5211231481481482 0.009244791666666667 0.01642962962962955
0 0.9367031249999999 0.5029337962962963 0.010562499999999985 0.015256481481481565
0 0.9416536458333332 0.5234703703703704 0.015182291666666596 0.016429629629629655
0 0.8733359375 0.785162962962963 0.011880208333333305 0.018775925925925946
0 0.8700338541666666 0.5545680555555556 0.011880208333333305 0.01760277777777775
0 0.8390078125 0.5551550925925927 0.011880208333333305 0.016428703703703647
0 0.12379140625000001 0.5886 0.013861979166666656 0.019950000000000048
0 0.093096875 0.5833189814814815 0.010561458333333329 0.021123148148148137
0 0.23963880208333332 0.6560768518518518 0.011881770833333328 0.018775925925925946
0 0.21257473958333334 0.6378875 0.011881770833333328 0.015256481481481565
0 0.21389505208333331 0.657250462962963 0.014522395833333323 0.01877685185185185
0 0.5505442708333333 0.7294212962962963 0.011880208333333305 0.019950000000000048
0 0.5630859375 0.7523046296296297 0.017161458333333237 0.018775925925925946
0 0.11289947916666666 0.381475462962963 0.01320208333333334 0.021123148148148137
0 0.09408697916666667 0.3720875 0.017822916666666667 0.014082407407407412
0 0.0891359375 0.38793009259259265 0.017162499999999997 0.0176027777777778
3 0.8858776041666666 0.7652134259259259 0.06204687500000006 0.09153425925925934
3 0.09837760416666666 0.3615259259259259 0.05016770833333333 0.0844925925925926
3 0.11554010416666666 0.5610226851851852 0.06601041666666665 0.11735092592592596
3 0.2241265625 0.6443416666666666 0.05214791666666665 0.07041111111111109
3 0.5630885416666667 0.7329416666666667 0.046208333333333344 0.07393148148148149
3 0.8541901041666667 0.5181893518518519 0.06865104166666663 0.118525
3 0.9475963541666667 0.5129083333333334 0.049505208333333425 0.06571666666666671
