0 0.6458333333333334 0.7449074074074075 0.010416666666666666 0.015740740740740743
0 0.64296875 0.7828703703703704 0.0140625 0.015740740740740743
0 0.6145833333333334 0.7699074074074075 0.011458333333333333 0.017592592592592594
0 0.69921875 0.6675925925925926 0.0140625 0.018518518518518517
0 0.6828125 0.6546296296296297 0.014583333333333334 0.018518518518518517
0 0.6752604166666667 0.6703703703703704 0.0109375 0.022222222222222223
0 0.05182291666666666 0.5166666666666667 0.01614583333333333 0.024074074074074074
0 0.06067708333333333 0.5314814814814816 0.0140625 0.022222222222222223
0 0.022135416666666668 0.537962962962963 0.021354166666666667 0.016666666666666666
0 0.6302083333333334 0.7185185185185186 0.008333333333333333 0.014814814814814815
0 0.6143229166666666 0.7143518518518519 0.021354166666666667 0.015740740740740743
0 0.6098958333333333 0.7342592592592593 0.014583333333333334 0.016666666666666666
0 0.8302083333333333 0.16064814814814815 0.015625 0.021296296296296296
2 0.83828125 0.16111111111111112 0.034895833333333334 0.07222222222222223
3 0.6940104166666666 0.6574074074074074 0.058854166666666666 0.07407407407407407
3 0.6317708333333333 0.7587962962962963 0.053125 0.08240740740740742
3 0.6171875 0.7101851851851853 0.05625 0.07777777777777778
3 0.03802083333333333 0.49768518518518523 0.075 0.11388888888888889
