2 0.893796875 0.33746898148148147 0.03168749999999996 0.06454351851851851
2 -0.003607916666666666 0.6865879629629631 0.045546875 0.07041111111111109
0 0.9822500000000001 0.5293375000000001 0.010562499999999985 0.014082407407407358
0 0.9555182291666665 0.5082148148148148 0.009901041666666662 0.011735185185185166
0 0.9594765624999999 0.5305111111111112 0.015182291666666714 0.01642962962962955
0 0.8918177083333333 0.7927907407407407 0.013197916666666741 0.01994999999999994
0 0.8881874999999999 0.5616092592592593 0.012541666666666628 0.017601851851851844
0 0.8565 0.5616092592592593 0.012541666666666628 0.017601851851851844
0 0.26538255208333333 0.5152555555555556 0.014522395833333323 0.01642962962962955
0 0.23798854166666666 0.5088013888888889 0.008581249999999999 0.01760277777777775
3 0.9040286458333334 0.7704939814814815 0.0640260416666667 0.09740092592592592
3 0.25878151041666664 0.4911986111111111 0.062049479166666664 0.10913611111111113
3 0.8726744791666666 0.5293375 0.07260937500000005 0.11735092592592591
3 0.9683880208333332 0.5176023148148149 0.05280729166666672 0.06336944444444441
