2 0.8954479166666667 0.3433365740740741 0.031020833333333303 0.06454351851851851
0 0.9825807291666666 0.5346185185185186 0.01122395833333331 0.012909259259259266
0 0.9551875 0.5140824074074075 0.010562499999999985 0.01173518518518527
0 0.9614557291666666 0.5363787037037037 0.015182291666666596 0.018775925925925946
0 0.8918177083333333 0.7974847222222222 0.013197916666666741 0.022297222222222135
0 0.8888463541666667 0.5668898148148148 0.01122395833333331 0.018775925925925946
0 0.8574921875 0.5651300925925926 0.013203124999999953 0.01760277777777775
0 0.43535833333333335 0.4659685185185185 0.009901041666666662 0.018775925925925894
0 0.4076341145833333 0.47183564814814816 0.012542187500000008 0.01877685185185185
3 0.9043567708333333 0.775775 0.0633697916666667 0.09153333333333333
3 0.9680598958333334 0.5252305555555556 0.05082812499999995 0.06454259259259261
3 0.8736640625 0.5363791666666666 0.07591145833333333 0.12908611111111107
3 0.4158854166666667 0.4454314814814815 0.05808854166666665 0.09974814814814811
