2 0.6033541666666666 0.4647949074074074 0.019802083333333324 0.03989907407407408
0 0.8162369791666666 0.4870912037037037 0.015182291666666714 0.014082407407407464
0 0.8225078125 0.5129087962962963 0.006598958333333253 0.02816388888888892
0 0.8076536458333334 0.5264037037037038 0.013859374999999948 0.015255555555555555
4 0.8099661458333333 0.520536574074074 0.06204687500000006 0.08801388888888885
0 0.25911171875 0.4759430555555556 0.009901562500000013 0.01056203703703702
0 0.2442596354166667 0.4782902777777778 0.007921354166666669 0.010562037037036969
0 0.07461380208333333 0.5328583333333333 0.014522395833333323 0.011735185185185166
0 0.07956458333333334 0.5416597222222223 0.011221874999999996 0.012908333333333258
0 0.14623489583333335 0.3984912037037037 0.008581249999999999 0.010562037037037073
0 0.13600312499999997 0.4055324074074074 0.007920833333333347 0.010561111111111117
0 0.1501953125 0.40494583333333334 0.009901041666666662 0.009387962962962973
0 0.6904869791666667 0.5962277777777777 0.006598958333333253 0.014081481481481454
0 0.679265625 0.588012962962963 0.011885416666666633 0.011735185185185166
0 0.6756354166666667 0.5974013888888889 0.008583333333333342 0.014082407407407358
0 0.5281041666666667 0.6320199074074074 0.010562499999999926 0.015256481481481565
0 0.5076390625 0.6232185185185186 0.006601041666666655 0.014081481481481454
3 0.142934375 0.3955574074074074 0.025743750000000013 0.042246296296296275
3 0.07362369791666667 0.5328583333333334 0.03630572916666667 0.039899999999999984
3 0.2541609375 0.4677282407407407 0.030364583333333337 0.04341944444444442
3 0.5221617187500001 0.6015083333333334 0.04620781250000003 0.09270740740740743
3 0.6805859375 0.5880134259259259 0.03432812500000004 0.04459351851851847
3 0.35053541666666665 0.9582560185185186 0.08449270833333333 0.12791388888888894
