0 0.7056692708333333 0.7640398148148149 0.006598958333333371 0.023470370370370332
0 0.6812447916666666 0.7669736111111112 0.01452083333333339 0.015256481481481565
0 0.6700234374999999 0.666638425925926 0.006598958333333371 0.023469444444444428
0 0.6561614583333333 0.6654652777777778 0.019802083333333324 0.014082407407407464
0 0.6545104166666665 0.686587962962963 0.01782291666666668 0.01642962962962955
0 0.09672734375 0.4882648148148149 0.009901562499999997 0.016429629629629655
0 0.07593411458333332 0.5176027777777777 0.0237640625 0.016429629629629655
0 0.6396588541666667 0.737049074074074 0.01583854166666659 0.016429629629629655
0 0.6465885416666667 0.7564120370370371 0.012541666666666628 0.017601851851851844
0 0.6215078125 0.7476106481481481 0.01122395833333331 0.01877685185185185
0 0.864421875 0.1502939814814815 0.016500000000000032 0.021123148148148137
2 0.8730026041666666 0.14912037037037038 0.03498437500000004 0.0704111111111111
3 0.6842161458333335 0.7487842592592593 0.05082812499999995 0.07275740740740738
3 0.6561614583333333 0.6607712962962964 0.04753125 0.07745185185185188
3 0.6287682291666667 0.7382226851851853 0.05478645833333324 0.08918611111111113
3 0.07857455729166668 0.4765296296296297 0.06336963541666667 0.11265740740740737
