2 0.7211822916666667 0.44132453703703706 0.023104166666666613 0.04459351851851852
2 0.09771744791666667 0.3984912037037037 0.025083854166666666 0.03168425925925925
0 0.9947916666666666 0.5082143518518518 0.01452083333333339 0.01642870370370375
0 0.9789505208333333 0.5539814814814814 0.019807291666666654 0.016429629629629655
0 0.03335765625 0.3703268518518518 0.01386208333333333 0.03168518518518516
4 0.037318359375 0.3773680555555556 0.05082786458333333 0.062195370370370366
4 0.9809296875000001 0.5533944444444444 0.09505729166666665 0.11148333333333327
0 0.44327942708333334 0.6631180555555556 0.013861979166666672 0.016428703703703647
0 0.4205059895833333 0.6490361111111111 0.007921354166666639 0.01877592592592584
0 0.22544661458333332 0.4260689814814815 0.011221354166666675 0.009387962962962973
0 0.2284171875 0.43428333333333335 0.007920833333333347 0.011735185185185166
0 0.2812252604166667 0.3175194444444445 0.007921354166666698 0.008214814814814828
0 0.2848557291666667 0.3239736111111111 0.008581249999999999 0.009387962962962973
0 0.27330390625 0.32338657407407406 0.007921354166666639 0.008213888888888871
0 0.42116614583333334 0.3879296296296296 0.009241666666666622 0.008214814814814776
0 0.8139244791666668 0.6038555555555556 0.006598958333333253 0.012909259259259266
0 0.8003932291666667 0.5909472222222222 0.013859374999999948 0.015255555555555555
0 0.7957734375000001 0.6020953703703703 0.009901041666666662 0.014081481481481454
0 0.6287682291666667 0.6015083333333333 0.009901041666666662 0.015255555555555555
0 0.6076432291666668 0.5891865740740742 0.005942708333333376 0.016428703703703647
3 0.4294174479166667 0.8837365740740741 0.0811921875 0.1384712962962964
3 0.22247604166666665 0.4278291666666667 0.023763541666666655 0.03403240740740741
3 0.43997890624999997 0.6290861111111111 0.05082760416666664 0.10796296296296289
3 0.6248072916666667 0.5663037037037036 0.04951041666666676 0.09270740740740732
3 0.802703125 0.5903606481481483 0.04224999999999994 0.05163425925925925
3 0.4218263020833333 0.38616944444444445 0.018482812499999984 0.028164814814814823
3 0.27891484375 0.312825 0.023103645833333353 0.04107222222222218
