1 0.780921875 0.15674814814814816 0.03036458333333331 0.02464444444444446
0 0.810625 0.20192824074074073 0.021125000000000088 0.08683981481481483
0 0.78125 0.2083824074074074 0.012541666666666628 0.07393148148148149
0 0.7515468749999998 0.20486203703703706 0.019145833333333327 0.08566666666666668
4 0.7819088541666666 0.22950555555555555 0.12079687500000003 0.18189444444444444
0 0.5878411458333335 0.3010902777777778 0.028380208333333337 0.024643518518518526
2 0.5769505208333333 0.2934625 0.05148437500000007 0.11031018518518518
0 0.30696901041666663 0.646688425925926 0.01716302083333332 0.021123148148148137
0 0.30036796875 0.687175 0.019802604166666644 0.02933703703703701
0 0.2637322916666667 0.6942157407407407 0.015182291666666684 0.022296296296296335
0 0.48717630208333335 0.7364620370370369 0.022443229166666672 0.02699074074074072
0 0.4406390625 0.7041907407407408 0.011221874999999966 0.028164814814814823
3 0.2884861979166667 0.6730930555555555 0.0726109375 0.10913611111111118
3 0.4832161458333334 0.6595972222222223 0.09901562500000001 0.2041907407407408
3 0.44360963541666665 0.6320199074074074 0.058089062499999976 0.09740092592592592
3 0.46968359375 0.3298412037037038 0.05610885416666669 0.10561574074074075
0 0.45714166666666667 0.3521375 0.02310312499999997 0.028163888888888867
