1 0.7297630208333333 0.18021851851851853 0.027067708333333346 0.019949999999999992
0 0.7601276041666666 0.22539861111111112 0.01650520833333336 0.07979907407407406
0 0.730421875 0.22774583333333337 0.008583333333333342 0.06806388888888891
0 0.7020390624999999 0.2283324074074074 0.015182291666666714 0.08097222222222224
4 0.7294348958333332 0.254149537037037 0.11881770833333327 0.17954722222222222
0 0.31687057291666665 0.3673935185185185 0.027724479166666663 0.023470370370370384
2 0.32512161458333333 0.36387268518518523 0.04818697916666667 0.1009212962962963
0 0.6888359375 0.6560768518518519 0.01122395833333331 0.028164814814814823
0 0.6588020833333333 0.6431680555555556 0.03036458333333331 0.01642870370370375
0 0.6551692708333333 0.6701592592592592 0.020463541666666647 0.023470370370370437
0 0.45615156249999994 0.7974847222222222 0.01320208333333337 0.024643518518518526
0 0.42347656250000004 0.7834027777777779 0.029704166666666688 0.017601851851851844
0 0.41885572916666663 0.8098064814814815 0.02178333333333331 0.023470370370370332
0 0.37429921875000005 0.6314333333333333 0.015842187500000014 0.023470370370370332
0 0.4630825520833333 0.7047773148148149 0.013861979166666672 0.029337962962962913
0 0.416215625 0.7200333333333333 0.01914270833333334 0.02699074074074072
3 0.9393463541666667 0.7200333333333333 0.07393229166666669 0.12791296296296292
3 0.6479088541666667 0.5909472222222222 0.05610937500000001 0.07627777777777778
3 0.3898114583333333 0.6073759259259259 0.07591145833333333 0.09974814814814821
3 0.4264471354166667 0.6519699074074075 0.10033489583333334 0.18658796296296296
3 0.4287575520833333 0.7775351851851853 0.07723177083333331 0.10913703703703709
3 0.6614427083333333 0.6455152777777778 0.07129166666666673 0.10326944444444451
