0 0.6617734375 0.7440902777777779 0.013859375000000066 0.01642870370370375
0 0.6353697916666666 0.7129921296296297 0.013864583333333395 0.017602777777777853
0 0.6287682291666667 0.7311819444444445 0.013859374999999948 0.021123148148148137
0 0.6663932291666667 0.6742662037037037 0.009901041666666662 0.02229722222222224
0 0.13798359375 0.4424981481481482 0.014522395833333339 0.018775925925925894
0 0.10233802083333333 0.45599351851851855 0.019803124999999994 0.015255555555555555
0 0.6089635416666667 0.7499574074074074 0.012541666666666628 0.01877592592592584
0 0.5845416666666666 0.7440902777777779 0.008583333333333342 0.021123148148148137
0 0.8697031249999999 0.135625 0.013864583333333395 0.017601851851851844
2 0.8796067708333334 0.13797175925925928 0.036307291666666686 0.07158425925925925
3 0.601703125 0.7399828703703705 0.06007291666666674 0.07862499999999997
3 0.6482395833333333 0.7165125 0.05148958333333328 0.08566574074074075
3 0.6551692708333334 0.6637046296296297 0.05082812499999995 0.07393148148148149
3 0.11719036458333332 0.41961435185185186 0.07327135416666668 0.10678981481481484
