0 0.63984375 0.7101851851851853 0.0171875 0.018518518518518517
0 0.6346354166666667 0.7291666666666667 0.011979166666666666 0.015740740740740743
0 0.66640625 0.737037037037037 0.011979166666666666 0.020370370370370372
0 0.63515625 0.6939814814814815 0.0109375 0.01388888888888889
0 0.6127604166666667 0.6796296296296297 0.0109375 0.020370370370370372
0 0.20781249999999998 0.3787037037037037 0.0125 0.018518518518518517
0 0.17265625 0.3893518518518519 0.018229166666666668 0.019444444444444445
0 0.6161458333333333 0.7467592592592592 0.0125 0.015740740740740743
0 0.58984375 0.7416666666666667 0.008854166666666666 0.022222222222222223
0 0.0036458333333333334 0.4689814814814815 0.00625 0.015740740740740743
0 0.8791666666666667 0.13425925925925927 0.015625 0.018518518518518517
2 0.8885416666666667 0.13472222222222222 0.036458333333333336 0.07314814814814816
3 0.1875 0.34953703703703703 0.07291666666666667 0.09907407407407408
3 0.015364583333333333 0.4351851851851852 0.0296875 0.13148148148148148
3 0.6203125 0.6708333333333334 0.040625 0.08981481481481482
3 0.6520833333333333 0.7189814814814816 0.052083333333333336 0.08425925925925926
3 0.60859375 0.7310185185185185 0.06197916666666667 0.09537037037037037
