0 0.7706901041666666 0.6824810185185186 0.013859374999999948 0.017602777777777853
0 0.7479166666666667 0.6725060185185184 0.010562500000000105 0.01642870370370375
0 0.11554010416666666 0.6789606481481482 0.010561458333333329 0.01760277777777775
0 0.12280104166666668 0.6895217592592594 0.00660104166666667 0.02229722222222224
0 0.10233802083333333 0.6953898148148148 0.021122916666666658 0.015255555555555555
0 0.309609375 0.5281643518518518 0.010561458333333343 0.016428703703703647
0 0.28287526041666666 0.5510476851851852 0.011221354166666704 0.01760277777777775
0 0.6370208333333333 0.5545680555555556 0.010562499999999985 0.01760277777777775
0 0.8568333333333332 0.7540648148148148 0.019802083333333442 0.019950000000000048
0 0.8403307291666666 0.5316847222222222 0.018484375000000004 0.014082407407407358
0 0.8383489583333333 0.5475268518518518 0.014520833333333271 0.015255555555555555
3 0.29343697916666667 0.5258171296296296 0.06270937500000003 0.10326944444444451
3 0.10464843750000001 0.6654652777777778 0.04686666666666667 0.09388055555555563
3 0.6330572916666666 0.520536574074074 0.046208333333333344 0.10678981481481484
3 0.8416484375000001 0.5316847222222222 0.04356770833333326 0.06336944444444441
3 0.762109375 0.6660518518518519 0.04818749999999999 0.0692370370370371
3 0.85353125 0.7241402777777778 0.05016666666666675 0.09388055555555563
