0 0.5993932291666667 0.39379722222222224 0.031682291666666626 0.02464444444444443
0 0.679265625 0.5158425925925926 0.009239583333333337 0.09974814814814821
0 0.6281067708333334 0.4589268518518519 0.009901041666666662 0.07745185185185188
0 0.5997239583333334 0.45247268518518513 0.021781250000000085 0.0856657407407407
0 0.5726614583333334 0.4653814814814815 0.012541666666666628 0.07627777777777778
0 0.5244708333333333 0.5070412037037036 0.008579166666666657 0.07510462962962958
4 0.6023627604166666 0.48533101851851856 0.1670036458333333 0.2241398148148148
0 0.6010442708333333 0.5152555555555556 0.03498437499999992 0.03051111111111111
0 0.07626406250000001 0.6355407407407407 0.03234479166666667 0.02699074074074072
2 0.08583567708333334 0.6361268518518519 0.06336927083333334 0.1384740740740741
0 0.36142734375 0.8696560185185185 0.013861979166666672 0.0328583333333333
0 0.31687057291666665 0.8784569444444446 0.018482812499999984 0.031684259259259204
3 0.22247630208333333 0.9576680555555557 0.1333401041666666 0.1619416666666667
3 0.33502317708333335 0.8502925925925926 0.10231510416666663 0.12321851851851855
