0 0.692796875 0.3791287037037037 0.004624999999999938 0.018775925925925946
0 0.7007187500000001 0.3679800925925926 0.004624999999999938 0.01760277777777775
4 0.7023697916666668 0.37326064814814813 0.026406250000000023 0.03755277777777774
0 0.7026979166666667 0.3785416666666667 0.008583333333333342 0.008214814814814828
0 0.34921536458333335 0.8831509259259259 0.025083854166666638 0.02229629629629623
2 0.35878671875 0.8632013888888889 0.04818697916666667 0.08801388888888885
0 0.6630937499999999 0.618524537037037 0.0112187500000001 0.014082407407407358
0 0.018835494791666667 0.735288888888889 0.009901510416666669 0.01994999999999994
0 0.36142708333333334 0.49061203703703704 0.011221874999999966 0.00704074074074078
0 0.36142708333333334 0.4982398148148148 0.008581249999999999 0.01056111111111117
0 0.40598385416666666 0.6150037037037037 0.006601041666666655 0.01173518518518527
0 0.3974026041666666 0.6314328703703704 0.015842708333333337 0.014082407407407464
0 0.7832291666666666 0.4683152777777778 0.007260416666666695 0.009387962962962973
0 0.7716770833333333 0.4683152777777778 0.010562499999999985 0.009387962962962973
0 0.7129296875 0.460100462962963 0.00792187500000002 0.009387962962962973
3 0.7102890625 0.44601851851851854 0.02376562499999994 0.044592592592592566
3 0.6875182291666667 0.4395643518518519 0.020463541666666647 0.03168425925925925
3 0.35713645833333335 0.48005 0.021122916666666686 0.03051111111111106
3 0.3977328125 0.6232189814814815 0.03234479166666665 0.044593518518518574
3 0.3610971354166666 0.489438425925926 0.022443229166666672 0.03520462962962965
3 0.007613776041666667 0.7300078703703704 0.034985260416666664 0.044593518518518574
3 0.6644114583333334 0.5956412037037038 0.037625000000000006 0.08801388888888895
3 0.7749817708333333 0.4624476851851852 0.027723958333333344 0.03755277777777774
