2 0.8548515625 0.3668069444444445 0.027723958333333344 0.059849074074074075
0 0.36571770833333334 0.7018439814814816 0.01320208333333331 0.01642870370370375
0 0.3370033854166667 0.6977365740740741 0.009901562499999983 0.019949074074074036
0 0.17758932291666665 0.381475462962963 0.011881770833333328 0.011734259259259262
0 0.18452057291666665 0.3926236111111111 0.009901562500000013 0.012908333333333362
0 0.16372734374999998 0.39379722222222224 0.01320156249999999 0.015255555555555555
0 0.05052018229166667 0.4272421296296297 0.009901302083333337 0.014082407407407412
0 0.035007916666666666 0.4166810185185185 0.014522187499999999 0.014082407407407412
0 0.02906703125 0.4272421296296297 0.011881770833333331 0.014082407407407412
0 0.12973229166666667 0.676613425925926 0.015182291666666669 0.017602777777777853
0 0.9086510416666668 0.657837037037037 0.012541666666666748 0.01994999999999994
0 0.9063411458333333 0.47183564814814816 0.013203124999999953 0.016428703703703647
0 0.8495703124999999 0.5674768518518519 0.011880208333333305 0.015255555555555661
0 0.8211874999999998 0.5668898148148148 0.014520833333333271 0.018775925925925946
3 0.9505677083333334 0.48063703703703703 0.046208333333333344 0.0504611111111111
3 0.9211927083333333 0.6455152777777778 0.05742708333333333 0.08449351851851856
3 0.907 0.4577537037037037 0.03564583333333336 0.05632777777777784
3 0.8363697916666666 0.5346185185185185 0.06468750000000002 0.10913703703703709
3 0.35680651041666667 0.6707458333333334 0.0693109375 0.12087129629629635
3 0.11785052083333333 0.6554902777777778 0.054788541666666676 0.08566574074074075
3 0.03962864583333334 0.4160939814814815 0.04356666666666666 0.05515462962962964
3 0.17098854166666666 0.3855824074074074 0.03960624999999999 0.0504611111111111
