2 0.8541927083333334 0.3644597222222222 0.02904166666666666 0.059849074074074075
0 0.374959375 0.7112319444444445 0.01320208333333331 0.01877685185185185
0 0.3455846354166667 0.7065375 0.009901562499999983 0.021123148148148137
0 0.17626901041666668 0.3879296296296296 0.011881770833333357 0.012909259259259266
0 0.18187994791666667 0.40025138888888884 0.009901562499999983 0.0164287037037037
0 0.16207708333333332 0.401425 0.012541666666666658 0.014081481481481454
0 0.12775208333333332 0.657250462962963 0.011221875000000011 0.014082407407407358
0 0.12082083333333334 0.6766129629629629 0.019803124999999994 0.015255555555555555
0 0.8987473958333333 0.6355402777777778 0.019140625 0.01760277777777775
0 0.8489114583333333 0.5663032407407408 0.010562499999999985 0.017602777777777853
0 0.8201953125 0.5657166666666668 0.013859374999999948 0.018775925925925946
3 0.9588151041666666 0.47711620370370367 0.04026562499999997 0.05984907407407413
3 0.16933828125 0.3896902777777778 0.042906770833333316 0.05632870370370374
3 0.11653020833333333 0.6502092592592593 0.04818749999999999 0.08214629629629637
3 0.36307734375 0.6807208333333333 0.06600989583333329 0.12439166666666673
3 0.8357083333333333 0.529924537037037 0.06205208333333338 0.11148425925925928
3 0.9027083333333332 0.6091361111111111 0.04158333333333329 0.08449259259259266
