2 0.8545208333333334 0.35976527777777784 0.027062500000000017 0.059849074074074075
2 0.08220520833333333 0.706537962962963 0.03894583333333334 0.07275740740740738
0 0.3825502604166666 0.7194462962962963 0.013861979166666672 0.016429629629629655
0 0.3538359375 0.7147523148148148 0.010561458333333343 0.01877685185185185
0 0.02411627604166667 0.5082143518518518 0.009901510416666667 0.01642870370370375
0 0.013224635416666667 0.5264041666666667 0.015842395833333335 0.012908333333333258
0 0.0917765625 0.5821458333333334 0.013202083333333324 0.01642870370370375
0 0.06834296875 0.5897736111111112 0.013861979166666672 0.01760277777777775
0 0.1287421875 0.6554898148148149 0.010561458333333343 0.015255555555555555
0 0.12247135416666667 0.6730925925925927 0.02178333333333334 0.015255555555555555
0 0.9003984374999999 0.6220453703703703 0.021119791666666644 0.018775925925925946
0 0.8782864583333333 0.6108967592592593 0.012541666666666628 0.019949074074074143
0 0.8710260416666666 0.6232185185185186 0.012541666666666748 0.023470370370370332
0 0.9264713541666667 0.519362962962963 0.020463541666666647 0.012909259259259266
0 0.9277916666666667 0.5310981481481482 0.012541666666666748 0.015255555555555555
0 0.9442942708333334 0.5481138888888889 0.01122395833333331 0.016429629629629655
0 0.8492421875 0.5633694444444446 0.01122395833333331 0.016429629629629655
0 0.8205260416666665 0.5627828703703703 0.013197916666666623 0.017602777777777853
3 0.9198723958333334 0.5170157407407407 0.04026562499999997 0.05515555555555554
3 0.9442942708333334 0.5305111111111112 0.041588541666666735 0.06102222222222222
3 0.013884739583333333 0.5088013888888889 0.04092614583333333 0.05750277777777784
3 0.08088489583333332 0.5704106481481481 0.05214791666666666 0.05867499999999992
3 0.11620026041666666 0.6455152777777778 0.04884739583333332 0.08449351851851856
3 0.3719888020833333 0.687175 0.0640296875 0.12321851851851855
3 0.8343880208333334 0.529337962962963 0.06204687499999994 0.10796296296296298
3 0.89115625 0.6038555555555556 0.05940624999999997 0.08801296296296304
