2 0.8551822916666667 0.35800509259259256 0.029708333333333312 0.05867499999999998
0 0.8502317708333332 0.5616092592592593 0.011880208333333305 0.017601851851851844
0 0.8211848958333333 0.5621958333333333 0.011880208333333305 0.01642870370370375
3 0.8370286458333334 0.529337962962963 0.06469270833333335 0.11265740740740737
0 0.025436484375 0.5082148148148148 0.009901510416666667 0.018775925925925946
0 0.013884739583333335 0.5234699074074075 0.015842395833333335 0.014082407407407358
3 0.01454484375 0.5082143518518518 0.04092614583333333 0.05632870370370374
0 0.2673630208333333 0.6390611111111111 0.01320208333333331 0.01994999999999994
0 0.23864869791666668 0.6402347222222222 0.012542187499999979 0.01760277777777775
0 0.2171953125 0.4812236111111111 0.009241666666666681 0.014082407407407464
0 0.22346640625 0.4917856481481482 0.005941145833333354 0.01642870370370375
0 0.2063036458333333 0.49706620370370375 0.012541666666666658 0.015256481481481565
0 0.12907213541666668 0.6543166666666668 0.009901562500000013 0.015255555555555555
0 0.12280104166666667 0.6713324074074074 0.019803124999999994 0.01408148148148156
0 0.9225104166666666 0.6296731481481482 0.01782291666666668 0.019950000000000048
0 0.8984166666666666 0.617350925925926 0.01584375000000004 0.018775925925925946
3 0.1175203125 0.6431680555555556 0.047527083333333324 0.08214537037037035
3 0.20828411458333335 0.4859180555555556 0.03762552083333333 0.05163425925925925
3 0.25482109375 0.6144171296296297 0.06336927083333332 0.10913611111111118
3 0.9093098958333333 0.6026819444444446 0.05874479166666665 0.08331944444444446
