0 0.4224864583333333 0.48533101851851856 0.010561458333333343 0.012908333333333362
0 0.43535833333333335 0.49941296296296295 0.013862499999999993 0.015255555555555555
0 0.41720546875 0.49589259259259266 0.007921354166666698 0.015255555555555555
0 0.11421979166666668 0.676613425925926 0.010561458333333329 0.019949074074074036
0 0.10233802083333333 0.6924555555555557 0.021122916666666658 0.016429629629629655
0 0.39509244791666664 0.5352055555555555 0.009901562499999983 0.01877592592592584
0 0.3670380208333333 0.5428328703703704 0.01320208333333331 0.01760277777777775
0 0.6360286458333334 0.5516342592592592 0.009901041666666662 0.01642962962962955
0 0.69246875 0.5668902777777778 0.01584375000000004 0.014082407407407464
0 0.67134375 0.5533944444444444 0.011885416666666752 0.01994999999999994
0 0.8442890624999999 0.6302597222222222 0.01716145833333336 0.01642870370370375
0 0.8244869791666667 0.6214583333333333 0.009244791666666667 0.017601851851851844
3 0.6307473958333333 0.5181893518518519 0.052151041666666606 0.09974907407407411
3 0.8386770833333334 0.6138305555555554 0.04818749999999999 0.05867592592592593
3 0.6828958333333333 0.5410726851851853 0.05214583333333339 0.08214537037037035
3 0.4323880208333333 0.48885138888888896 0.03960624999999999 0.05515462962962969
3 0.3756192708333333 0.5211231481481482 0.05808854166666665 0.10092222222222226
3 0.10266822916666667 0.6642916666666666 0.04290625 0.08918703703703704
