2 0.8551822916666667 0.35800509259259256 0.029708333333333312 0.05867499999999998
0 0.8502317708333332 0.5616092592592593 0.011880208333333305 0.017601851851851844
0 0.8211848958333333 0.5621958333333333 0.011880208333333305 0.01642870370370375
3 0.8370286458333334 0.529337962962963 0.06469270833333335 0.11265740740740737
0 0.025436484375 0.5082148148148148 0.009901510416666667 0.018775925925925946
0 0.013884739583333335 0.5234699074074075 0.015842395833333335 0.014082407407407358
3 0.01454484375 0.5082143518518518 0.04092614583333333 0.05632870370370374
0 0.17461901041666666 0.5797986111111111 0.013861979166666672 0.016428703703703647
0 0.035998072916666665 0.6296731481481482 0.019142916666666666 0.015255555555555555
0 0.03797838541666666 0.6455152777777778 0.015182291666666665 0.01642870370370375
0 0.11917057291666666 0.5768652777777779 0.009901562499999997 0.01760277777777775
0 0.13138229166666665 0.5886 0.019803124999999994 0.017601851851851844
0 0.7776197916666666 0.5950546296296296 0.011885416666666752 0.018775925925925946
0 0.7564973958333333 0.607962962962963 0.018484375000000004 0.018775925925925946
3 0.76540625 0.5833189814814815 0.04818749999999999 0.08683981481481486
3 0.17461901041666666 0.5510476851851852 0.049507812500000005 0.11383055555555557
3 0.129071875 0.5663032407407408 0.04554687500000001 0.09036018518518524
3 0.035008046875000004 0.6226319444444445 0.04488703125 0.0668898148148148
