2 0.8551822916666667 0.35800509259259256 0.029708333333333312 0.05867499999999998
0 0.8502317708333332 0.5616092592592593 0.011880208333333305 0.017601851851851844
0 0.8211848958333333 0.5621958333333333 0.011880208333333305 0.01642870370370375
3 0.8370286458333334 0.529337962962963 0.06469270833333335 0.11265740740740737
0 0.025436484375 0.5082148148148148 0.009901510416666667 0.018775925925925946
3 0.01454484375 0.5082143518518518 0.04092614583333333 0.05632870370370374
0 0.013554687499999999 0.5246439814814815 0.015182291666666667 0.014082407407407464
0 0.16735807291666666 0.578625 0.013861979166666672 0.016429629629629655
0 0.15250546874999998 0.6519694444444444 0.011881770833333328 0.015255555555555555
0 0.16075677083333334 0.6637046296296296 0.008581249999999999 0.01994999999999994
0 0.13765338541666666 0.6678120370370371 0.013861979166666656 0.018775925925925946
0 0.11091927083333333 0.5768648148148149 0.010561458333333343 0.019950000000000048
0 0.12148098958333332 0.5897736111111112 0.01980260416666666 0.01760277777777775
0 0.7759687500000001 0.6062027777777779 0.016500000000000032 0.015255555555555555
0 0.7522057291666667 0.6120699074074074 0.013859374999999948 0.017602777777777853
3 0.16702786458333332 0.5492875 0.04752760416666666 0.11031018518518518
3 0.12181093750000001 0.5663032407407408 0.04290625 0.09036018518518524
3 0.14260416666666667 0.6531430555555556 0.046207291666666664 0.06454351851851851
3 0.7693671875 0.5903601851851852 0.05610937500000001 0.08449259259259266
