2 0.8551822916666667 0.35800509259259256 0.029708333333333312 0.05867499999999998
0 0.8502317708333332 0.5616092592592593 0.011880208333333305 0.017601851851851844
0 0.8211848958333333 0.5621958333333333 0.011880208333333305 0.01642870370370375
3 0.8370286458333334 0.529337962962963 0.06469270833333335 0.11265740740740737
0 0.025436484375 0.5082148148148148 0.009901510416666667 0.018775925925925946
3 0.01454484375 0.5082143518518518 0.04092614583333333 0.05632870370370374
0 0.013554687499999999 0.5246439814814815 0.015182291666666667 0.014082407407407464
0 0.26208203125 0.5170162037037038 0.011881770833333357 0.017602777777777853
0 0.03863846354166666 0.3838226851851852 0.007261093749999999 0.0164287037037037
0 0.020815781250000002 0.392037037037037 0.012541875000000001 0.014081481481481507
0 0.15613619791666666 0.6642916666666666 0.00858177083333332 0.016429629629629655
0 0.13897369791666667 0.6584240740740741 0.020463020833333328 0.011735185185185166
0 0.13831354166666668 0.6730925925925927 0.01650208333333333 0.015255555555555555
0 0.7829010416666667 0.5979884259259259 0.009239583333333337 0.01760277777777775
0 0.7630963541666667 0.6067893518518519 0.018484375000000004 0.016428703703703647
3 0.2577916666666667 0.49530601851851846 0.054788541666666676 0.1009212962962963
3 0.14128385416666667 0.6543166666666668 0.03960624999999999 0.069237037037037
3 0.02411627604166667 0.3803018518518519 0.03762567708333333 0.05163518518518515
3 0.76771875 0.5897736111111112 0.05016666666666675 0.07627870370370368
