2 0.8634322916666667 0.3527240740740741 0.02904166666666666 0.05750185185185183
0 0.36835833333333334 0.6807208333333333 0.01320208333333337 0.021123148148148137
0 0.33832369791666667 0.6836541666666667 0.013861979166666672 0.01760277777777775
0 0.34228411458333335 0.3685666666666667 0.0165026041666667 0.011735185185185218
0 0.34327421874999997 0.38147546296296303 0.011881770833333387 0.0164287037037037
0 0.14623463541666665 0.38264907407407406 0.011221354166666675 0.016429629629629603
0 0.13435312500000002 0.37150092592592593 0.008581250000000014 0.015255555555555555
0 0.22445651041666667 0.715925925925926 0.01320156249999999 0.018775925925925946
0 0.1997028645833333 0.715338888888889 0.011221354166666675 0.019950000000000048
0 0.18551067708333335 0.5070412037037036 0.00924114583333333 0.014082407407407358
0 0.1759390625 0.5234703703703704 0.01914270833333334 0.016429629629629655
0 0.8997369791666666 0.6214583333333333 0.02244270833333329 0.01994999999999994
0 0.8571614583333333 0.5551550925925927 0.01121874999999998 0.01877685185185185
0 0.8291067708333333 0.5539814814814814 0.013203124999999953 0.016429629629629655
3 0.8419817708333334 0.5211231481481482 0.06534895833333335 0.11265740740740743
3 0.9000677083333334 0.6026824074074075 0.04686458333333322 0.07393148148148149
3 0.3399739583333333 0.36739305555555557 0.034324999999999994 0.05163425925925925
3 0.14260416666666664 0.37502083333333336 0.036965624999999995 0.048113888888888914
3 0.17659921875 0.5005865740740741 0.04026614583333332 0.0833194444444444
3 0.21125468749999998 0.7012569444444445 0.05016770833333333 0.06219537037037031
3 0.3498755208333333 0.657837037037037 0.05808854166666665 0.10913703703703709
