0 0.05085039062499999 0.647275462962963 0.017162760416666666 0.019949074074074143
2 0.8627734375 0.3245601851851852 0.027723958333333344 0.05750185185185189
2 0.057781432291666664 0.6419949074074075 0.033665260416666655 0.061023148148148125
0 0.37957994791666666 0.7440902777777778 0.015842187499999955 0.01877685185185185
0 0.34723515625 0.34627037037037034 0.014522395833333352 0.011735185185185218
0 0.35119557291666664 0.3585916666666667 0.011881770833333328 0.015255555555555555
0 0.33139270833333334 0.3550712962962963 0.010561458333333343 0.015255555555555555
0 0.14095390625 0.617350925925926 0.012542187500000008 0.018775925925925946
0 0.14755494791666665 0.6302597222222222 0.009901562499999983 0.021123148148148137
0 0.12478151041666667 0.6326064814814816 0.01320156249999999 0.018775925925925946
0 0.2455796875 0.4759430555555555 0.009241666666666652 0.01525648148148146
0 0.2521807291666667 0.48357083333333334 0.009241666666666681 0.021123148148148137
0 0.23303776041666666 0.49061203703703704 0.018482812499999984 0.01642962962962955
0 0.8574921875 0.529924537037037 0.011880208333333305 0.01760277777777775
0 0.8284479166666666 0.5269907407407407 0.011885416666666633 0.018775925925925946
3 0.34162421875 0.34744351851851857 0.04290677083333338 0.049287037037037004
3 0.23633828125 0.46772870370370373 0.042246354166666666 0.08097222222222217
3 0.1330325520833333 0.6173513888888889 0.050827604166666665 0.06336944444444441
3 0.3752893229166666 0.7141657407407408 0.061389062500000036 0.11148333333333338
0 0.35383619791666665 0.735875925925926 0.007921354166666698 0.018775925925925946
3 0.8446197916666667 0.4982398148148149 0.06535416666666667 0.10913703703703703
