0 0.6406484375 0.34568333333333334 0.015182291666666596 0.012909259259259266
0 0.6690338541666667 0.4061189814814815 0.005942708333333376 0.03989907407407408
0 0.6515416666666667 0.37678101851851853 0.0066041666666667 0.0328583333333333
0 0.6422994791666666 0.3726740740740741 0.00792187500000002 0.038725925925925886
0 0.6056640625 0.39731805555555555 0.00461979166666661 0.041073148148148185
0 0.6373489583333334 0.3990782407407408 0.016500000000000032 0.0164287037037037
4 0.6380078124999999 0.38793009259259265 0.07063020833333328 0.10209537037037035
0 0.38156015624999995 0.4155069444444444 0.011881770833333328 0.014082407407407412
2 0.38783098958333334 0.4184407407407408 0.027064062499999982 0.05750185185185183
0 0.17362864583333332 0.8297564814814815 0.01320208333333334 0.01877592592592584
0 0.16933802083333335 0.8532268518518519 0.015182291666666684 0.018775925925925946
0 0.14491432291666667 0.8520532407407407 0.013861979166666672 0.021123148148148137
0 0.40268333333333334 0.7270745370370371 0.014521874999999972 0.01760277777777775
0 0.43403802083333337 0.6607708333333333 0.017822916666666622 0.01642870370370375
0 0.42017604166666667 0.5234699074074075 0.009901041666666721 0.014082407407407358
0 0.4330481770833334 0.5369657407407408 0.011881770833333328 0.015255555555555555
0 0.4139052083333334 0.5340319444444445 0.009241666666666681 0.016428703703703647
0 0.4677033854166667 0.578038425925926 0.007260937500000016 0.012908333333333258
0 0.4449299479166666 0.5633694444444446 0.007921354166666698 0.014081481481481454
0 0.44922057291666667 0.5803856481481482 0.009901562499999983 0.012908333333333362
0 0.8036953124999999 0.6918689814814815 0.009901041666666662 0.017602777777777853
0 0.7871927083333332 0.6818939814814815 0.012541666666666748 0.014082407407407358
0 0.7822395833333333 0.6953898148148148 0.010562499999999985 0.015255555555555555
0 0.39047161458333335 0.6150041666666667 0.009901562499999983 0.01642870370370375
0 0.3630776041666667 0.6167638888888889 0.010561458333333343 0.015255555555555555
3 0.3667080729166667 0.5252305555555556 0.033665104166666696 0.04342037037037038
3 0.4277671875 0.5240569444444445 0.040926041666666656 0.05280833333333335
3 0.45384114583333335 0.5680638888888889 0.04158645833333333 0.05398148148148144
3 0.3749591145833333 0.579212037037037 0.059408854166666636 0.10678888888888889
3 0.433378125 0.6326069444444445 0.037626041666666644 0.08214537037037035
3 0.4076341145833333 0.7094717592592592 0.03762552083333333 0.05984907407407413
3 0.1630671875 0.835624074074074 0.05280833333333336 0.0680629629629629
3 0.7924713541666667 0.6813074074074075 0.05082812499999995 0.06219629629629632
3 0.38420078124999996 0.5451800925925926 0.038285937500000006 0.07158425925925929
