0 0.32083125 0.39673101851851855 0.010561458333333343 0.014082407407407412
0 0.3267721354166666 0.4072925925925926 0.007921354166666639 0.014081481481481507
0 0.3072989583333333 0.40787962962962965 0.012541666666666628 0.015255555555555555
0 0.11322994791666667 0.676613425925926 0.009901562500000013 0.019949074074074036
0 0.10101796874999999 0.6936291666666667 0.02112343750000001 0.016428703703703647
0 0.44261953125000003 0.5880134259259259 0.013861979166666613 0.01642870370370375
0 0.6211770833333332 0.540486111111111 0.011885416666666633 0.015255555555555555
0 0.6660625000000001 0.5240569444444445 0.01584374999999992 0.01525648148148146
0 0.6469192708333333 0.5076277777777779 0.00792187500000002 0.01760185185185195
0 0.8687135416666666 0.5487009259259259 0.013197916666666623 0.015255555555555555
0 0.8462708333333334 0.5457671296296296 0.010562499999999985 0.016428703703703647
0 0.9310911458333333 0.38088888888888894 0.020463541666666647 0.015255555555555555
2 0.9297734375 0.37912824074074075 0.0257447916666667 0.04928796296296296
3 0.6135859375 0.5041074074074074 0.05082812500000008 0.10444259259259266
3 0.8571640625 0.5375523148148148 0.04554687500000002 0.06336944444444441
3 0.6614427083333333 0.49882638888888886 0.04224999999999994 0.07979907407407402
3 0.3155502604166667 0.3961439814814815 0.04092656249999997 0.048113888888888914
3 0.44294973958333334 0.5539814814814814 0.04884739583333329 0.10796296296296298
3 0.10134791666666666 0.6619444444444444 0.045546874999999994 0.09388148148148154
