0 0.6693645833333334 0.3650462962962963 0.01584375000000004 0.011735185185185166
0 0.698078125 0.42665555555555557 0.004625000000000057 0.04342037037037038
0 0.6819062499999999 0.3955578703703704 0.006604166666666581 0.03285833333333336
0 0.6703541666666666 0.3902763888888889 0.007260416666666695 0.03637870370370369
0 0.6343802083333333 0.4166810185185185 0.005281249999999934 0.03989907407407403
0 0.6667239583333334 0.4172675925925926 0.01584374999999992 0.015255555555555555
4 0.6667239583333334 0.4061194444444445 0.07261458333333325 0.10092222222222226
0 0.40961458333333334 0.43310972222222227 0.011221874999999966 0.014082407407407412
2 0.41687578124999997 0.4342833333333333 0.02706406250000004 0.05632777777777778
0 0.38849114583333333 0.5528078703703704 0.008581249999999999 0.014082407407407358
0 0.3812302083333333 0.7282476851851851 0.008581249999999999 0.019949074074074036
0 0.37528906250000005 0.7476106481481481 0.015182291666666655 0.01642870370370375
0 0.4254567708333333 0.7616925925925927 0.012541666666666687 0.018775925925925946
0 0.4459197916666666 0.7405699074074074 0.015182291666666655 0.014082407407407358
0 0.42842708333333335 0.7206199074074074 0.006601041666666655 0.01877685185185185
0 0.4960875 0.5340319444444445 0.008581249999999999 0.016428703703703647
0 0.4772747395833333 0.5346185185185185 0.010561979166666664 0.015255555555555555
0 0.49641744791666664 0.5950546296296296 0.007921354166666639 0.011735185185185166
0 0.47430416666666664 0.5803851851851852 0.008581249999999999 0.008214814814814776
0 0.47760494791666663 0.597987962962963 0.009901562499999983 0.015255555555555555
0 0.8340598958333333 0.7147523148148148 0.011223958333333428 0.016428703703703647
0 0.8159062499999999 0.7018435185185186 0.011885416666666633 0.011735185185185166
0 0.8116145833333333 0.715925925925926 0.01121874999999998 0.016429629629629655
0 0.4191859375 0.6331935185185185 0.010561458333333343 0.015255555555555555
0 0.39179166666666665 0.6349537037037037 0.011221875000000025 0.01642962962962955
3 0.5181997395833333 0.6396476851851851 0.04620468749999998 0.07979907407407406
3 0.4132450520833333 0.5592620370370371 0.03828593749999995 0.07393148148148149
3 0.48420572916666665 0.5240569444444444 0.04422708333333336 0.05515462962962964
3 0.48222552083333337 0.588012962962963 0.04158645833333333 0.05398148148148144
3 0.40268333333333334 0.6085495370370371 0.060729166666666674 0.09505462962962963
3 0.4416291666666667 0.7118185185185185 0.04356666666666662 0.08801296296296304
3 0.41291510416666666 0.7505444444444445 0.04554687500000002 0.06219629629629632
3 0.37165885416666666 0.7347023148148147 0.040926041666666656 0.06336944444444441
3 0.8221770833333333 0.7012569444444445 0.04951041666666664 0.06219537037037031
3 0.3964122395833333 0.5445935185185186 0.027064062499999982 0.03755185185185179
