0 0.6997291666666666 0.12388981481481483 0.02376041666666661 0.019950000000000006
0 0.7581458333333333 0.21953101851851853 0.0072604166666665765 0.06806388888888891
0 0.7188697916666666 0.17376435185185188 0.009239583333333337 0.056328703703703714
0 0.6980755208333334 0.1678962962962963 0.015182291666666714 0.06571666666666666
0 0.6782734374999999 0.1772847222222222 0.009901041666666662 0.058675000000000005
0 0.6422994791666667 0.21307685185185185 0.005276041666666605 0.05280740740740742
0 0.6993984375 0.2154236111111111 0.025744791666666583 0.02229722222222224
4 0.7003880208333333 0.1925402777777778 0.12409895833333344 0.16663796296296296
0 0.309609375 0.30050324074074075 0.023763541666666714 0.023469444444444428
2 0.31687057291666665 0.30285 0.04884739583333329 0.10092222222222226
0 0.6571510416666667 0.6601842592592593 0.013864583333333276 0.02699074074074072
0 0.6083046875 0.6642912037037038 0.019140625 0.025817592592592524
0 0.30663880208333333 0.5005870370370371 0.023103645833333353 0.019950000000000048
0 0.29772760416666666 0.5234699074074075 0.014521874999999972 0.021123148148148137
0 0.40664401041666665 0.7945509259259259 0.018482812499999984 0.018775925925925946
0 0.5429557291666666 0.8497060185185186 0.01122395833333331 0.025817592592592628
0 0.5109408854166666 0.864375 0.01980572916666663 0.02464444444444443
0 0.5317325520833334 0.7740148148148148 0.025743229166666735 0.022296296296296335
0 0.49113671875 0.7546518518518519 0.02112343750000001 0.028164814814814716
0 0.47298411458333334 0.4630342592592593 0.01254218749999995 0.022296296296296283
0 0.43865885416666667 0.4647949074074074 0.01782291666666668 0.021123148148148137
0 0.48354557291666667 0.5310976851851852 0.011221354166666645 0.01760277777777775
0 0.5000481770833333 0.5580888888888889 0.01782239583333336 0.019950000000000048
0 0.44922031249999994 0.6196981481481482 0.012541666666666687 0.025816666666666724
0 0.4036734375 0.6331935185185186 0.01782291666666668 0.02464444444444443
3 0.3125796875 0.499413425925926 0.05874895833333333 0.08331944444444446
3 0.37858984374999993 0.5211231481481482 0.06667031249999997 0.1337796296296296
3 0.45153072916666664 0.4466050925925926 0.07657187500000001 0.09036018518518524
3 0.5010388020833333 0.5393125 0.06337031250000003 0.09740092592592592
3 0.6294296875000001 0.6255657407407409 0.10099479166666671 0.18072037037037036
3 0.5076388020833333 0.7235537037037038 0.09373281250000005 0.1396481481481481
3 0.5162197916666666 0.8309300925925928 0.07128958333333332 0.11265648148148147
3 0.42578697916666663 0.7734277777777777 0.07393124999999999 0.10796296296296298
3 0.4132450520833333 0.5721708333333334 0.09901510416666669 0.18658796296296296
