0 0.8984192708333334 0.4741828703703703 0.01716145833333336 0.014082407407407412
0 0.8805963541666666 0.4683152777777778 0.009244791666666667 0.01642870370370375
0 0.8756458333333333 0.47887685185185186 0.01121874999999998 0.014081481481481507
0 0.09210651041666666 0.7922041666666667 0.012542187499999994 0.01642870370370375
0 0.7819114583333333 0.49765277777777783 0.01121874999999998 0.011735185185185166
0 0.7624375000000001 0.49178518518518527 0.0066041666666667 0.018775925925925946
0 0.20696380208333331 0.6754398148148149 0.013861979166666672 0.017601851851851844
0 0.9756484375 0.3450967592592593 0.01320312500000007 0.0164287037037037
2 0.21818567708333333 0.6754398148148149 0.03762552083333333 0.05984814814814812
2 0.9825807291666666 0.3468569444444445 0.029703124999999986 0.057502777777777785
3 0.11157942708333334 0.7611060185185186 0.06336927083333334 0.1067898148148148
3 0.8921484375000001 0.4536462962962963 0.04950520833333331 0.08566666666666665
3 0.7799296875 0.46772824074074076 0.04950520833333331 0.1020953703703704
3 0.23237760416666664 0.7217935185185186 0.06072916666666665 0.1056166666666667
