0 0.5660598958333334 0.37971527777777775 0.029703124999999986 0.0176027777777778
0 0.6350390625000001 0.49002546296296295 0.006598958333333253 0.08331944444444446
0 0.5904817708333333 0.43780416666666666 0.01122395833333331 0.06336944444444446
0 0.5657291666666667 0.43193657407407404 0.01452083333333339 0.07510462962962963
0 0.5429557291666666 0.4401509259259259 0.01122395833333331 0.07041111111111109
0 0.5007080729166666 0.4841578703703704 0.007260937500000016 0.05984907407407403
0 0.5673802083333332 0.48591759259259254 0.028385416666666666 0.023470370370370437
4 0.5673776041666667 0.4595138888888889 0.14588020833333334 0.2006703703703703
0 0.10728880208333334 0.5950541666666667 0.025744270833333333 0.025817592592592628
2 0.11620026041666665 0.5956412037037038 0.056768229166666656 0.12087129629629624
0 0.9673984375 0.972925925925926 0.038942708333333326 0.021129629629629783
0 0.9647578125 0.9952222222222223 0.024421874999999933 0.016425925925925934
0 0.32743203125 0.5469407407407408 0.014522395833333352 0.018775925925925946
0 0.3109296875 0.5698236111111111 0.021122916666666686 0.01760277777777775
0 0.7132578125 0.6015087962962963 0.015182291666666596 0.019949074074074143
0 0.7327343749999999 0.6273259259259258 0.021125000000000088 0.024644444444444538
0 0.6987369791666665 0.617937962962963 0.009901041666666662 0.01994999999999994
0 0.08154505208333335 0.5921203703703704 0.012542187499999994 0.02229629629629623
0 0.031707447916666666 0.6138305555555555 0.014522187499999999 0.025816666666666724
0 0.0653725 0.6167638888888889 0.03300499999999999 0.02699074074074072
0 0.4053239583333333 0.766387037037037 0.03036458333333331 0.018775925925925946
0 0.40895442708333335 0.7916175925925927 0.020463020833333328 0.026990740740740825
0 0.31456015625 0.8626148148148148 0.013861979166666672 0.018775925925925946
0 0.3333729166666667 0.8925393518518518 0.021122916666666686 0.024643518518518526
0 0.27330390625 0.9664722222222222 0.011881770833333328 0.03168518518518521
0 0.21851562499999996 0.9846574074074075 0.019803124999999994 0.028166666666666736
3 0.06438234375 0.5739310185185186 0.0891134375 0.15255648148148146
3 0.309609375 0.5445935185185186 0.06468958333333337 0.09153333333333344
3 0.96871875 0.97175 0.07722916666666665 0.12438888888888892
3 0.7294322916666667 0.6062027777777779 0.07392708333333337 0.11148333333333327
3 0.39938307291666664 0.7663870370370371 0.06865052083333338 0.10796296296296298
3 0.33469322916666666 0.8720050925925926 0.07525104166666666 0.11500833333333339
3 0.23072760416666663 0.9072101851851853 0.11683749999999996 0.20654259259259253
