0 0.9116197916666666 0.38147546296296303 0.018479166666666675 0.0164287037037037
2 0.9099713541666666 0.37854166666666667 0.024421874999999933 0.05984814814814812
0 0.021805937499999997 0.5897731481481481 0.01584239583333333 0.015255555555555555
0 0.025766510416666666 0.6044425925925926 0.014522187499999999 0.01642962962962955
0 0.003983255208333333 0.6032689814814816 0.010561614583333332 0.01642870370370375
0 0.40499375 0.4219615740740741 0.009901041666666662 0.01525648148148146
0 0.41093489583333326 0.431349537037037 0.008581249999999999 0.01994907407407409
0 0.4360184895833333 0.6020953703703704 0.013861979166666672 0.018775925925925946
0 0.4604421875 0.5938810185185185 0.007261458333333337 0.01642870370370375
0 0.11223958333333334 0.6772 0.011882291666666678 0.016429629629629655
0 0.12148098958333334 0.6877615740740741 0.00924114583333333 0.021123148148148137
0 0.09738749999999999 0.6936291666666667 0.019142708333333328 0.01877685185185185
0 0.6680442708333333 0.5322712962962963 0.017161458333333237 0.015255555555555555
0 0.6502213541666666 0.5170157407407407 0.00792187500000002 0.015255555555555555
0 0.6191979166666667 0.5393125 0.010562499999999985 0.01760277777777775
0 0.7855416666666666 0.5217101851851851 0.009239583333333337 0.015255555555555555
0 0.7921432291666667 0.5381388888888889 0.013203124999999953 0.015255555555555555
0 0.39146171875 0.43545694444444444 0.011881770833333328 0.0164287037037037
3 0.612265625 0.5 0.053468750000000044 0.10796296296296294
3 0.018175390625 0.5938810185185185 0.04026609375 0.05632870370370363
3 0.10134791666666668 0.6648782407407408 0.04950729166666667 0.08566574074074075
3 0.3993828125 0.4219615740740741 0.04092604166666671 0.05280833333333335
3 0.4379986979166666 0.5663032407407408 0.05346822916666666 0.10913611111111118
3 0.6640833333333334 0.5076277777777779 0.043562499999999935 0.07627777777777778
3 0.7967630208333333 0.5264041666666667 0.042244791666666615 0.05515462962962964
