0 0.4779348958333333 0.4237217592592593 0.040926041666666656 0.028163888888888867
0 0.5812395833333334 0.5950546296296296 0.007260416666666695 0.07745185185185177
0 0.5132502604166667 0.509387962962963 0.013861979166666672 0.09388148148148154
0 0.47562447916666667 0.5129083333333334 0.017822916666666622 0.0844925925925926
0 0.4416294270833333 0.5123217592592593 0.015842187499999955 0.09740092592592592
0 0.37957994791666666 0.5915337962962964 0.007921354166666698 0.058675000000000026
0 0.47958489583333336 0.5815592592592593 0.04290625 0.0340314814814815
4 0.47958515625 0.5451800925925926 0.21717343749999998 0.2922046296296297
0 0.5488958333333332 0.854987037037037 0.044229166666666646 0.015255555555555555
0 0.5472447916666667 0.8890189814814815 0.03036458333333331 0.03637870370370369
0 0.7538567708333334 0.6725060185185185 0.02904687499999999 0.03520462962962959
0 0.7218411458333333 0.6343666666666666 0.01650520833333336 0.02699074074074072
0 0.7036901041666667 0.6619444444444446 0.011880208333333305 0.0328574074074074
3 0.22247604166666665 0.9823101851851852 0.09109375000000001 0.11265740740740748
0 0.6040130208333333 0.7869236111111112 0.011880208333333305 0.041073148148148185
0 0.5571484375 0.7769481481481482 0.04356770833333326 0.03051111111111111
3 0.7469270833333332 0.6419949074074074 0.10363541666666667 0.15490277777777775
3 0.55945703125 0.7405699074074074 0.10759635416666669 0.23000833333333334
3 0.55186484375 0.8667231481481481 0.1056140625 0.13260925925925923
