0 0.48486588541666664 0.3791282407407407 0.03366510416666664 0.025817592592592576
0 0.5644088541666666 0.5211231481481482 0.006598958333333371 0.0657166666666666
0 0.5115997395833334 0.4466050925925926 0.011881770833333328 0.07158425925925929
0 0.483215625 0.4518861111111111 0.015842708333333278 0.06337037037037031
0 0.4568114583333333 0.4507125 0.01320208333333331 0.07745092592592587
0 0.4082942708333333 0.5134953703703704 0.007261458333333337 0.04107222222222228
0 0.4858559895833333 0.5029333333333333 0.03432552083333338 0.026990740740740825
4 0.4855265625 0.4753564814814815 0.1656864583333333 0.23235555555555554
0 0.6786041666666667 0.8720027777777777 0.026406250000000023 0.0352055555555556
0 0.6343776041666667 0.8532268518518519 0.011880208333333423 0.03051111111111111
0 0.5951015625 0.8461856481481481 0.01650520833333336 0.030512037037037015
0 0.5455963541666667 0.854400462962963 0.02442187500000005 0.0328583333333333
0 0.36835833333333334 0.6296731481481482 0.014521874999999972 0.02699074074074072
0 0.31257994791666666 0.6015087962962963 0.01650260416666664 0.022297222222222135
0 0.32776223958333334 0.6314333333333333 0.020463020833333328 0.018775925925925946
0 0.5459244791666668 0.7082981481481482 0.03696354166666668 0.015255555555555555
0 0.54559375 0.735875462962963 0.03762500000000006 0.032858333333333406
0 0.29970781250000006 0.8274097222222222 0.033005208333333334 0.021123148148148137
0 0.3030083333333334 0.8579208333333334 0.021122916666666627 0.02816388888888892
0 0.26472265625 0.8426652777777779 0.010561979166666693 0.02816388888888892
0 0.192771875 0.9400648148148149 0.017162499999999997 0.02581481481481481
0 0.215875 0.9752685185185185 0.023763541666666683 0.028166666666666736
3 0.3366734375 0.6026819444444446 0.08449270833333333 0.1067898148148148
3 0.095076953125 0.9564944444444446 0.13598046875 0.1642888888888889
3 0.6693619791666666 0.8362106481481483 0.09901562500000007 0.13260648148148152
3 0.56506875 0.8279962962962963 0.10825833333333328 0.1396481481481481
3 0.54559453125 0.6865879629629631 0.08911302083333326 0.1689851851851852
3 0.2944270833333333 0.8291694444444444 0.08449270833333333 0.1302592592592592
3 0.21785572916666668 0.9429986111111112 0.08449270833333333 0.11852129629629635
