0 0.48651614583333336 0.3726740740740741 0.033005208333333334 0.022296296296296335
0 0.5630885416666667 0.5082143518518518 0.0066041666666667 0.06336944444444441
0 0.5125901041666666 0.440150925925926 0.011221875000000025 0.07275740740740744
0 0.4855260416666667 0.4436712962962963 0.015182291666666655 0.05867592592592593
0 0.45978203125 0.4401513888888889 0.012542187500000008 0.07510462962962958
0 0.41390520833333333 0.5023467592592593 0.006601041666666655 0.03989907407407408
0 0.4878361979166667 0.4923722222222222 0.03300468750000001 0.02699074074074072
4 0.48849583333333335 0.4647944444444445 0.1623833333333333 0.2206203703703704
0 0.6320703124999999 0.8291694444444444 0.009901041666666662 0.038725925925925886
0 0.6736536458333333 0.8491194444444444 0.024421874999999933 0.02933703703703701
0 0.5498854166666667 0.8590944444444445 0.011885416666666752 0.0352055555555555
0 0.5053289062499999 0.8708291666666667 0.024423437500000016 0.032858333333333406
0 0.02213598958333333 0.6455152777777778 0.03366510416666667 0.01877685185185185
0 0.028406927083333332 0.6730925925925927 0.025083750000000005 0.02699074074074072
0 0.5789296875000001 0.7235537037037039 0.010557291666666658 0.0340314814814815
0 0.5409739583333334 0.7194467592592594 0.0363020833333333 0.021123148148148137
0 0.53965625 0.7505444444444445 0.037625000000000006 0.02933703703703701
0 0.30795911458333336 0.8056995370370371 0.033665104166666696 0.02229722222222224
0 0.3109294270833333 0.8350375000000001 0.022443229166666672 0.029337962962962913
0 0.2752841145833333 0.8191949074074074 0.00924114583333336 0.02816388888888881
0 0.20531354166666665 0.9101416666666666 0.015842708333333337 0.022296296296296335
0 0.22808697916666668 0.9471064814814815 0.02574375 0.028157407407407378
3 0.11256963541666666 0.9429990740740741 0.12739927083333333 0.19127962962962963
3 0.02114583333333333 0.647275925925926 0.08449270833333333 0.1044425925925926
3 0.2251166666666667 0.9207055555555557 0.0831729166666667 0.12557037037037047
3 0.30102812500000004 0.8045259259259259 0.07525104166666668 0.12087222222222226
3 0.5426252604166667 0.6842412037037038 0.08713489583333332 0.18776203703703695
3 0.5165505208333333 0.8367972222222222 0.09703437500000002 0.12673888888888882
3 0.6644140625 0.8133273148148148 0.09175520833333337 0.12673981481481483
