0 0.4858559895833333 0.3709138888888889 0.031684895833333296 0.018775925925925946
0 0.5630859375 0.5070412037037038 0.00792187500000002 0.061023148148148125
0 0.5122598958333333 0.43663055555555563 0.009241666666666622 0.06806296296296295
0 0.4851958333333333 0.4442583333333333 0.014521875000000031 0.05750185185185189
0 0.4604421875 0.4395643518518519 0.012541666666666687 0.07393055555555558
0 0.41291484375000004 0.5017601851851853 0.007260937500000016 0.038725925925925886
0 0.48651614583333336 0.4900250000000001 0.033005208333333334 0.02699074074074072
4 0.4875057291666666 0.45892731481481486 0.16436354166666664 0.21827314814814816
0 0.6729947916666668 0.8485324074074074 0.024427083333333263 0.03051111111111111
0 0.6314088541666666 0.8297564814814815 0.01122395833333331 0.0352055555555556
0 0.5970833333333334 0.8725898148148148 0.012541666666666748 0.0340314814814815
0 0.5515364583333333 0.8896055555555555 0.02442708333333338 0.025816666666666724
0 0.05910166666666666 0.8561601851851852 0.020463333333333337 0.02699074074074072
0 0.07626432291666667 0.8890185185185185 0.027064062499999996 0.03168518518518521
0 0.5231526041666666 0.8092199074074075 0.009903125000000006 0.03403240740740741
0 0.480575 0.8303430555555557 0.03696562500000002 0.02933796296296302
0 0.3072989583333333 0.805112962962963 0.03234479166666671 0.023470370370370437
0 0.3112596354166667 0.8356240740740741 0.021782812499999988 0.03051111111111111
0 0.275284375 0.8197819444444445 0.010561458333333284 0.029337962962962913
0 0.20630364583333333 0.9101421296296297 0.015182291666666655 0.02933796296296302
0 0.22577682291666665 0.9453472222222222 0.025083854166666666 0.029342592592592538
3 0.11091947916666667 0.9465194444444445 0.12277875 0.18423888888888895
3 0.6647421874999999 0.8098069444444445 0.09241145833333336 0.1337805555555555
3 0.5640778645833334 0.8567467592592594 0.09835468750000001 0.12908611111111112
3 0.48585651041666666 0.775775 0.09373489583333333 0.18541481481481487
3 0.30201822916666665 0.8062865740740741 0.07855208333333333 0.11735092592592596
3 0.22577682291666668 0.9207023148148149 0.08185260416666669 0.1279101851851852
3 0.08352528645833333 0.8596810185185185 0.08383276041666668 0.12791203703703702
