0 0.4851958333333333 0.37091342592592597 0.03168437500000003 0.021123148148148137
0 0.5627578124999999 0.5064546296296296 0.007265625000000024 0.06219629629629632
0 0.5119299479166667 0.4348699074074074 0.012542187500000008 0.0668898148148148
0 0.45879192708333333 0.43839074074074075 0.010561979166666664 0.07158333333333329
0 0.41225494791666667 0.501173611111111 0.007260937500000016 0.0352046296296297
0 0.48618593750000005 0.4894384259259259 0.03234479166666665 0.02816388888888892
0 0.30729921875 0.8051125000000001 0.03366510416666664 0.021123148148148137
0 0.309609375 0.833863425925926 0.02244374999999999 0.029337962962962913
0 0.2729736979166667 0.8180212962962963 0.009901562499999983 0.028164814814814823
0 0.2033333333333333 0.9107287037037037 0.017162499999999997 0.025816666666666724
0 0.22544661458333332 0.9453472222222222 0.024423437499999985 0.03402777777777767
3 0.2993778645833334 0.8039393518518518 0.08647343750000003 0.12204537037037035
3 0.22577682291666668 0.9171814814814815 0.08185260416666669 0.12556296296296293
3 0.11422 0.9429990740740741 0.12937979166666666 0.19127962962962963
4 0.48651666666666665 0.4595138888888889 0.16370625000000003 0.2241407407407408
0 0.5181997395833333 0.804525925925926 0.01055885416666668 0.036379629629629595
0 0.4792549479166666 0.8303430555555557 0.03960572916666667 0.02933796296296302
0 0.6528619791666666 0.8227157407407408 0.02376562499999994 0.023470370370370332
0 0.6888359375 0.8514662037037037 0.021786458333333297 0.031684259259259204
0 0.6389973958333334 0.8526398148148149 0.017161458333333237 0.026990740740740825
0 0.6030234374999999 0.8649620370370371 0.008578125000000015 0.0352055555555555
0 0.5624270833333334 0.8837379629629629 0.025083333333333374 0.028164814814814823
3 0.48123541666666664 0.774601388888889 0.09241458333333336 0.18072129629629627
3 0.5680390625 0.8479458333333334 0.09043229166666666 0.12791203703703713
3 0.6706822916666667 0.8238888888888889 0.10561458333333332 0.1384740740740741
0 0.48453593749999996 0.4424981481481482 0.01320208333333331 0.05867592592592593
