0 0.9482552083333333 0.4202013888888889 0.01782291666666668 0.014082407407407412
2 0.9452864583333332 0.4237217592592593 0.026406250000000023 0.056328703703703686
0 0.015534979166666666 0.7100583333333335 0.021783270833333333 0.016429629629629655
2 0.017845346354166666 0.7053643518518519 0.029044411458333332 0.05632870370370374
0 0.07329374999999999 0.5557421296296297 0.009241666666666667 0.01760277777777775
0 0.08121484375 0.5651296296296295 0.007921354166666669 0.015255555555555555
0 0.06372239583333333 0.5668902777777779 0.015182291666666662 0.01642870370370375
0 0.30531874999999997 0.864375 0.008581249999999999 0.017601851851851844
0 0.29574713541666664 0.8790439814814816 0.014522395833333293 0.01642870370370375
0 0.24491953125 0.5721708333333334 0.00924114583333333 0.012908333333333258
0 0.24161927083333332 0.5856662037037037 0.01320208333333334 0.014082407407407464
0 0.22478671875 0.5839060185185185 0.009901562500000013 0.01525648148148146
0 0.3538359375 0.7470240740740741 0.009241666666666622 0.01994999999999994
0 0.3297421875 0.755825 0.015182291666666655 0.01877592592592584
0 0.19376197916666668 0.6384740740740741 0.012541666666666658 0.018775925925925946
0 0.17098854166666666 0.6437546296296297 0.017162499999999997 0.015255555555555555
0 0.813265625 0.578038425925926 0.017166666666666684 0.01525648148148146
0 0.8030338541666665 0.5610226851851852 0.009901041666666662 0.016428703703703647
0 0.6452682291666666 0.5316847222222222 0.009901041666666662 0.014082407407407358
0 0.6317369791666666 0.5264041666666667 0.013203124999999953 0.012908333333333258
0 0.6281067708333334 0.5381393518518518 0.009901041666666662 0.012908333333333258
0 0.9842291666666666 0.6026819444444446 0.010562499999999985 0.017602777777777853
0 0.6191953125 0.638474074074074 0.006598958333333371 0.016429629629629655
0 0.5954322916666667 0.6443416666666667 0.010562499999999985 0.01642962962962955
3 0.06768276041666665 0.5539814814814814 0.0363053125 0.04928703703703705
3 0.23699843750000002 0.5756912037037037 0.035645833333333335 0.05280833333333335
3 0.29607734374999994 0.8649615740740741 0.03894635416666663 0.06336944444444452
3 0.3356833333333333 0.7329421296296297 0.050828125000000016 0.1020953703703703
3 0.18187994791666667 0.6273259259259258 0.046867187500000004 0.069237037037037
3 0.8145859375000001 0.558675462962963 0.042244791666666615 0.07275833333333329
3 0.6360286458333333 0.5275777777777778 0.036307291666666686 0.05046111111111116
3 0.6030234374999999 0.6196981481481482 0.05082812499999995 0.08918703703703694
3 0.9974348958333333 0.5997481481481481 0.04224479166666673 0.06102222222222222
