0 0.6452708333333333 0.23361296296296297 0.005937499999999929 0.018775925925925894
4 0.6485703125000001 0.23830694444444442 0.02442187500000005 0.03755277777777777
0 0.5594557291666666 0.7581722222222222 0.019140625 0.0352055555555555
2 0.54559375 0.7517180555555556 0.04818749999999999 0.09740092592592592
0 0.3294122395833334 0.5381388888888889 0.011881770833333328 0.015255555555555555
0 0.3043286458333333 0.557501851851852 0.009241666666666681 0.016429629629629655
0 0.32710208333333335 0.5575018518518519 0.012541666666666687 0.018775925925925946
0 0.8528697916666667 0.677787037037037 0.01452083333333339 0.015255555555555555
0 0.8743255208333333 0.7147523148148148 0.015182291666666596 0.016428703703703647
0 0.84825 0.6959759259259259 0.011885416666666633 0.023470370370370332
0 0.37165885416666666 0.450712962962963 0.006601041666666655 0.011735185185185218
0 0.36868828124999997 0.4624476851851852 0.009901562499999983 0.011734259259259208
0 0.44856041666666663 0.4665546296296297 0.005940624999999974 0.015255555555555503
0 0.43304791666666664 0.4759430555555556 0.010561458333333343 0.012908333333333362
0 0.40862447916666667 0.5569152777777777 0.01320208333333331 0.017602777777777853
0 0.38684114583333334 0.5627824074074075 0.01320208333333331 0.015255555555555555
0 0.6429609375 0.3163458333333333 0.006598958333333253 0.010562037037037073
0 0.6518723958333332 0.322799537037037 0.009901041666666662 0.009387962962962973
0 0.6406510416666666 0.322212962962963 0.007260416666666695 0.008214814814814828
0 0.7188697916666666 0.27409907407407413 0.010562499999999985 0.008214814814814828
0 0.7168906249999999 0.2817273148148148 0.00791666666666669 0.00938796296296292
0 0.8637630208333335 0.4964791666666667 0.005942708333333376 0.014082407407407464
0 0.850890625 0.4894384259259259 0.01584375000000004 0.011734259259259262
0 0.8472604166666666 0.5005865740740741 0.01121874999999998 0.012908333333333362
0 0.7234921875 0.3820625 0.009244791666666667 0.012908333333333362
0 0.7406536458333334 0.38910324074074076 0.00792187500000002 0.01290833333333331
3 0.32116119791666664 0.5487009259259259 0.04950781250000003 0.07393148148148149
3 0.3670380208333333 0.45716666666666667 0.029044791666666646 0.03872592592592599
3 0.861453125 0.6942157407407407 0.05940624999999997 0.07627777777777778
3 0.4360184895833334 0.4589273148148148 0.033665104166666696 0.07979907407407402
3 0.39641250000000006 0.5445935185185186 0.04686666666666669 0.07275740740740749
3 0.8512213541666667 0.490025 0.0323489583333334 0.0504611111111111
3 0.7205208333333334 0.2729259259259259 0.01782291666666668 0.02699074074074072
3 0.7320755208333334 0.3750212962962963 0.03300520833333328 0.05750185185185189
3 0.6479114583333333 0.31458564814814816 0.02310416666666673 0.0328583333333333
