0 0.9037005208333333 0.4202013888888889 0.017161458333333237 0.0164287037037037
2 0.9027083333333333 0.42313518518518517 0.02310416666666673 0.05280740740740739
0 0.07527395833333334 0.509387962962963 0.009241666666666667 0.01642962962962955
0 0.059101562499999996 0.5134953703703704 0.012541666666666666 0.012909259259259266
0 0.28617578125 0.8989939814814815 0.013861979166666672 0.021123148148148245
0 0.12544166666666667 0.638474074074074 0.009241666666666667 0.016429629629629655
0 0.11058932291666666 0.6355402777777778 0.01782239583333333 0.012908333333333362
0 0.10695885416666666 0.6478625 0.013202083333333324 0.016428703703703647
0 0.3297424479166667 0.7317680555555557 0.007260937500000016 0.017602777777777853
0 0.30597890625 0.7440902777777779 0.013861979166666672 0.01642870370370375
0 0.19178177083333334 0.6560768518518518 0.008581249999999999 0.018775925925925946
0 0.17428880208333333 0.6513828703703705 0.018482812499999984 0.014082407407407358
0 0.17362890625 0.6654652777777778 0.018482812499999984 0.014082407407407464
0 0.7921406249999999 0.5610226851851852 0.009239583333333337 0.014082407407407464
0 0.8056744791666667 0.5751046296296297 0.01650520833333336 0.016429629629629655
0 0.7855390625 0.5709976851851852 0.007921874999999901 0.01760277777777775
0 0.7426354166666668 0.5246435185185185 0.009239583333333337 0.01642962962962955
0 0.7294322916666667 0.51995 0.01452083333333339 0.01173518518518527
0 0.7251432291666667 0.5305115740740741 0.009901041666666662 0.014082407407407464
0 0.9442942708333334 0.6725060185185184 0.008578125000000015 0.021123148148148137
0 0.9271328125 0.6736796296296297 0.019140625 0.016429629629629655
0 0.9251510416666666 0.6901087962962963 0.013864583333333276 0.016428703703703647
0 0.574640625 0.8831513888888889 0.008583333333333342 0.01760277777777775
0 0.6389973958333334 0.5575023148148148 0.011880208333333305 0.014082407407407358
3 0.06438247395833334 0.5035208333333333 0.040266302083333344 0.05163425925925925
3 0.2802348958333333 0.8860847222222222 0.04290625 0.05632870370370374
3 0.3112596354166667 0.7176861111111111 0.046867187500000004 0.09974814814814821
3 0.17692942708333337 0.6414078703703703 0.042246354166666666 0.07627870370370368
3 0.11653020833333333 0.6308462962962964 0.04290625 0.05750185185185183
3 0.6422994791666666 0.5375523148148148 0.04620312500000002 0.07745092592592598
3 0.7353723958333334 0.5176027777777777 0.03696354166666668 0.05398148148148144
3 0.8020442708333333 0.557501851851852 0.04489062500000003 0.07041111111111109
3 0.9324140625 0.6719189814814815 0.041588541666666735 0.0715842592592592
3 0.5845416666666667 0.884325 0.03894791666666665 0.05046111111111116
