0 0.8763072916666667 0.4213745370370371 0.017822916666666563 0.014082407407407412
2 0.8756458333333333 0.4254819444444444 0.021781250000000085 0.05515462962962959
0 0.18452057291666665 0.4483652777777778 0.009901562500000013 0.014082407407407412
0 0.16801796875000002 0.44836574074074076 0.009901562500000013 0.016429629629629655
0 0.2858455729166666 0.8825643518518519 0.011881770833333328 0.01877685185185185
0 0.28056484375 0.9001671296296297 0.015842187500000014 0.01877685185185185
0 0.07461406250000001 0.6654648148148148 0.010561458333333329 0.011735185185185166
0 0.07362369791666667 0.6789601851851853 0.012542187499999994 0.015255555555555555
0 0.05448083333333333 0.6818939814814815 0.01122166666666667 0.01642870370370375
0 0.32182109375 0.7564120370370371 0.007260937499999957 0.01994999999999994
0 0.30003776041666663 0.7681472222222222 0.013861979166666672 0.01994999999999994
0 0.15679635416666665 0.7047777777777777 0.011221874999999996 0.019950000000000048
0 0.16372734374999998 0.715338888888889 0.011881770833333328 0.019950000000000048
0 0.7921432291666667 0.5604356481481482 0.011880208333333305 0.01760277777777775
0 0.807984375 0.5739310185185186 0.017166666666666684 0.016428703703703647
0 0.7862005208333334 0.5727574074074074 0.007921874999999901 0.018775925925925946
0 0.7469244791666666 0.5082148148148148 0.009901041666666662 0.011735185185185166
0 0.7525364583333333 0.520536574074074 0.011885416666666633 0.012908333333333362
0 0.8782864583333333 0.8532263888888889 0.012541666666666628 0.021123148148148137
0 0.8693749999999999 0.8661351851851853 0.009239583333333337 0.018775925925925946
0 0.5736510416666666 0.883737962962963 0.010562499999999985 0.018775925925925946
0 0.62546875 0.559262037037037 0.012541666666666748 0.015255555555555555
3 0.1759390625 0.44484537037037036 0.03498541666666668 0.042246296296296275
3 0.06636263020833333 0.6719189814814815 0.041586197916666665 0.04811388888888886
3 0.14755494791666665 0.6930425925925926 0.04950781250000002 0.08097222222222226
3 0.3036684895833333 0.7435037037037037 0.047527604166666626 0.09974814814814811
3 0.27759453125 0.8860847222222222 0.04158593749999998 0.05632870370370374
3 0.8868671874999999 0.8573337962962962 0.04950520833333331 0.06688981481481492
3 0.8017135416666666 0.557501851851852 0.0442291666666667 0.07041111111111109
3 0.7548463541666667 0.5111486111111111 0.03498437500000004 0.05515462962962964
3 0.6241458333333334 0.5375523148148149 0.04158333333333329 0.07510462962962969
3 0.5848723958333333 0.884325 0.03828645833333333 0.05046111111111116
