0 0.8340572916666665 0.4202013888888889 0.01782291666666668 0.014082407407407412
2 0.8337291666666666 0.420787962962963 0.02112499999999997 0.05280740740740739
0 0.16372734374999998 0.686587962962963 0.00924114583333333 0.01642962962962955
0 0.16999817708333334 0.6948027777777778 0.007260937500000016 0.016429629629629655
0 0.15415598958333335 0.7006703703703704 0.013861979166666642 0.014081481481481454
0 0.2950872395833333 0.8761101851851852 0.011881770833333387 0.01994999999999994
0 0.2739638020833334 0.8778703703703704 0.011881770833333328 0.018775925925925946
0 0.33172265625 0.7176865740740741 0.012542187500000008 0.01760277777777775
0 0.1459046875 0.7077115740740741 0.01320208333333331 0.014082407407407358
0 0.15184557291666667 0.7153393518518519 0.011881770833333328 0.012908333333333362
0 0.8013828125 0.5756912037037037 0.013203124999999953 0.01760277777777775
0 0.7825703124999999 0.5645430555555556 0.013859374999999948 0.014082407407407464
0 0.778609375 0.578038425925926 0.012541666666666628 0.017602777777777853
0 0.7017083333333333 0.5381388888888889 0.011885416666666752 0.015255555555555555
0 0.6528619791666666 0.7986587962962963 0.011880208333333423 0.01760277777777775
0 0.6330572916666666 0.7886837962962964 0.009239583333333337 0.016428703703703647
0 0.9235026041666666 0.8608541666666667 0.013203124999999953 0.01760277777777775
0 0.9307630208333334 0.8790439814814816 0.014526041666666718 0.014082407407407358
0 0.7607864583333334 0.6830675925925925 0.012541666666666628 0.016429629629629655
0 0.7360338541666667 0.6736796296296297 0.00792187500000002 0.016429629629629655
3 0.9343932291666666 0.864375 0.04554687500000002 0.06219629629629632
3 0.15745625000000002 0.6877615740740741 0.032344791666666685 0.046939814814814865
3 0.28683593749999997 0.8643750000000001 0.049507291666666654 0.06454259259259261
3 0.3247916666666666 0.6930425925925926 0.05016770833333333 0.09740185185185182
3 0.13534296875 0.6942157407407407 0.048847395833333335 0.07627777777777778
3 0.7558385416666666 0.6560768518518518 0.05544791666666669 0.08214629629629637
3 0.7017083333333334 0.5234699074074075 0.02904166666666666 0.05163425925925925
3 0.644609375 0.7822291666666668 0.04290624999999994 0.06219537037037042
3 0.7908203125 0.5604356481481482 0.047526041666666664 0.07393055555555558
