0 0.8871953124999999 0.4178541666666667 0.01716145833333336 0.014082407407407412
2 0.8848854166666666 0.42313518518518517 0.02310416666666673 0.05280740740740739
0 0.16075703125000002 0.6795472222222223 0.009901562499999983 0.016429629629629655
0 0.15316562499999997 0.6912819444444445 0.01320208333333334 0.014082407407407358
0 0.31753046875 0.894299537037037 0.011881770833333387 0.01877685185185185
0 0.29739765625000003 0.8978199074074075 0.013861979166666672 0.01642870370370375
0 0.06240208333333334 0.6226314814814815 0.012541666666666666 0.015255555555555555
0 0.043919270833333336 0.6243921296296296 0.008581249999999999 0.014082407407407358
0 0.33205286458333333 0.7000837962962964 0.011881770833333328 0.01760277777777775
0 0.30597890625 0.6983231481481481 0.009901562499999983 0.018775925925925946
0 0.14524453125 0.7065379629629629 0.011881770833333328 0.014081481481481454
0 0.1515153645833333 0.717099537037037 0.009901562500000013 0.014082407407407358
0 0.13105234375 0.7194462962962963 0.020463020833333328 0.016429629629629655
0 0.7842213541666666 0.5733444444444444 0.009244791666666667 0.015255555555555555
0 0.8000651041666667 0.5856662037037037 0.017161458333333237 0.016428703703703647
0 0.7789401041666667 0.5839060185185185 0.00792187500000002 0.019949074074074036
0 0.7083098958333333 0.5023467592592593 0.006598958333333371 0.014082407407407464
0 0.6937864583333334 0.5111481481481481 0.010562499999999985 0.015255555555555555
0 0.5538463541666666 0.7869231481481481 0.009244791666666667 0.015255555555555555
0 0.5779401041666666 0.8045259259259259 0.008578125000000015 0.015255555555555555
0 0.5571484375 0.8010055555555556 0.011880208333333423 0.015255555555555555
0 0.58321875 0.8708291666666667 0.012541666666666628 0.014082407407407464
0 0.5743098958333333 0.8573337962962962 0.009244791666666667 0.017602777777777853
0 0.799734375 0.735288888888889 0.012541666666666628 0.015255555555555555
3 0.5838802083333334 0.8596810185185185 0.03894791666666665 0.057502777777777736
3 0.15580598958333333 0.6807208333333333 0.029044270833333326 0.05163425925925925
3 0.13468307291666667 0.6953893518518518 0.04620677083333333 0.07862499999999997
3 0.32083098958333334 0.677200462962963 0.04884739583333335 0.09857500000000001
3 0.30696901041666663 0.8796305555555556 0.04488697916666666 0.06689074074074071
3 0.058441562499999995 0.6138305555555555 0.038946041666666674 0.051635185185185256
3 0.5624270833333334 0.7904439814814814 0.04092708333333341 0.05984907407407413
3 0.6987395833333333 0.4976532407407408 0.03366666666666672 0.0516342592592592
3 0.7934635416666665 0.5674768518518519 0.0448854166666667 0.07158333333333329
3 0.7980833333333333 0.7082981481481482 0.05281250000000005 0.08331851851851844
