0 0.8607942708333333 0.4178541666666667 0.018484375000000004 0.014082407407407412
2 0.8591432291666665 0.42430833333333334 0.02442187500000005 0.05750185185185183
0 0.008603932291666666 0.7082981481481482 0.01980296875 0.017601851851851844
2 0.010584229166666665 0.7036041666666667 0.030364562499999997 0.05515462962962964
0 0.16834817708333333 0.696562962962963 0.011881770833333328 0.017601851851851844
0 0.2940971354166667 0.843838425925926 0.009901562500000042 0.016428703703703647
0 0.29046640625000003 0.8608546296296297 0.014522395833333293 0.015255555555555555
0 0.07131328124999999 0.6496222222222223 0.0158421875 0.015255555555555555
0 0.077584375 0.6607708333333333 0.009901041666666676 0.01642870370370375
0 0.05811119791666666 0.6613578703703703 0.011881770833333334 0.017602777777777853
0 0.24326927083333333 0.6150037037037037 0.012541666666666687 0.01877592592592584
0 0.2204958333333333 0.6103101851851852 0.010561458333333313 0.01642962962962955
0 0.2010231770833333 0.7223800925925926 0.013861979166666672 0.017602777777777853
0 0.2063036458333333 0.7370495370370371 0.012541666666666658 0.021123148148148137
0 0.18419036458333332 0.7329416666666667 0.015842187499999986 0.02229629629629623
0 0.7994036458333333 0.5868398148148148 0.017161458333333237 0.016429629629629655
0 0.7845520833333333 0.5733444444444444 0.008583333333333342 0.015255555555555555
0 0.7779505208333333 0.5815587962962963 0.008578125000000015 0.017602777777777853
0 0.6947760416666666 0.499413425925926 0.008583333333333342 0.010562037037037073
0 0.6835546875 0.5076277777777779 0.009901041666666662 0.012909259259259162
0 0.4541710937499999 0.7822296296296296 0.00924114583333336 0.015255555555555555
0 0.5835494791666667 0.8702425925925927 0.013203124999999953 0.015255555555555555
0 0.5733177083333333 0.8555736111111112 0.008583333333333342 0.016428703703703647
0 0.7604557291666667 0.7552388888888888 0.013203124999999953 0.015255555555555555
3 0.582890625 0.8596810185185185 0.03960416666666665 0.05984907407407413
3 0.17494895833333332 0.6842407407407408 0.034324999999999994 0.05398148148148144
3 0.065372578125 0.6531430555555556 0.042246510416666674 0.05280833333333324
3 0.1891411458333333 0.7088847222222223 0.054788541666666676 0.09388055555555563
3 0.23699843750000002 0.5950541666666667 0.04752708333333334 0.09388055555555563
3 0.2841955729166667 0.8508796296296297 0.04422656250000004 0.06571666666666671
3 0.7951119791666666 0.5686500000000001 0.04422395833333326 0.069237037037037
3 0.7644192708333333 0.7276611111111112 0.05413020833333337 0.08918703703703704
3 0.6868567708333333 0.4964796296296296 0.03498437499999992 0.05398148148148144
3 0.46473281250000004 0.7816425925925926 0.03696562500000002 0.04928703703703705
