0 0.5832213541666665 0.20779583333333335 0.015182291666666596 0.06336944444444446
1 0.5591276041666667 0.17141712962962963 0.021119791666666644 0.016428703703703727
0 0.5594557291666666 0.21072962962962966 0.005942708333333257 0.05515555555555557
0 0.5373437499999999 0.21014305555555557 0.011885416666666633 0.06806388888888891
4 0.5597861979166666 0.23243981481481482 0.09505260416666665 0.14551481481481482
0 0.39146171874999997 0.2764462962962963 0.02112343750000001 0.019949999999999992
2 0.38354036458333335 0.2864212962962963 0.038285937500000006 0.09153333333333333
0 0.7792708333333332 0.8285828703703704 0.016500000000000032 0.025817592592592628
0 0.7588072916666666 0.8080462962962964 0.012541666666666748 0.01994999999999994
0 0.7465963541666666 0.8203685185185186 0.011880208333333305 0.023470370370370437
0 0.24656979166666665 0.9658842592592592 0.008581249999999999 0.018768518518518504
0 0.2706635416666667 0.9887685185185184 0.019803124999999967 0.02464814814814826
0 0.5158906249999999 0.7898574074074075 0.01782291666666668 0.023470370370370437
0 0.4749643229166666 0.7804689814814816 0.012542187500000008 0.025817592592592524
0 0.38585078125 0.7435032407407408 0.02706406250000004 0.024643518518518526
0 0.3554864583333333 0.7311819444444445 0.011221875000000025 0.021123148148148137
0 0.32446171875 0.5563287037037038 0.01782239583333336 0.018775925925925946
0 0.3333729166666667 0.5733444444444444 0.014521875000000031 0.02229629629629623
0 0.29640729166666663 0.5733444444444444 0.023763541666666655 0.02229629629629623
0 0.13831354166666668 0.5363787037037037 0.01914270833333334 0.018775925925925946
0 0.14623463541666665 0.5551550925925927 0.013861979166666642 0.021123148148148245
0 0.11520989583333334 0.5451800925925926 0.012541666666666658 0.02229722222222224
0 0.9730078125 0.5704106481481481 0.013203124999999953 0.01877685185185185
0 0.3505356770833333 0.7047777777777777 0.011881770833333328 0.019950000000000048
0 0.30663880208333333 0.7071245370370371 0.013861979166666672 0.02229722222222224
3 0.9888515625 0.5510476851851852 0.052807291666666596 0.08801388888888885
3 0.7700286458333333 0.8121537037037038 0.07063020833333328 0.08918703703703704
3 0.27099348958333336 0.9600180555555556 0.06138906249999998 0.09153796296296296
3 0.5059901041666667 0.7581722222222222 0.08515520833333336 0.15725000000000006
3 0.12643151041666664 0.5381388888888889 0.06402968749999999 0.08801296296296295
3 0.30696901041666663 0.5445935185185186 0.07657135416666669 0.1032685185185186
3 0.32446171875 0.6613578703703703 0.08119218749999994 0.15607685185185186
3 0.38222031250000005 0.7100583333333335 0.0699708333333333 0.12204444444444455
