0 0.5832213541666665 0.19782083333333333 0.013859374999999948 0.06454351851851851
1 0.558796875 0.1602689814814815 0.023104166666666613 0.017602777777777773
0 0.558796875 0.20016805555555556 0.005937499999999929 0.059849074074074075
0 0.5531848958333333 0.19723425925925928 0.006598958333333371 0.035205555555555545
0 0.5350338541666666 0.1995814814814815 0.01122395833333331 0.07041111111111109
4 0.5581359375 0.22305185185185186 0.09835312499999999 0.1502092592592593
0 0.31489010416666663 0.28876805555555557 0.023763541666666714 0.021123148148148137
2 0.3063091145833333 0.29991666666666666 0.04224635416666664 0.088012962962963
0 0.8063333333333333 0.6953893518518518 0.028385416666666666 0.01760277777777775
0 0.807984375 0.7182726851851853 0.019802083333333324 0.021123148148148137
0 0.7845494791666667 0.7006699074074075 0.009901041666666662 0.021123148148148137
0 0.6660625 0.8191949074074074 0.019802083333333324 0.025817592592592628
0 0.23270781249999997 0.982314814814815 0.013862500000000022 0.018777777777777754
0 0.4700135416666667 0.7839893518518518 0.017162499999999997 0.025817592592592524
0 0.42578697916666663 0.7839893518518518 0.015842708333333337 0.025817592592592524
0 0.31786041666666665 0.5604356481481483 0.015182291666666655 0.019949074074074036
0 0.3294122395833333 0.578625462962963 0.014522395833333352 0.025817592592592524
0 0.29046666666666665 0.5762782407407407 0.023763541666666655 0.023469444444444428
0 0.23039739583333332 0.499413425925926 0.017162499999999997 0.02229722222222224
0 0.201353125 0.5052805555555555 0.010561458333333343 0.022296296296296335
0 0.36472760416666666 0.7781222222222223 0.012541666666666687 0.023470370370370437
0 0.3224815104166667 0.7470240740740741 0.009901562499999983 0.022296296296296335
3 0.8043541666666667 0.6977365740740742 0.05479166666666669 0.08566574074074075
3 0.6660625000000001 0.7963111111111112 0.05148958333333328 0.09974814814814811
3 0.2204958333333333 0.4859180555555556 0.0514875 0.07510462962962958
3 0.3013583333333333 0.5498745370370369 0.0759114583333333 0.12556574074074073
3 0.3584567708333333 0.7276611111111112 0.0858125 0.1736796296296296
3 0.44691015624999997 0.7523046296296297 0.08581302083333331 0.16663888888888892
3 0.49311640625 0.7165125 0.06204843750000002 0.11852499999999995
3 0.21785546875 0.9834861111111111 0.06204947916666669 0.0798055555555555
