0 0.7337239583333334 0.36974074074074076 0.008583333333333342 0.042246296296296275
1 0.71953125 0.3439231481481482 0.01452083333333339 0.014081481481481454
0 0.7201927083333333 0.3574185185185185 0.005281249999999934 0.017601851851851844
0 0.7218411458333333 0.37326064814814813 0.00461979166666661 0.025817592592592576
0 0.7053411458333334 0.3644597222222222 0.009901041666666662 0.04107314814814813
4 0.7178802083333333 0.380888425925926 0.05742708333333333 0.09036018518518518
0 0.5436171875 0.39673101851851855 0.015182291666666596 0.014082407407407412
2 0.5419635416666666 0.40083842592592595 0.019802083333333324 0.05280833333333335
0 0.33106276041666666 0.7810555555555555 0.009901562499999983 0.015255555555555555
0 0.34030390624999995 0.7910305555555556 0.012542187500000008 0.01642962962962955
0 0.6383385416666667 0.431349537037037 0.010562499999999985 0.01290833333333331
0 0.30696901041666663 0.7763615740740741 0.011881770833333328 0.01760277777777775
0 0.23963880208333332 0.7540648148148149 0.00924114583333333 0.015255555555555555
0 0.21521510416666664 0.765800462962963 0.014521875000000002 0.017602777777777853
0 0.5116 0.7253138888888888 0.017162499999999997 0.016429629629629655
0 0.2940971354166667 0.7663865740740741 0.012542187500000008 0.021123148148148137
0 0.5462526041666667 0.6519694444444444 0.015182291666666714 0.015255555555555555
0 0.6782760416666667 0.4923722222222222 0.01121874999999998 0.012909259259259162
0 0.5647369791666667 0.6044421296296296 0.009901041666666662 0.014082407407407464
0 0.5521979166666666 0.5974013888888889 0.012541666666666628 0.014082407407407358
0 0.26571276041666664 0.7904435185185187 0.012542187499999979 0.015255555555555555
0 0.23996875 0.774601388888889 0.008581249999999999 0.014082407407407358
3 0.5568177083333334 0.5932939814814815 0.03366666666666672 0.04811388888888896
3 0.19970286458333333 0.8027657407407408 0.03630572916666666 0.05867592592592593
3 0.6340494791666667 0.420787962962963 0.029703125000000104 0.041072222222222225
3 0.6809166666666666 0.4782902777777778 0.028385416666666666 0.04811388888888886
3 0.5112708333333333 0.706537962962963 0.03894791666666665 0.07275740740740738
3 0.2171953125 0.7399828703703704 0.040926041666666656 0.08801388888888885
3 0.2594416666666667 0.7611060185185186 0.05808854166666668 0.1044416666666667
3 0.3036684895833333 0.7640398148148149 0.03432552083333332 0.05867592592592593
3 0.33931406249999996 0.7792953703703703 0.03696562500000002 0.05867592592592593
3 0.5482369791666667 0.6337800925925927 0.03498437500000004 0.06336944444444441
