0 0.7558359375 0.3685666666666667 0.00792187500000002 0.04224629629629633
1 0.7423046874999999 0.3439231481481482 0.013859374999999948 0.011735185185185166
0 0.7442838541666668 0.371500462962963 0.005942708333333376 0.024643518518518526
0 0.727453125 0.36445925925925926 0.010562499999999985 0.03872592592592594
4 0.7403255208333333 0.38147546296296303 0.05610937500000001 0.09153425925925929
0 0.5947708333333334 0.39145 0.01584375000000004 0.015255555555555555
2 0.5931223958333334 0.39321064814814816 0.020463541666666647 0.04928796296296296
0 0.5333828125 0.7247273148148149 0.017161458333333296 0.01760277777777775
0 0.47298411458333334 0.7382226851851853 0.009901562499999983 0.014082407407407358
0 0.4558213541666667 0.7405694444444445 0.011221875000000025 0.016429629629629655
0 0.2881559895833333 0.7968981481481482 0.009901562499999983 0.011735185185185166
0 0.30003802083333336 0.8121537037037038 0.015182291666666655 0.014081481481481454
0 0.28188515624999994 0.8115666666666667 0.007921354166666639 0.015255555555555555
0 0.5013682291666667 0.5393125 0.015182291666666655 0.010562037037036969
0 0.50235859375 0.5522212962962962 0.015842187499999955 0.015255555555555555
0 0.48453593749999996 0.5434199074074074 0.006601041666666655 0.016428703703703647
0 0.5102796875000001 0.41668055555555555 0.015842708333333337 0.011735185185185166
0 0.45582135416666664 0.706537962962963 0.015182291666666655 0.011735185185185166
0 0.441959375 0.7094712962962963 0.007261458333333337 0.015255555555555555
0 0.25911171875 0.7974851851851853 0.012542187500000008 0.015255555555555555
3 0.450540625 0.7024305555555556 0.03498541666666668 0.05046111111111116
3 0.22478671875 0.8015925925925926 0.03102447916666667 0.05398148148148144
3 0.5099497395833333 0.41374675925925924 0.029704687500000007 0.043419444444444476
3 0.21257473958333334 0.745850462962963 0.04488697916666666 0.08566574074074075
3 0.25779140624999997 0.7634532407407407 0.04026614583333335 0.09740092592592592
3 0.2927768229166666 0.7992453703703704 0.033665104166666696 0.04928703703703695
3 0.4627526041666666 0.7329416666666667 0.03960624999999999 0.057501851851851936
3 0.5333825520833333 0.7036041666666666 0.03696406249999994 0.07158425925925929
3 0.49707760416666663 0.5310981481481482 0.03960624999999999 0.0692370370370371
