0 0.9182213541666667 0.4665546296296297 0.01716145833333336 0.015255555555555503
2 0.9172317708333333 0.4659680555555556 0.021786458333333297 0.04693981481481476
0 0.8383489583333333 0.8139138888888889 0.01584374999999992 0.01994999999999994
0 0.8116145833333334 0.6044425925925926 0.016500000000000032 0.011735185185185166
0 0.8119453124999999 0.617350925925926 0.018484375000000004 0.014081481481481454
0 0.813265625 0.4583402777777778 0.01584375000000004 0.010562037037037073
0 0.8109557291666666 0.47124907407407407 0.01122395833333331 0.012909259259259214
0 0.6657317708333332 0.617350925925926 0.009901041666666662 0.014081481481481454
0 0.6422994791666666 0.6150041666666667 0.009244791666666667 0.014082407407407358
3 0.5356947916666667 0.8279962962962963 0.031027083333333275 0.05280740740740734
3 0.8122760416666668 0.5968143518518518 0.037625000000000006 0.0668898148148148
3 0.8390078125 0.785162962962963 0.04356770833333338 0.1032685185185185
3 0.6555 0.5968143518518519 0.05016666666666663 0.07862500000000007
3 0.8155755208333334 0.45716712962962963 0.029703124999999986 0.04811388888888886
