0 0.7670572916666667 0.2512157407407407 0.005281249999999934 0.018775925925925946
0 0.23270781249999997 0.795137962962963 0.029704166666666657 0.012909259259259266
0 0.2313875 0.824475462962963 0.029704166666666657 0.041073148148148185
0 0.20828411458333335 0.8221287037037037 0.012542187500000008 0.04107222222222218
0 0.27330390625 0.8332768518518519 0.021123437500000036 0.042246296296296275
0 0.21158463541666667 0.9154222222222224 0.012542187500000008 0.068062962962963
4 0.2541611979166667 0.9060337962962963 0.12277864583333331 0.2393953703703703
4 0.7710182291666666 0.2588439814814815 0.023765625000000058 0.036378703703703746
0 0.5403151041666666 0.6050291666666667 0.020463541666666647 0.01760277777777775
2 0.5353627604166665 0.5968148148148148 0.03300364583333331 0.069237037037037
0 0.550875 0.3357087962962963 0.007260416666666695 0.009387962962962973
0 0.1957421875 0.4659680555555556 0.007261458333333337 0.014082407407407412
0 0.18848098958333334 0.4735958333333333 0.009901562500000013 0.010562037037037073
0 0.5409739583333334 0.33394814814814816 0.005937499999999929 0.010561111111111117
0 0.244259375 0.5610226851851852 0.006601041666666655 0.016428703703703647
0 0.23006744791666667 0.5668898148148148 0.01782239583333333 0.011735185185185166
0 0.23171744791666665 0.5803851851851852 0.011881770833333328 0.015255555555555555
0 0.7637578125 0.49413240740740744 0.010557291666666658 0.01408148148148156
0 0.7423046874999999 0.4870912037037037 0.008578125000000015 0.014082407407407464
0 0.7918125 0.4911986111111111 0.008583333333333342 0.012908333333333362
0 0.7759687500000001 0.4894384259259259 0.0112187500000001 0.014082407407407358
0 0.83240625 0.29991666666666666 0.005281249999999934 0.010561111111111117
0 0.8248151041666666 0.29639583333333336 0.009901041666666662 0.008213888888888871
0 0.8221770833333333 0.30108981481481484 0.007260416666666695 0.008214814814814828
0 0.8525390625 0.38910324074074076 0.00990104166666678 0.008213888888888871
0 0.8515520833333333 0.3967310185185185 0.009239583333333337 0.009387962962962973
3 0.8466015625 0.5035208333333333 0.036307291666666686 0.044593518518518574
3 0.7515442708333333 0.3245601851851852 0.020463541666666647 0.03637962962962965
3 0.18815104166666666 0.46362129629629634 0.03036458333333331 0.042246296296296275
3 0.23237786458333334 0.5633694444444446 0.03168489583333335 0.05398148148148155
3 0.8258072916666667 0.2952222222222223 0.019802083333333324 0.026990740740740773
3 0.8505598958333334 0.3867564814814815 0.020463541666666647 0.0340314814814815
3 0.7829010416666667 0.47711620370370367 0.03828125 0.05984907407407413
3 0.7551770833333333 0.47476944444444447 0.0448854166666667 0.07627777777777783
3 0.5469140625 0.32984120370370373 0.020463541666666647 0.025817592592592628
