0 0.775640625 0.2523893518518519 0.006604166666666581 0.018776851851851902
0 0.23204765625 0.8080462962962964 0.0323453125 0.015255555555555555
0 0.23237760416666664 0.8385578703703704 0.030364583333333337 0.043419444444444476
0 0.20960442708333332 0.8362106481481483 0.013861979166666672 0.04576759259259257
0 0.2742942708333333 0.8473587962962964 0.02178333333333334 0.03989907407407408
0 0.24359947916666666 0.8702425925925927 0.010561458333333343 0.0340314814814815
0 0.23600833333333332 0.8866717592592593 0.012541666666666658 0.03168425925925931
0 0.21191458333333332 0.9330231481481481 0.01320208333333334 0.0657129629629631
4 0.2577916666666667 0.9130773148148148 0.12343854166666667 0.23001203703703696
4 0.7796015625 0.25884351851851856 0.023765625000000058 0.03872592592592594
0 0.5848697916666666 0.5921203703703704 0.019802083333333324 0.019950000000000048
2 0.5779401041666666 0.5868398148148148 0.03366145833333339 0.07979814814814816
0 0.41357526041666665 0.3650462962962963 0.009901562500000042 0.00704074074074078
0 0.42215624999999996 0.3685671296296297 0.004620833333333311 0.009387962962962973
0 0.41291510416666666 0.3726740740740741 0.008581249999999999 0.010561111111111065
0 0.5521979166666666 0.3357087962962963 0.007260416666666695 0.009387962962962973
0 0.542953125 0.33629537037037033 0.007260416666666695 0.010561111111111117
0 0.44724010416666665 0.43193657407407404 0.008581249999999999 0.014082407407407412
0 0.4449296875 0.4436717592592592 0.010561458333333343 0.014082407407407412
0 0.4294174479166667 0.4430847222222222 0.00858177083333332 0.01525648148148146
0 0.43403828124999994 0.4870912037037037 0.013861979166666613 0.014082407407407464
0 0.8469322916666667 0.29815601851851853 0.005281250000000052 0.00938796296296292
0 0.84 0.2958087962962963 0.01121874999999998 0.009387962962962973
0 0.8386770833333334 0.3022634259259259 0.007260416666666695 0.010562037037037073
3 0.8594713541666666 0.5076277777777779 0.03300520833333328 0.045766666666666664
3 0.7607864583333334 0.3269074074074074 0.021781249999999967 0.0340314814814815
3 0.43172786458333334 0.47653009259259255 0.035645312499999984 0.05163425925925925
3 0.41423515625 0.3644597222222222 0.021782812500000047 0.03168425925925925
3 0.43997916666666664 0.4336967592592593 0.03234479166666671 0.04341944444444442
3 0.8409895833333333 0.2946356481481482 0.019802083333333324 0.02816388888888892
3 0.548234375 0.332775 0.021781249999999967 0.02699074074074072
