0 0.7779505208333333 0.25180231481481485 0.005942708333333257 0.0176027777777778
0 0.23105729166666666 0.8039393518518518 0.03036458333333331 0.014082407407407464
0 0.23006744791666667 0.835624074074074 0.02970468749999998 0.04224629629629638
0 0.20729401041666667 0.8332773148148148 0.014522395833333352 0.04459351851851847
0 0.2739640625 0.8455990740740742 0.021122916666666658 0.038725925925925886
0 0.24194921875 0.8696560185185185 0.011221354166666675 0.0328583333333333
0 0.23501822916666668 0.8849111111111111 0.01320208333333334 0.0352055555555556
0 0.20960416666666667 0.9330245370370371 0.012541666666666687 0.0680620370370371
4 0.2541609375 0.9107291666666667 0.128059375 0.23235648148148144
4 0.780921875 0.25825694444444447 0.025083333333333374 0.03989907407407408
0 0.417865625 0.6513828703703705 0.019803124999999967 0.021123148148148137
2 0.4251268229166667 0.6431680555555556 0.038285937500000006 0.08683981481481486
0 0.40268333333333334 0.3761949074074074 0.009241666666666681 0.012908333333333362
0 0.5561562499999999 0.33042777777777776 0.007260416666666695 0.008214814814814828
0 0.5591276041666667 0.3368819444444444 0.006598958333333253 0.009387962962962973
0 0.5498854166666667 0.33453472222222225 0.006604166666666581 0.009387962962962973
0 0.44691015624999997 0.4295893518518519 0.009241145833333301 0.011734259259259262
0 0.44558984375 0.4430847222222222 0.010561979166666664 0.012908333333333362
0 0.4297473958333333 0.4401509259259259 0.006601041666666655 0.014081481481481454
0 0.25383098958333333 0.4683148148148148 0.011221354166666645 0.011735185185185166
0 0.25779140624999997 0.47711666666666674 0.009901562499999983 0.015255555555555555
0 0.2409591145833333 0.47711666666666663 0.00924114583333333 0.012909259259259214
0 0.7584765625000001 0.33453472222222225 0.00792187500000002 0.009387962962962973
0 0.8423098958333333 0.2946356481481482 0.010557291666666658 0.007041666666666684
0 0.84 0.29991666666666666 0.007260416666666695 0.010561111111111117
0 0.9512265625 0.36152546296296295 0.009244791666666667 0.009387962962962973
0 0.9393463541666667 0.3503773148148149 0.00792187500000002 0.01290833333333331
3 0.8621145833333334 0.5070412037037036 0.03564583333333336 0.04459351851851847
3 0.40367369791666663 0.36915324074074074 0.023103645833333294 0.03637870370370369
3 0.44063932291666663 0.4290027777777778 0.033665104166666696 0.045766666666666664
3 0.5538463541666666 0.33042777777777776 0.021119791666666762 0.02933703703703706
3 0.24755989583333332 0.46362129629629634 0.03960624999999999 0.05867592592592588
3 0.9452864583333332 0.3492037037037037 0.02904166666666666 0.04342037037037038
3 0.8423098958333334 0.292875 0.018484375000000004 0.02699074074074072
3 0.7591380208333334 0.32338657407407406 0.02244270833333329 0.03637870370370369
3 0.23600833333333332 0.4366300925925926 0.03102500000000002 0.05632870370370374
