0 0.923171875 0.4178541666666667 0.016499999999999914 0.014082407407407412
2 0.9198723958333334 0.42254861111111114 0.024421874999999933 0.05163425925925925
0 0.061411875 0.6918689814814815 0.021123125 0.01525648148148146
2 0.0630621875 0.6895217592592593 0.027064166666666667 0.05515462962962964
0 0.6327291666666668 0.5756912037037037 0.016500000000000032 0.010562037037037073
0 0.6439505208333334 0.5809722222222223 0.005942708333333257 0.011735185185185166
0 0.6317395833333334 0.588012962962963 0.010562499999999985 0.011735185185185166
0 0.08913619791666667 0.5522208333333334 0.00924114583333333 0.01760277777777775
0 0.08088489583333332 0.5627824074074075 0.012541666666666673 0.015255555555555555
0 0.12577161458333333 0.6091365740740741 0.007260937500000001 0.01877685185185185
0 0.10431822916666667 0.617937962962963 0.01320208333333334 0.015255555555555555
0 0.7878515625 0.5686500000000001 0.015182291666666714 0.015255555555555555
0 0.7733307291666667 0.557501851851852 0.01122395833333331 0.016429629629629655
0 0.7670572916666667 0.5674768518518519 0.00923958333333322 0.017601851851851844
0 0.9139296874999999 0.5275773148148148 0.009901041666666662 0.012908333333333362
0 0.9261432291666666 0.5357921296296296 0.011880208333333305 0.012908333333333362
0 0.9076588541666666 0.5398995370370371 0.00792187500000002 0.014082407407407464
0 0.9515572916666667 0.5715842592592593 0.012541666666666628 0.014081481481481454
0 0.9320833333333333 0.5639564814814816 0.010562499999999985 0.015255555555555555
0 0.6878463541666666 0.5616092592592593 0.006598958333333371 0.012909259259259266
0 0.6644140625000001 0.5709976851851852 0.01122395833333331 0.012908333333333362
3 0.514240625 0.7839893518518518 0.031685416666666674 0.05163425925925925
3 0.110259375 0.597988425925926 0.04620729166666668 0.08331944444444446
3 0.6696927083333333 0.5481138888888889 0.04951041666666664 0.07979814814814816
3 0.6330572916666666 0.5751046296296297 0.026406250000000023 0.04928703703703695
3 0.7832291666666666 0.5528078703703704 0.04818749999999999 0.0704101851851852
3 0.9208619791666666 0.528751388888889 0.039609374999999974 0.04811388888888886
3 0.9413255208333332 0.5621958333333333 0.039609374999999974 0.05163425925925925
3 0.08088489583333333 0.5510476851851852 0.032344791666666664 0.041073148148148185
