2 0.818546875 0.3990777777777778 0.025083333333333374 0.05398148148148149
4 0.9353828125 0.39379722222222224 0.05808854166666665 0.08566666666666665
0 0.9235026041666666 0.3773680555555556 0.011880208333333305 0.03637870370370369
0 0.9396744791666668 0.37971527777777775 0.008578125000000015 0.034032407407407456
0 0.9518854166666666 0.3820625 0.010562499999999985 0.041073148148148185
1 0.9383541666666666 0.35624490740740744 0.016500000000000032 0.01290833333333331
3 0.417865625 0.7669736111111112 0.034324999999999994 0.05515462962962964
3 0.6073151041666667 0.6103101851851852 0.03696354166666668 0.04928703703703705
3 0.6809166666666667 0.5369657407407408 0.03894791666666665 0.05280740740740734
3 0.9076614583333333 0.6560768518518518 0.05544791666666669 0.08214629629629637
3 0.8343880208333334 0.8080467592592592 0.039609374999999974 0.05984907407407413
3 0.9647604166666667 0.6906953703703704 0.04290624999999994 0.05046111111111116
3 0.7376848958333333 0.39731805555555555 0.024421874999999933 0.04811388888888886
0 0.6168854166666667 0.6249791666666666 0.01121874999999998 0.012908333333333362
0 0.6000546875 0.6196981481481482 0.011880208333333305 0.01642962962962955
0 0.6129244791666667 0.6120703703703705 0.015182291666666714 0.01994999999999994
0 0.7330625 0.4102263888888889 0.01121874999999998 0.01056203703703702
0 0.9132682291666666 0.6783736111111112 0.015182291666666596 0.014082407407407464
0 0.6657317708333332 0.5451805555555557 0.009901041666666662 0.015255555555555555
0 0.6852057291666666 0.5475273148148149 0.018484375000000004 0.017602777777777853
0 0.8413203125000001 0.8209550925925926 0.013859375000000066 0.012908333333333362
0 0.8201953125 0.39614444444444447 0.016505208333333243 0.012909259259259266
0 0.8195364583333333 0.8174347222222224 0.00990624999999999 0.017602777777777853
0 0.9581562499999999 0.6912819444444445 0.013864583333333395 0.014082407407407358
0 0.9739973958333332 0.6977361111111112 0.009901041666666662 0.015255555555555555
0 0.9578281249999999 0.7053643518518519 0.01584375000000004 0.014082407407407464
