2 0.4379986979166666 0.3873425925925926 0.024423437500000016 0.06571666666666666
4 0.6330598958333333 0.35800509259259256 0.06336979166666659 0.09857499999999997
0 0.6168880208333334 0.34098935185185186 0.009901041666666662 0.04341944444444442
0 0.6485703125000001 0.34568333333333334 0.01122395833333331 0.04342037037037038
0 0.6356979166666666 0.34979074074074074 0.003958333333333286 0.02581666666666662
1 0.6330572916666667 0.3175189814814815 0.01584375000000004 0.012908333333333362
0 0.43964921875 0.3803018518518519 0.018482812499999984 0.014081481481481454
3 0.706 0.8086333333333334 0.06270833333333338 0.1056166666666666
3 0.765078125 0.8508796296296297 0.05281250000000005 0.07275740740740749
3 0.6380078124999999 0.8872587962962963 0.04026562500000009 0.05632870370370374
3 0.21818567708333336 0.43310972222222227 0.04290677083333335 0.056328703703703686
3 0.34162421875 0.38616944444444445 0.03630572916666666 0.05163518518518521
3 0.3805700520833334 0.39966481481481486 0.042906770833333316 0.06454259259259255
3 0.18914114583333333 0.5117351851851852 0.05346770833333334 0.10092222222222226
3 0.018835479166666665 0.8720027777777777 0.046867062499999994 0.06571666666666671
0 0.7508854166666666 0.8678953703703705 0.013864583333333276 0.019950000000000048
0 0.7733281249999999 0.8655486111111111 0.013864583333333276 0.019949074074074143
0 0.3960825520833333 0.40787962962962965 0.007921354166666639 0.022296296296296283
0 0.37759947916666664 0.4190277777777778 0.017162499999999997 0.016429629629629655
0 0.6835546875 0.8315166666666667 0.009901041666666662 0.02464444444444443
0 0.7122708333333333 0.8455986111111111 0.01584375000000004 0.01760277777777775
0 0.33238281249999996 0.3867564814814815 0.009901041666666662 0.015255555555555555
0 0.3455848958333333 0.39614444444444447 0.012541666666666687 0.015255555555555555
0 0.2086140625 0.5264041666666667 0.009241666666666681 0.017602777777777853
0 0.20927421875000002 0.43545694444444444 0.013201562500000019 0.014082407407407412
0 0.20234322916666667 0.44484490740740745 0.008581249999999999 0.0164287037037037
0 0.22214609374999997 0.4442583333333333 0.012542187499999979 0.015255555555555555
0 0.1828703125 0.5346185185185185 0.014521875000000002 0.015255555555555555
