0 0.10078125 0.6930555555555555 0.0109375 0.021296296296296296
0 0.08541666666666667 0.7263888888888889 0.025 0.021296296296296296
0 0.3421875 0.7217592592592593 0.014583333333333334 0.019444444444444445
0 0.31223958333333335 0.7263888888888889 0.0109375 0.021296296296296296
0 0.9903645833333333 0.4537037037037037 0.019270833333333334 0.016666666666666666
0 0.9760416666666667 0.44351851851851853 0.011458333333333333 0.018518518518518517
0 0.62421875 0.5171296296296296 0.011979166666666666 0.015740740740740743
0 0.8494791666666667 0.6078703703703704 0.010416666666666666 0.021296296296296296
0 0.8205729166666667 0.5972222222222222 0.0109375 0.018518518518518517
0 0.8286458333333333 0.6129629629629629 0.016666666666666666 0.014814814814814815
0 0.8643229166666666 0.30694444444444446 0.015104166666666667 0.021296296296296296
0 0.5338541666666666 0.43333333333333335 0.009375 0.014814814814814815
2 0.871875 0.3037037037037037 0.034375 0.07962962962962963
3 0.3328125 0.6930555555555555 0.07083333333333333 0.13611111111111113
3 0.0828125 0.6925925925925926 0.06979166666666667 0.11851851851851852
3 0.5263020833333333 0.4481481481481482 0.0484375 0.07037037037037037
3 0.6151041666666667 0.4777777777777778 0.04895833333333333 0.1277777777777778
3 0.8317708333333333 0.6060185185185185 0.04791666666666666 0.06574074074074074
3 0.9822916666666667 0.44074074074074077 0.035416666666666666 0.08148148148148149
