3 0.24491953125 0.16730972222222223 0.08845364583333332 0.13964722222222223
3 0.2766044270833333 -0.007543287037037037 0.05148802083333335 0.062196018518518525
3 0.4482302083333334 0.5762777777777778 0.06336979166666665 0.10796296296296289
3 0.5911432291666666 0.6895217592592594 0.09175520833333325 0.15607685185185186
3 0.6937890624999999 0.7769486111111111 0.07789062499999998 0.1337805555555555
0 0.2680231770833333 0.18549907407407407 0.011881770833333328 0.023470370370370384
0 0.23666848958333334 0.20896944444444446 0.016502604166666667 0.01642962962962963
0 0.6726640624999999 0.7470236111111112 0.011880208333333423 0.02933796296296302
0 0.6858645833333332 0.7552384259259259 0.019802083333333324 0.03637870370370369
0 0.6838854166666666 0.8039393518518518 0.017166666666666684 0.02816388888888881
0 0.550875 0.6895217592592593 0.008583333333333342 0.03168425925925931
0 0.45879192708333333 0.5827328703703704 0.019802604166666644 0.03637870370370369
0 0.46836328125000004 0.5991615740740741 0.013861979166666672 0.024643518518518526
0 0.43634843749999996 0.5985750000000001 0.014521875000000031 0.023470370370370332
0 0.5865208333333333 0.7534782407407408 0.016500000000000032 0.014082407407407358
