2 0.8789453125 0.36563333333333337 0.024421874999999933 0.05750185185185183
0 0.88059375 0.3621125 0.01584375000000004 0.01760277777777775
3 0.07791432291666665 0.4900250000000001 0.03960572916666666 0.05280740740740745
3 0.17494921875000002 0.6349537037037037 0.042246354166666666 0.051635185185185256
3 0.25878151041666664 0.5698240740740741 0.04884739583333335 0.09270740740740743
3 0.27627447916666664 0.8098064814814815 0.042906249999999965 0.0657166666666666
3 0.6317369791666666 0.7875101851851852 0.03696354166666668 0.06102222222222222
3 0.8231666666666667 0.7018435185185186 0.03696875000000001 0.06102222222222222
3 0.6112760416666667 0.48181064814814817 0.05016666666666663 0.08566574074074075
3 0.8185442708333334 0.4923722222222222 0.047526041666666664 0.07627777777777778
3 0.976640625 0.5088013888888889 0.03630208333333336 0.05750277777777784
0 0.03500791666666667 0.5598486111111112 0.011881770833333334 0.021123148148148137
3 0.025436484375 0.5434199074074074 0.04026609375 0.06336944444444452
0 0.24359947916666666 0.5868398148148148 0.010561458333333343 0.016429629629629655
0 0.2700033854166667 0.5921208333333333 0.011881770833333328 0.01760277777777775
0 0.18055989583333334 0.6314333333333333 0.013862499999999993 0.018775925925925946
0 0.18683072916666668 0.6449287037037037 0.009241666666666652 0.015255555555555555
0 0.1673578125 0.6437550925925926 0.011221875000000025 0.01760277777777775
0 0.0874859375 0.49061203703703704 0.008581249999999999 0.01642962962962955
0 0.077584375 0.5052810185185185 0.012541666666666673 0.012908333333333362
0 0.28980625 0.8191949074074074 0.010561458333333343 0.01877685185185185
0 0.27099348958333336 0.8268226851851852 0.012542187499999979 0.017602777777777853
0 0.8043541666666667 0.4976532407407408 0.0072604166666665765 0.014082407407407464
0 0.818546875 0.5105615740740741 0.01584374999999992 0.01642870370370375
0 0.7987421875 0.5076277777777779 0.00792187500000002 0.01994999999999994
0 0.6234869791666665 0.4994134259259259 0.007265625000000024 0.01760277777777775
0 0.9759791666666667 0.5082143518518518 0.019145833333333327 0.014082407407407358
0 0.974 0.5228833333333333 0.013864583333333395 0.015255555555555555
0 0.8195364583333333 0.7106453703703705 0.012541666666666628 0.015255555555555555
0 0.6304166666666667 0.7980712962962964 0.014520833333333271 0.011735185185185166
