2 0.8126041666666667 0.342162962962963 0.03432291666666672 0.05280740740740745
0 0.802375 0.3380555555555556 0.012541666666666628 0.018775925925925894
3 0.07626406250000001 0.5903601851851852 0.04950729166666667 0.07979814814814806
3 0.16471744791666665 0.6396476851851852 0.03762552083333333 0.05163425925925925
3 0.28287552083333334 0.5809722222222223 0.045546874999999994 0.09388148148148143
3 0.26175234375 0.8121541666666667 0.046867187500000004 0.06336944444444441
3 0.5885026041666667 0.7863365740740741 0.04158854166666662 0.061023148148148125
3 0.6102838541666666 0.4829837962962963 0.05082812499999995 0.08331944444444446
3 0.8175546874999999 0.49530601851851846 0.04554687500000002 0.0704101851851852
3 0.933734375 0.6877615740740741 0.04818749999999999 0.07275833333333329
3 0.06867291666666667 0.4712490740740741 0.034324999999999994 0.05280740740740745
0 0.0719734375 0.6062027777777779 0.017162499999999997 0.01056111111111117
0 0.09210651041666666 0.6097231481481481 0.012542187499999994 0.019950000000000048
0 0.07032317708333333 0.6208717592592593 0.016502604166666667 0.01642870370370375
0 0.28584583333333335 0.6026824074074074 0.014521874999999972 0.015255555555555555
0 0.17362890624999996 0.6408212962962964 0.007921354166666669 0.018775925925925946
0 0.06306223958333333 0.48415740740740754 0.011221354166666668 0.015255555555555555
0 0.07857447916666667 0.4747699074074074 0.006601041666666655 0.01760277777777775
0 0.2703333333333333 0.8227152777777779 0.012541666666666687 0.01877685185185185
0 0.24921041666666668 0.8227152777777779 0.011221874999999996 0.01642870370370375
0 0.8046848958333332 0.4964796296296297 0.009244791666666667 0.016429629629629655
0 0.8178854166666667 0.5123222222222222 0.01584374999999992 0.015255555555555555
0 0.7977526041666666 0.5064541666666666 0.008578125000000015 0.02229722222222224
0 0.6231588541666666 0.49882638888888897 0.00792187500000002 0.01642870370370375
0 0.5762890624999999 0.7816425925925926 0.00792187500000002 0.016429629629629655
0 0.9287838541666665 0.6906953703703704 0.01716145833333336 0.015255555555555555
0 0.9274635416666667 0.7077115740740741 0.01452083333333339 0.01642870370370375
0 0.6772864583333332 0.7100583333333335 0.010562499999999985 0.01877592592592584
0 0.689828125 0.7212069444444444 0.01452083333333339 0.01760277777777775
0 0.6710130208333333 0.7223805555555556 0.008578125000000015 0.015255555555555555
3 0.6861953125 0.7118189814814815 0.038942708333333444 0.05984907407407403
