2 0.027416770833333333 0.6437550925925926 0.027064062500000003 0.05984907407407403
2 0.8961067708333333 0.3638726851851852 0.02442187500000005 0.056328703703703686
0 0.8980885416666666 0.3615259259259259 0.01782291666666668 0.016429629629629603
3 0.14887499999999998 0.6320199074074074 0.036305208333333325 0.05750277777777784
3 0.2703333333333333 0.5686500000000001 0.04818749999999999 0.09270740740740732
3 0.17263854166666667 0.4090532407407408 0.03498541666666668 0.04107314814814813
3 0.27891484375 0.805699537037037 0.03630572916666666 0.0668898148148148
3 0.5878411458333334 0.7875101851851852 0.04158854166666662 0.06571666666666671
3 0.658140625 0.7376356481481482 0.03960416666666677 0.06454351851851851
3 0.6083046875 0.47887685185185186 0.05610937500000001 0.09388148148148154
3 0.04028877604166667 0.7065379629629629 0.04884744791666667 0.08918703703703704
0 0.027746822916666664 0.6461018518518519 0.017162604166666665 0.015255555555555555
0 0.043919375 0.7235537037037039 0.02046333333333333 0.015255555555555555
0 0.044249270833333326 0.7393962962962963 0.018482708333333334 0.01642962962962955
0 0.27924479166666666 0.5897731481481481 0.010561458333333343 0.015255555555555555
0 0.25350078125 0.5868398148148148 0.00924114583333333 0.016429629629629655
0 0.15745625000000002 0.6302597222222222 0.011221874999999996 0.014082407407407358
0 0.15547630208333332 0.6466888888888889 0.013861979166666672 0.018775925925925946
0 0.16867812499999998 0.4137472222222222 0.011221874999999996 0.015255555555555555
0 0.2782546875 0.8186083333333334 0.015182291666666655 0.02229629629629623
0 0.28650572916666667 0.8033523148148148 0.010561458333333343 0.01760277777777775
0 0.8017135416666666 0.4964791666666667 0.01121874999999998 0.021123148148148137
0 0.8139244791666668 0.5117351851851852 0.01716145833333336 0.016429629629629655
0 0.7957734375 0.5082148148148148 0.008578124999999895 0.018775925925925946
3 0.8139244791666668 0.4982398148148148 0.04356770833333326 0.06454259259259261
0 0.622828125 0.5 0.008583333333333342 0.01642962962962955
0 0.5769505208333333 0.7828162037037038 0.006598958333333253 0.016428703703703647
3 0.8033645833333334 0.833863888888889 0.040927083333333295 0.05280740740740745
0 0.6551718750000001 0.7505444444444445 0.012541666666666628 0.012909259259259266
