2 0.043589140624999995 0.647275462962963 0.03036442708333333 0.05984907407407403
2 0.8670625 0.36680694444444445 0.021781250000000085 0.04811388888888886
3 0.6096223958333333 0.47653009259259266 0.05082812499999995 0.08683981481481486
3 0.6700234374999999 0.5375523148148148 0.04620312500000002 0.0704101851851852
3 0.5868515625 0.7839898148148149 0.03696354166666668 0.06571666666666671
3 0.6561614583333333 0.7393962962962963 0.040927083333333295 0.06102222222222222
3 0.6970859375 0.8227157407407408 0.03300520833333328 0.05398148148148144
3 0.16141692708333333 0.6390606481481482 0.03630572916666666 0.04811388888888896
3 0.18617057291666667 0.5997486111111111 0.029044270833333326 0.05163425925925925
3 0.2845255208333333 0.8004185185185185 0.040926041666666656 0.0704111111111112
3 0.0805546875 0.7082981481481482 0.050167708333333325 0.09036111111111104
0 0.041608828125 0.6490356481481482 0.02112296875 0.01642870370370375
0 0.09045624999999999 0.7176861111111112 0.010561458333333329 0.015255555555555555
0 0.07692421875 0.7335287037037037 0.020463020833333328 0.018775925925925946
0 0.28584583333333335 0.48357083333333334 0.007920833333333318 0.01877685185185185
0 0.26439244791666666 0.4894384259259259 0.009901562500000013 0.014082407407407358
3 0.2696734375 0.47124907407407407 0.042906249999999965 0.08097222222222221
0 0.16834791666666665 0.6431680555555556 0.01320208333333334 0.01642870370370375
0 0.18848098958333334 0.5997481481481483 0.016502604166666667 0.01173518518518527
0 0.19112135416666665 0.6108967592592593 0.011221874999999996 0.012908333333333362
0 0.29376692708333335 0.8051125000000001 0.011881770833333328 0.021123148148148137
0 0.30036796875 0.8127407407407408 0.009241145833333301 0.019950000000000048
0 0.2822151041666667 0.8191949074074074 0.015182291666666655 0.01877685185185185
0 0.6802552083333334 0.5569152777777777 0.013864583333333395 0.01525648148148146
0 0.6581432291666667 0.549874537037037 0.011880208333333305 0.01760277777777775
0 0.6772864583333332 0.5451800925925926 0.014520833333333271 0.01760277777777775
0 0.6215052083333333 0.5011731481481482 0.008583333333333342 0.01173518518518527
0 0.5769505208333333 0.7828162037037038 0.009244791666666667 0.014082407407407464
0 0.6885052083333333 0.8186083333333334 0.009239583333333337 0.015255555555555555
0 0.6984088541666666 0.8321032407407407 0.013203124999999953 0.01642870370370375
0 0.6650729166666667 0.737049074074074 0.008583333333333342 0.016429629629629655
0 0.6561614583333333 0.7481972222222224 0.013197916666666623 0.015255555555555555
0 0.8690442708333334 0.3650462962962963 0.01650520833333336 0.016429629629629655
