2 0.018175390625 0.6490361111111111 0.02574390625 0.06571666666666671
2 0.8182161458333332 0.3544847222222222 0.03234895833333328 0.04928796296296296
0 0.8083125 0.34979074074074074 0.012541666666666628 0.016429629629629655
3 0.1861708333333333 0.5756912037037037 0.03960625000000002 0.05280833333333335
3 0.3039984375 0.6196981481481482 0.052147916666666676 0.09622777777777772
3 0.16174713541666663 0.6373009259259259 0.042246354166666666 0.05398148148148144
3 0.074613984375 0.7112319444444445 0.05412828125000001 0.08683981481481486
3 0.3125796875 0.8227157407407408 0.04158645833333333 0.05398148148148144
3 0.5832213541666667 0.7916175925925927 0.04026562499999997 0.057501851851851936
3 0.6386692708333332 0.7065379629629629 0.03763020833333333 0.06571666666666671
3 0.6178776041666667 0.4841578703703704 0.047526041666666664 0.07862499999999997
3 0.6795963541666665 0.5264041666666667 0.04554687500000002 0.07627870370370368
3 0.6776145833333334 0.814500462962963 0.03894791666666665 0.06336944444444441
0 0.017185234374999997 0.6543166666666668 0.021123177083333333 0.017601851851851844
0 0.08517526041666666 0.7188597222222223 0.011881770833333341 0.019949074074074036
0 0.09309661458333333 0.7300078703703704 0.00924114583333333 0.021123148148148245
0 0.07032317708333333 0.7347023148148147 0.019143229166666664 0.01642870370370375
0 0.2937671875 0.6425814814814815 0.01320208333333331 0.01994999999999994
0 0.3191807291666667 0.636713888888889 0.011221875000000025 0.01994999999999994
0 0.16834817708333333 0.638474074074074 0.011881770833333328 0.016429629629629655
0 0.17659921875 0.6496222222222223 0.009901562500000013 0.015255555555555555
0 0.15646614583333332 0.6519694444444444 0.010561458333333313 0.01994999999999994
0 0.18749088541666664 0.5727578703703705 0.015842187499999986 0.014082407407407358
0 0.19211145833333335 0.587426851851852 0.01320208333333334 0.015255555555555555
0 0.3155502604166667 0.8350375000000001 0.01320156249999999 0.01760277777777775
0 0.6720052083333333 0.5398995370370371 0.01584375000000004 0.016428703703703647
0 0.6918072916666667 0.5410731481481482 0.009239583333333337 0.018775925925925946
0 0.6323984374999999 0.4982393518518519 0.010557291666666658 0.017602777777777853
0 0.572 0.78575 0.008583333333333342 0.015255555555555555
0 0.6670546875 0.8127407407407408 0.009901041666666662 0.015255555555555555
0 0.6766249999999999 0.8279962962962965 0.013197916666666623 0.015255555555555555
0 0.63371875 0.7223800925925926 0.011885416666666752 0.017602777777777853
0 0.6515416666666667 0.7082981481481482 0.009239583333333337 0.017601851851851844
