2 0.9116197916666666 0.3685666666666667 0.02376041666666661 0.05398148148148149
0 0.9122812499999999 0.3679800925925926 0.01584375000000004 0.012908333333333362
3 0.26373255208333335 0.5275777777777778 0.046867187500000004 0.08801296296296304
3 0.16570755208333332 0.6373009259259259 0.03960572916666667 0.05398148148148144
3 0.056131067708333336 0.717099537037037 0.05544828125 0.08918611111111113
3 0.309609375 0.8115671296296297 0.04092604166666671 0.05984907407407413
3 0.5832213541666665 0.7933777777777777 0.041588541666666735 0.05867592592592593
3 0.6376796875 0.7059509259259259 0.04356770833333338 0.06454259259259261
3 0.6835572916666666 0.8297564814814815 0.04290624999999994 0.06337037037037031
3 0.6485729166666666 0.5005865740740741 0.04818749999999999 0.07862500000000003
3 0.7221718750000001 0.5475268518518518 0.04356250000000005 0.069237037037037
3 0.07494401041666665 0.5533949074074075 0.04290677083333333 0.05984907407407413
0 0.070653125 0.7317685185185185 0.010561458333333336 0.022296296296296335
0 0.046559583333333335 0.7423300925925926 0.0178225 0.01760277777777775
0 0.2584515625 0.5475268518518518 0.012541666666666658 0.015255555555555555
0 0.2808950520833334 0.538725925925926 0.00858177083333332 0.016429629629629655
0 0.17461901041666666 0.6302597222222222 0.00858177083333335 0.014082407407407358
0 0.16801796875000002 0.6461018518518519 0.011221354166666675 0.015255555555555555
0 0.069003125 0.5639560185185185 0.011221874999999996 0.012908333333333362
0 0.08715572916666667 0.5610222222222222 0.009241666666666667 0.018775925925925946
0 0.3109296875 0.8250625 0.01320208333333331 0.014082407407407464
0 0.7155703125 0.5627828703703703 0.01583854166666659 0.017602777777777853
0 0.7343828124999999 0.5557416666666667 0.01122395833333331 0.019950000000000048
0 0.6419713541666667 0.5217101851851851 0.009901041666666662 0.015255555555555555
0 0.6647421875 0.5176027777777777 0.00792187500000002 0.016429629629629655
0 0.5723307291666666 0.7880972222222222 0.00792187500000002 0.015255555555555555
0 0.6716744791666667 0.8297564814814815 0.008578124999999895 0.016429629629629655
0 0.6449401041666667 0.7118185185185185 0.010557291666666658 0.019950000000000048
0 0.6248072916666667 0.717099537037037 0.0112187500000001 0.021123148148148137
