2 0.94759375 0.36680648148148143 0.023104166666666613 0.05280740740740739
0 0.9489166666666667 0.3685671296296297 0.016500000000000032 0.014082407407407412
3 0.04424927083333333 0.706537962962963 0.04224625 0.07979814814814816
3 0.1756091145833333 0.6443421296296297 0.03828593749999998 0.05163425925925935
3 0.30168828125 0.4659680555555556 0.04620677083333333 0.09388055555555558
3 0.31026953125 0.8186078703703704 0.038285937500000006 0.05515462962962964
3 0.5848697916666666 0.7922041666666667 0.040927083333333295 0.061023148148148125
3 0.6422994791666667 0.7223800925925926 0.039609374999999974 0.06688981481481492
3 0.6835572916666666 0.8233018518518518 0.037625000000000006 0.05750185185185183
3 0.7258020833333333 0.5616092592592593 0.0442291666666667 0.08566666666666665
3 0.8043541666666667 0.5903601851851852 0.04158333333333329 0.08214629629629626
0 0.041938958333333325 0.7282481481481482 0.017822708333333333 0.015255555555555555
0 0.31786041666666665 0.4794638888888889 0.008581249999999999 0.015255555555555503
0 0.294096875 0.4847444444444445 0.011221874999999966 0.01408148148148156
0 0.17923984375 0.6402342592592593 0.009901562500000013 0.015255555555555555
0 0.17329895833333336 0.6525564814814815 0.011221874999999996 0.016429629629629655
0 0.309609375 0.8332768518518519 0.014521874999999972 0.018775925925925946
0 0.8030338541666667 0.6161773148148149 0.01650520833333336 0.014082407407407464
0 0.7261328125 0.5903601851851852 0.011880208333333305 0.014081481481481454
0 0.5713385416666666 0.78575 0.007260416666666695 0.015255555555555555
0 0.6446119791666667 0.7217935185185186 0.015182291666666714 0.014081481481481454
0 0.6482395833333333 0.7352888888888889 0.010562499999999985 0.017601851851851844
0 0.6290989583333333 0.7270745370370371 0.009239583333333337 0.01760277777777775
0 0.6726640625 0.8238888888888889 0.009244791666666667 0.016429629629629655
0 0.6832265625 0.8385578703703704 0.011880208333333305 0.012908333333333362
