2 0.9508958333333334 0.36680648148148143 0.02573958333333337 0.05280740740740739
0 0.9522161458333334 0.3668064814814815 0.019140625 0.015255555555555555
3 0.16108697916666667 0.6414083333333334 0.038285416666666655 0.05046111111111116
3 0.32578203125000005 0.6818939814814815 0.05082760416666669 0.09857500000000001
3 0.32446171875 0.8315166666666667 0.03630572916666666 0.05280740740740734
0 0.34261432291666666 0.6989101851851852 0.010561979166666664 0.019950000000000048
0 0.3139 0.7047777777777778 0.012541666666666628 0.015255555555555555
0 0.16834791666666668 0.637300925925926 0.010561458333333343 0.016429629629629655
0 0.16339739583333332 0.6513828703703705 0.012541666666666658 0.014082407407407358
0 0.3343630208333333 0.8309300925925927 0.011221875000000025 0.025817592592592628
3 0.7340546875 0.687175 0.031682291666666626 0.057501851851851936
3 0.7842213541666666 0.6308462962962963 0.05808854166666665 0.08566666666666665
3 0.8050130208333334 0.5011736111111111 0.049505208333333425 0.07275833333333334
3 0.6815755208333333 0.8244754629629629 0.04158854166666662 0.05515462962962964
3 0.5819010416666667 0.795137962962963 0.03762499999999989 0.05750185185185183
0 0.8007239583333332 0.520536574074074 0.017166666666666566 0.01760277777777775
0 0.8221744791666665 0.5181893518518519 0.009901041666666662 0.019949074074074143
0 0.7663984374999999 0.6443416666666667 0.009244791666666667 0.01642962962962955
0 0.5726588541666667 0.7880967592592593 0.007265625000000024 0.01760277777777775
0 0.73834375 0.7030171296296297 0.0112187500000001 0.014082407407407464
0 0.7215130208333334 0.6871745370370371 0.006598958333333371 0.01760277777777775
0 0.6720052083333333 0.8227152777777779 0.00923958333333322 0.01642870370370375
0 0.6825651041666667 0.8379708333333334 0.011880208333333423 0.014082407407407464
