0 0.41484375 0.7407407407407408 0.0078125 0.022222222222222223
0 0.38697916666666665 0.763425925925926 0.017708333333333333 0.017592592592592594
0 0.008072916666666666 0.6444444444444445 0.015104166666666667 0.022222222222222223
0 0.52109375 0.7217592592592593 0.015104166666666667 0.017592592592592594
0 0.5447916666666667 0.7458333333333333 0.011458333333333333 0.021296296296296296
0 0.5122395833333333 0.7388888888888889 0.0109375 0.020370370370370372
0 0.95546875 0.5416666666666667 0.018229166666666668 0.024074074074074074
0 0.7786458333333334 0.362962962962963 0.010416666666666666 0.014814814814814815
0 0.7513020833333334 0.3472222222222222 0.008854166666666666 0.018518518518518517
0 0.6653645833333334 0.18287037037037038 0.015104166666666667 0.021296296296296296
2 0.6731770833333334 0.17777777777777778 0.0359375 0.07777777777777778
3 0.765625 0.32592592592592595 0.057291666666666664 0.11481481481481481
3 0.9549479166666667 0.5148148148148148 0.057812499999999996 0.10740740740740741
3 0.5296875 0.7268518518518519 0.059375 0.08703703703703704
3 0.38984375 0.725 0.0703125 0.1388888888888889
3 0.01640625 0.6319444444444444 0.03177083333333333 0.08240740740740742
0 0.9822916666666667 0.1287037037037037 0.01875 0.061111111111111116
4 0.9770833333333333 0.15046296296296297 0.04583333333333333 0.1212962962962963
