2 0.9235026041666666 0.3703268518518518 0.026401041666666694 0.05750185185185189
0 0.9258098958333334 0.3703268518518518 0.015182291666666714 0.015255555555555555
3 0.07296354166666667 0.4976532407407408 0.03894583333333334 0.044593518518518574
3 0.07956458333333334 0.5880134259259259 0.045546875 0.058675000000000026
3 0.15811640624999998 0.6308467592592593 0.04422656250000001 0.07862500000000007
3 0.30036796875 0.8068731481481481 0.04620677083333338 0.057501851851851936
3 0.5838802083333333 0.7922041666666667 0.042906250000000055 0.061023148148148125
3 0.8149166666666666 0.5023467592592593 0.05214583333333339 0.06806388888888891
3 0.8611223958333333 0.6067893518518519 0.04026562499999997 0.061023148148148125
3 0.9614583333333333 0.5146685185185186 0.04158333333333341 0.05750185185185183
0 0.16240729166666668 0.6466888888888889 0.017162499999999997 0.016429629629629655
0 0.0848453125 0.5856662037037037 0.012541666666666673 0.023469444444444428
0 0.09210651041666666 0.5956412037037038 0.01122135416666666 0.01760277777777775
0 0.0719734375 0.5985750000000001 0.013202083333333333 0.018775925925925946
0 0.29079661458333333 0.8238888888888889 0.011221354166666645 0.018775925925925946
0 0.3105997395833333 0.8186083333333334 0.009901562499999983 0.015255555555555555
0 0.07824453125 0.49882638888888897 0.009901562500000013 0.01642870370370375
0 0.08715572916666667 0.5088013888888889 0.009241666666666667 0.019949074074074143
0 0.06768281250000001 0.5129087962962964 0.012541666666666673 0.014082407407407464
0 0.8046822916666666 0.5070412037037036 0.010562500000000105 0.021123148148148137
0 0.8178880208333332 0.5217101851851851 0.01716145833333336 0.015255555555555555
0 0.79709375 0.5199495370370371 0.008583333333333342 0.01642870370370375
3 0.7159010416666667 0.5240569444444444 0.05214583333333327 0.07862499999999997
0 0.727453125 0.5451805555555557 0.009239583333333337 0.015255555555555555
0 0.7010468750000001 0.5428333333333334 0.009239583333333337 0.015255555555555555
0 0.5713411458333333 0.7886837962962964 0.009901041666666662 0.016428703703703647
0 0.8673932291666666 0.6097231481481481 0.011880208333333305 0.010561111111111065
0 0.8726744791666667 0.6226319444444445 0.010557291666666658 0.012908333333333362
0 0.8532005208333333 0.6150041666666667 0.011223958333333428 0.014082407407407358
0 0.9578255208333334 0.5146685185185186 0.01716145833333336 0.015255555555555555
0 0.9730104166666665 0.5211231481481482 0.010562499999999985 0.01408148148148156
0 0.9532057291666667 0.5275773148148148 0.013203124999999953 0.012908333333333362
0 0.018505442708333333 0.6537300925925925 0.021123177083333333 0.021123148148148137
2 0.019495598958333332 0.6519694444444444 0.024423697916666667 0.05750185185185183
3 0.26802317708333334 0.49178518518518516 0.034325520833333345 0.08918703703703704
0 0.26670286458333337 0.5129087962962964 0.013201562500000019 0.016428703703703647
