4 0.6667239583333334 0.20016805555555556 0.026406250000000023 0.04341944444444442
0 0.6627630208333334 0.1925402777777778 0.006598958333333253 0.021123148148148137
2 0.21917578125 0.8567472222222223 0.06469010416666669 0.12673888888888893
0 0.2033333333333333 0.8772837962962964 0.031684375 0.024643518518518526
3 0.3350234375 0.5645430555555556 0.03894583333333337 0.06336944444444452
3 0.43007734374999995 0.5891865740740742 0.05742864583333335 0.1056157407407408
3 0.43667838541666665 0.8156740740740741 0.06799010416666663 0.1032685185185185
3 0.6003828125 0.5246435185185185 0.052151041666666606 0.10092222222222232
3 0.7228307291666667 0.32690694444444446 0.031682291666666626 0.05515462962962964
3 0.8215182291666667 0.3885166666666667 0.029703124999999986 0.04694074074074077
3 0.8706927083333333 0.4777032407407407 0.03960416666666665 0.0516342592592593
3 0.8631015625000001 0.6889351851851852 0.06534895833333335 0.08449259259259266
3 0.6568229166666666 0.28348703703703704 0.026406250000000023 0.038725925925925886
3 0.8723437500000001 0.2588435185185185 0.021781249999999967 0.03168518518518521
0 0.4416294270833333 0.588012962962963 0.009241145833333301 0.023470370370370332
0 0.43403828124999994 0.6155907407407407 0.020463020833333387 0.01994999999999994
0 0.409284375 0.6085499999999999 0.007920833333333318 0.01994999999999994
0 0.5908125000000001 0.5445935185185186 0.011885416666666633 0.016429629629629655
0 0.617546875 0.5434199074074074 0.01121874999999998 0.01877685185185185
0 0.4482302083333334 0.7968981481481482 0.015842708333333337 0.025816666666666724
0 0.44724010416666665 0.8309296296296297 0.013862499999999993 0.023470370370370332
0 0.4168755208333333 0.8321037037037038 0.013862499999999993 0.023470370370370332
0 0.8469296875 0.6889351851851852 0.011880208333333305 0.023470370370370437
0 0.8753151041666667 0.7100583333333335 0.017161458333333237 0.016429629629629655
0 0.342284375 0.5580888888888889 0.008581249999999999 0.019950000000000048
0 0.335353125 0.5774518518518518 0.01320208333333337 0.016429629629629655
0 0.6498906249999999 0.2952222222222223 0.008583333333333342 0.010561111111111117
0 0.7234921875 0.3398157407407407 0.010557291666666658 0.012909259259259266
0 0.8700338541666666 0.2664712962962963 0.00792187500000002 0.011735185185185166
0 0.8172265625 0.39731805555555555 0.009244791666666667 0.012908333333333362
0 0.885546875 0.4859180555555556 0.008583333333333342 0.01642870370370375
0 0.869375 0.47887685185185186 0.01584375000000004 0.016429629629629603
0 0.864421875 0.491199074074074 0.012541666666666628 0.015255555555555555
