2 0.7970911458333333 0.25943055555555555 0.015182291666666714 0.03051111111111111
4 0.8215182291666667 0.2564967592592593 0.02442187500000005 0.041073148148148185
0 0.818546875 0.2506291666666666 0.0066041666666667 0.0176027777777778
4 0.26076197916666666 0.8596833333333335 0.12145833333333335 0.2476148148148149
3 0.5092895833333333 0.4753564814814815 0.02574375 0.042246296296296275
3 0.5614375 0.5088013888888889 0.04158333333333341 0.0715842592592592
3 0.569359375 0.6273259259259258 0.037625000000000006 0.062196296296296215
3 0.8891770833333333 0.6713324074074074 0.05544791666666669 0.068062962962963
3 0.8928072916666667 0.401425 0.027062500000000017 0.037551851851851836
3 0.8030338541666667 0.32573379629629634 0.023098958333333287 0.03637870370370369
3 0.7921406249999999 0.3503773148148149 0.025083333333333374 0.04341944444444442
3 0.561765625 0.3902768518518519 0.03036458333333331 0.055155555555555597
2 0.5304125000000001 0.5850791666666668 0.03366458333333337 0.07158425925925929
0 0.5370130208333334 0.5956412037037038 0.020463541666666706 0.019949074074074143
0 0.21455520833333333 0.7681467592592593 0.010561458333333313 0.0363787037037038
0 0.23930859375 0.7446768518518518 0.02706406250000001 0.015255555555555555
0 0.23732864583333335 0.7699074074074075 0.028384374999999993 0.0352055555555555
0 0.2766041666666667 0.7834027777777779 0.023763541666666683 0.05750185185185183
0 0.23930885416666664 0.8174347222222224 0.012541666666666658 0.0363787037037038
0 0.21587526041666666 0.8455990740740741 0.010561979166666664 0.08566666666666665
0 0.8053437500000001 0.3351217592592593 0.009239583333333337 0.01056203703703702
0 0.8931380208333334 0.40787962962962965 0.009244791666666667 0.010561111111111117
0 0.5611067708333334 0.401425 0.009244791666666667 0.011735185185185166
0 0.5779401041666666 0.6191111111111112 0.009901041666666662 0.02229629629629623
0 0.8739947916666667 0.6701592592592592 0.011885416666666633 0.023470370370370437
0 0.5162205729166667 0.47476944444444447 0.007921354166666698 0.012909259259259266
0 0.5733177083333333 0.5105615740740741 0.008583333333333342 0.01877685185185185
0 0.5670494791666667 0.5287509259259259 0.01716145833333336 0.015255555555555555
0 0.5459244791666666 0.5222967592592593 0.009244791666666667 0.01877685185185185
0 0.5690286458333332 0.6361273148148148 0.01320312500000007 0.014082407407407358
0 0.5096195312499999 0.48357083333333334 0.011881770833333328 0.011734259259259262
