2 0.5624296875 0.5756912037037037 0.03300520833333328 0.07158425925925929
4 0.8225052083333333 0.2564967592592593 0.025083333333333256 0.03637870370370369
0 0.8175572916666667 0.24828194444444446 0.007260416666666695 0.01760277777777775
2 0.7901614583333334 0.26177731481481487 0.017166666666666566 0.030512037037037067
4 0.26043177083333335 0.8626125 0.1260791666666667 0.25112685185185185
3 0.6135859375 0.3803018518518519 0.029703124999999986 0.06102222222222222
3 0.51985234375 0.4735962962962963 0.032347395833333376 0.050461111111111054
3 0.5630885416666667 0.5117347222222223 0.04092708333333341 0.07510462962962969
3 0.5518645833333333 0.6296726851851853 0.046208333333333344 0.0668898148148148
3 0.8858750000000001 0.656663425925926 0.05544791666666657 0.0715842592592592
3 0.8726744791666667 0.3855828703703704 0.027723958333333344 0.03637870370370369
3 0.9802708333333333 0.5181893518518519 0.0448854166666667 0.05515462962962964
3 0.7990729166666667 0.32397314814814815 0.028385416666666666 0.04224629629629633
3 0.7155703125 0.33101435185185185 0.027723958333333344 0.04928796296296296
0 0.5673776041666667 0.5815587962962963 0.019140625 0.017602777777777853
0 0.23864869791666668 0.7435032407407408 0.024423437499999985 0.012908333333333258
0 0.23732838541666668 0.7710810185185185 0.03102447916666667 0.03989907407407408
0 0.21455494791666666 0.7669736111111112 0.011881770833333328 0.038725000000000086
0 0.27627421875 0.785162962962963 0.02310364583333332 0.04928703703703705
0 0.23897890624999998 0.8186078703703704 0.011881770833333328 0.03637870370370369
0 0.21587526041666666 0.8479458333333334 0.011881770833333328 0.07862500000000007
0 0.8056744791666667 0.3357087962962963 0.009901041666666662 0.009387962962962973
0 0.8667343750000001 0.3879296296296296 0.009239583333333337 0.010561111111111065
0 0.877625 0.38616944444444445 0.007260416666666695 0.011735185185185166
0 0.9779609374999999 0.5217101851851852 0.020463541666666647 0.019950000000000048
0 0.9954531249999999 0.5310981481481482 0.007916666666666572 0.012909259259259266
0 0.9720182291666667 0.5322717592592592 0.013859374999999948 0.012908333333333258
0 0.6142473958333333 0.39321018518518525 0.009901041666666662 0.011735185185185218
0 0.5607786458333334 0.6167638888888889 0.01122395833333331 0.015255555555555555
0 0.5389921874999999 0.6308462962962964 0.009901041666666662 0.01994999999999994
0 0.558796875 0.6361273148148148 0.012541666666666748 0.01642870370370375
0 0.8805963541666666 0.6648782407407409 0.018484375000000004 0.02229722222222224
0 0.5274427083333334 0.46890185185185185 0.00660416666666664 0.012909259259259266
0 0.5234825520833333 0.48181064814814817 0.009243229166666703 0.012908333333333362
0 0.5726588541666667 0.5181893518518519 0.008578125000000015 0.01760277777777775
0 0.5660572916666666 0.5328583333333334 0.01782291666666668 0.016429629629629655
0 0.5465859375 0.5269907407407407 0.00792187500000002 0.018775925925925946
0 0.5106096354166667 0.4777032407407407 0.007260937500000016 0.01642870370370375
