0 0.21197916666666666 0.3625 0.013541666666666667 0.021296296296296296
0 0.17239583333333333 0.3458333333333333 0.008333333333333333 0.015740740740740743
0 0.1796875 0.3703703703703704 0.017708333333333333 0.018518518518518517
0 0.50859375 0.7361111111111112 0.01614583333333333 0.020370370370370372
0 0.4770833333333333 0.7208333333333333 0.010416666666666666 0.025
0 0.5768229166666666 0.725925925925926 0.013020833333333334 0.018518518518518517
0 0.5984375 0.750462962962963 0.013541666666666667 0.021296296296296296
0 0.5677083333333334 0.7430555555555556 0.0125 0.017592592592592594
0 0.81640625 0.5157407407407407 0.022395833333333334 0.018518518518518517
0 0.8010416666666667 0.5023148148148149 0.010416666666666666 0.019444444444444445
0 0.7466145833333333 0.22314814814814815 0.0109375 0.014814814814814815
0 0.7208333333333333 0.20925925925925926 0.008333333333333333 0.014814814814814815
0 0.00859375 0.475462962962963 0.015104166666666667 0.019444444444444445
0 0.7247395833333333 0.18703703703703706 0.0171875 0.022222222222222223
2 0.7333333333333333 0.18472222222222223 0.041666666666666664 0.0712962962962963
3 0.19010416666666666 0.3365740740740741 0.06770833333333333 0.10277777777777779
3 0.81875 0.48750000000000004 0.06145833333333333 0.10648148148148148
3 0.58515625 0.7314814814814815 0.057812499999999996 0.08518518518518518
3 0.49973958333333335 0.6972222222222223 0.07447916666666667 0.1388888888888889
3 0.015885416666666666 0.4638888888888889 0.030729166666666665 0.07407407407407407
3 0.7364583333333333 0.19444444444444445 0.06041666666666667 0.11666666666666667
