2 0.28716614583333333 0.7511314814814815 0.04356666666666665 0.08918703703703704
2 0.6366875000000001 0.32690694444444446 0.013864583333333276 0.024643518518518526
4 0.6591328125 0.3216263888888889 0.020463541666666647 0.03520462962962965
0 0.6548411458333334 0.31751944444444447 0.006598958333333371 0.015255555555555555
3 0.5894921874999999 0.4471921296296296 0.03432812500000004 0.061023148148148125
3 0.75715625 0.6642916666666666 0.0488437500000001 0.06102222222222222
3 0.8036953125 0.5322717592592592 0.03102604166666675 0.043419444444444365
3 0.6753020833333333 0.41844120370370375 0.03036458333333331 0.04341944444444442
3 0.41786562499999996 0.5551550925925927 0.02640416666666668 0.04693981481481476
3 0.45483125 0.5956412037037038 0.03696562500000002 0.08331944444444446
3 0.3337028645833333 0.5246435185185185 0.033665104166666696 0.046940740740740665
0 0.2772643229166667 0.7605189814814816 0.022443229166666672 0.021123148148148245
0 0.6452708333333333 0.39144999999999996 0.007260416666666695 0.008214814814814828
3 0.6489010416666666 0.38323564814814814 0.021125000000000088 0.024643518518518526
0 0.6753046875000001 0.43369675925925927 0.00792187500000002 0.008213888888888871
0 0.8013854166666666 0.5310981481481482 0.014520833333333271 0.010561111111111065
0 0.7990755208333333 0.5422462962962963 0.009901041666666662 0.011735185185185166
0 0.5819010416666667 0.4583402777777778 0.008583333333333342 0.012908333333333362
0 0.5984036458333333 0.45892685185185184 0.008578125000000015 0.011735185185185218
0 0.3403041666666667 0.5222962962962964 0.008581249999999999 0.011735185185185166
0 0.32017083333333335 0.5328583333333334 0.006601041666666714 0.016429629629629655
0 0.3363434895833333 0.5340319444444445 0.011221354166666704 0.014082407407407464
0 0.7442838541666668 0.6695722222222221 0.01122395833333331 0.015255555555555555
0 0.7644192708333333 0.6795472222222223 0.013203124999999953 0.016429629629629655
0 0.4254567708333333 0.5533944444444444 0.008581249999999999 0.015255555555555555
0 0.4172057291666667 0.5645430555555556 0.009241666666666681 0.011734259259259262
0 0.46440286458333335 0.6056162037037036 0.009901562499999983 0.014082407407407358
0 0.45516119791666665 0.6214583333333333 0.01650260416666664 0.015255555555555555
