2 0.5165505208333333 0.587426851851852 0.0363052083333334 0.08097222222222217
2 0.7485755208333332 0.253562962962963 0.01583854166666671 0.03051111111111111
4 0.7723385416666666 0.24886851851851854 0.021125000000000088 0.035205555555555545
0 0.7683802083333333 0.24476157407407406 0.005281249999999934 0.0176027777777778
4 0.24227916666666666 0.8831490740740742 0.12541875 0.2640351851851853
3 0.5092901041666666 0.45188611111111116 0.027065625000000003 0.04224629629629633
3 0.433378125 0.4102263888888889 0.03234479166666665 0.04107314814814813
3 0.7076510416666667 0.37854166666666667 0.03960416666666665 0.05750185185185183
3 0.54559375 0.4947189814814815 0.044229166666666646 0.06688981481481486
3 0.8459401041666667 0.6202847222222223 0.04554687500000002 0.0668898148148148
3 0.9198723958333334 0.49589305555555563 0.04026562499999997 0.048113888888888914
3 0.8393411458333334 0.35565833333333335 0.020463541666666647 0.028164814814814823
0 0.5218325520833333 0.5874263888888889 0.017824479166666643 0.017602777777777853
0 0.2168653645833333 0.7652134259259259 0.02706406250000001 0.01642870370370375
0 0.1927716145833333 0.7910305555555556 0.011881770833333357 0.042246296296296275
0 0.21620520833333334 0.7945513888888889 0.032344791666666685 0.039899074074073976
0 0.19607213541666668 0.8843245370370371 0.011881770833333328 0.06454351851851851
0 0.22016588541666668 0.8414916666666666 0.012542187500000008 0.028164814814814823
0 0.25911171875 0.8027657407407408 0.024423437500000016 0.044592592592592566
3 0.7541848958333333 0.3139986111111111 0.0257447916666667 0.03403240740740741
0 0.8373567708333333 0.3544847222222222 0.009901041666666662 0.007041666666666684
0 0.8350494791666667 0.3615259259259259 0.006598958333333371 0.007040740740740727
3 0.8109531249999999 0.3679800925925926 0.03234374999999995 0.04811388888888886
0 0.8007239583333332 0.38088888888888894 0.0066041666666667 0.010561111111111117
0 0.8175572916666667 0.38499583333333337 0.007260416666666695 0.009387962962962973
0 0.917890625 0.4947194444444445 0.016500000000000032 0.015255555555555555
0 0.9324114583333333 0.501173611111111 0.007260416666666695 0.014082407407407358
0 0.9129401041666667 0.5052810185185185 0.010557291666666658 0.012908333333333362
0 0.6967578125 0.3955574074074074 0.008578125000000015 0.011735185185185166
0 0.43931875 0.41022685185185187 0.008581249999999999 0.015255555555555555
0 0.42281640625 0.4178541666666667 0.011221354166666704 0.007041666666666631
0 0.8498984375 0.6355402777777778 0.015182291666666714 0.01760277777777775
0 0.5175419270833332 0.4595138888888889 0.00660364583333332 0.012909259259259266
0 0.5043388020833334 0.46186064814814815 0.010561979166666664 0.01290833333333331
0 0.5554947916666666 0.49706620370370375 0.007260416666666695 0.012908333333333362
0 0.5495546875 0.5140819444444444 0.015182291666666714 0.014082407407407358
0 0.5307421875 0.509387962962963 0.009244791666666726 0.018775925925925946
0 0.4363486979166667 0.4219615740740741 0.011881770833333328 0.01525648148148146
