4 0.7710182291666666 0.2471087962962963 0.022442708333333408 0.03637870370370369
4 0.23897890625 0.8825652777777777 0.1267390625 0.2534805555555555
3 0.43172760416666667 0.4102268518518518 0.03036458333333331 0.03872592592592594
3 0.508628125 0.45129953703703707 0.029702083333333344 0.043419444444444476
3 0.5452630208333333 0.49413240740740744 0.038286458333333384 0.068062962962963
3 0.6644140625 0.3585921296296296 0.03498437500000004 0.06454351851851851
3 0.754515625 0.3151717592592593 0.025083333333333374 0.03637870370370369
3 0.8093046875 0.3750212962962963 0.03300520833333328 0.055155555555555597
3 0.8954479166666667 0.39673101851851855 0.02310416666666673 0.03285833333333336
3 0.917890625 0.4953055555555556 0.03894791666666665 0.05398148148148155
3 0.8581536458333333 0.627912962962963 0.05413020833333325 0.06571666666666671
0 0.5561562499999999 0.501173611111111 0.008583333333333342 0.014082407407407358
0 0.5469140625 0.5158425925925926 0.01650520833333336 0.015255555555555555
0 0.6555 0.3703273148148148 0.009239583333333337 0.01056203703703702
0 0.6716744791666667 0.3738476851851852 0.008578124999999895 0.01056203703703702
0 0.51523046875 0.4477787037037037 0.007260937499999957 0.012909259259259266
0 0.5122598958333333 0.4595138888888889 0.009241666666666622 0.012909259259259266
0 0.49938802083333333 0.45716666666666667 0.007261458333333337 0.015255555555555555
0 0.43832890625 0.4096398148148148 0.007921354166666698 0.014081481481481454
0 0.4346981770833333 0.42020092592592595 0.009901562499999983 0.011735185185185166
0 0.42017604166666667 0.4178541666666667 0.005940625000000033 0.014082407407407412
0 0.8495703124999999 0.6126574074074074 0.013203124999999953 0.011735185185185166
0 0.8446197916666667 0.6290861111111111 0.01121874999999998 0.01642962962962955
0 0.7990729166666667 0.38264907407407406 0.005937500000000047 0.011735185185185218
0 0.8142552083333333 0.39262407407407407 0.0072604166666665765 0.008214814814814828
0 0.9155807291666667 0.4929587962962964 0.01583854166666659 0.01642870370370375
0 0.9116197916666666 0.5029337962962963 0.010562499999999985 0.01760277777777775
0 0.9307630208333334 0.501173611111111 0.006598958333333371 0.014082407407407358
0 0.8951171875 0.39614444444444447 0.013203124999999953 0.010561111111111117
0 0.8924791666666666 0.4043587962962963 0.010562499999999985 0.01056203703703702
0 0.7670572916666667 0.244174537037037 0.005281249999999934 0.0164287037037037
2 0.5601171875 0.5610222222222222 0.036307291666666686 0.07745185185185177
0 0.5647369791666667 0.5639560185185185 0.019140625 0.01760277777777775
0 0.21521510416666664 0.7652134259259259 0.030364583333333337 0.01642870370370375
0 0.19178177083333334 0.7892703703703704 0.015182291666666655 0.036379629629629595
0 0.21455520833333333 0.7927907407407407 0.030364583333333337 0.04342037037037027
0 0.25746145833333334 0.8021791666666667 0.023763541666666683 0.043419444444444365
0 0.21983567708333332 0.8426652777777778 0.015842187500000014 0.037552777777777796
0 0.19475182291666665 0.8825643518518519 0.011881770833333328 0.07275833333333329
0 0.22610677083333333 0.8227152777777779 0.011221875000000025 0.03989907407407408
