3 0.29112656249999996 0.7511314814814815 0.09769479166666667 0.19245555555555555
3 0.004643333333333333 0.8098069444444445 0.07921197916666665 0.14551574074074067
3 0.6782760416666667 0.46890185185185185 0.07722916666666665 0.1396481481481481
3 0.7426328125 0.5269907407407407 0.07789062500000009 0.11265740740740743
0 0.021475885416666667 0.8168481481481482 0.015182291666666667 0.03051111111111111
0 0.03401776041666667 0.8367976851851852 0.016502499999999996 0.037552777777777796
0 0.25086041666666664 0.7898569444444444 0.015842708333333337 0.025817592592592524
0 0.29475703124999997 0.7974847222222222 0.020463020833333328 0.022297222222222135
0 0.7515468750000001 0.5387259259259259 0.021781250000000085 0.018775925925925946
0 0.7588072916666666 0.5616092592592593 0.020458333333333318 0.02464444444444443
0 0.7168906249999999 0.5481138888888889 0.014520833333333271 0.018775925925925946
0 0.7063281250000001 0.5123217592592593 0.01584374999999992 0.022297222222222135
3 0.6020338541666667 0.9963935185185185 0.07128645833333327 0.08449074074074074
