3 0.23171770833333336 0.4953055555555556 0.03960625000000002 0.06571666666666671
3 0.18221015625 0.6396476851851852 0.038285937500000006 0.05163425925925925
3 0.350865625 0.657250462962963 0.045546874999999966 0.09388055555555552
3 0.5360223958333333 0.5481138888888889 0.03564270833333338 0.09388148148148143
3 0.6934583333333334 0.5862532407407407 0.03366666666666672 0.05280833333333335
3 0.6568229166666666 0.401425 0.025083333333333374 0.039899999999999984
3 0.7657395833333334 0.5205361111111111 0.03960416666666665 0.06219629629629632
3 0.8003932291666667 0.5064541666666666 0.03366145833333327 0.04811388888888886
3 0.6680442708333333 0.7399828703703704 0.03828645833333333 0.057502777777777736
3 0.5584661458333334 0.8080467592592592 0.042244791666666615 0.05984907407407413
0 0.24392968750000002 0.5011736111111111 0.008581249999999999 0.01877685185185185
0 0.23303776041666666 0.5140819444444444 0.014522395833333352 0.014082407407407358
0 0.34195416666666667 0.6824810185185186 0.014521875000000031 0.017602777777777853
0 0.3660479166666667 0.6742662037037037 0.009901041666666662 0.019949074074074143
0 0.6574817708333334 0.40670601851851856 0.009244791666666667 0.012908333333333362
0 0.18683098958333333 0.6408212962962964 0.011881770833333328 0.01408148148148156
0 0.19376171875 0.6496226851851852 0.007260937499999986 0.01760277777777775
0 0.1759390625 0.6525564814814815 0.012541666666666687 0.014081481481481454
0 0.7937942708333333 0.5158421296296297 0.009901041666666662 0.012908333333333362
0 0.7753098958333333 0.5305111111111112 0.013859375000000066 0.018775925925925946
0 0.7551770833333333 0.5357916666666667 0.013197916666666623 0.015255555555555555
0 0.5366848958333333 0.5721712962962963 0.013203124999999953 0.015255555555555555
0 0.6997265625 0.6009217592592593 0.011880208333333423 0.014082407407407464
0 0.6835546875 0.5903601851851852 0.009901041666666662 0.01877592592592584
0 0.5472447916666667 0.8004185185185185 0.011885416666666633 0.01642962962962955
0 0.5713385416666666 0.8215416666666667 0.008583333333333342 0.018775925925925946
0 0.5492239583333334 0.8150875 0.010562500000000105 0.01760277777777775
0 0.6743125 0.7487842592592593 0.012541666666666628 0.01408148148148156
0 0.6551718750000001 0.7464370370370371 0.007260416666666695 0.016429629629629655
0 0.6611119791666666 0.7376356481481482 0.009901041666666662 0.017602777777777853
2 0.8763046875 0.38264907407407406 0.02442187500000005 0.049287037037037004
0 0.8772942708333334 0.38264907407407406 0.01716145833333336 0.014081481481481507
