3 0.20960442708333332 0.5381393518518518 0.03762552083333333 0.07158425925925929
3 0.18022968749999999 0.6384740740740741 0.040926041666666656 0.05398148148148144
3 0.5871822916666667 0.47887685185185186 0.028385416666666666 0.042246296296296275
3 0.5343739583333333 0.5504611111111112 0.03762708333333329 0.08918703703703704
3 0.6561614583333333 0.4008384259259259 0.026406250000000023 0.04107314814814813
3 0.7624375000000001 0.5205361111111112 0.03960416666666677 0.069237037037037
3 0.7987447916666666 0.5058675925925926 0.03960416666666665 0.051635185185185256
3 0.6366875000000001 0.7176865740740741 0.03894791666666665 0.05984907407407403
3 0.971359375 0.8033523148148148 0.042906250000000055 0.06454351851851851
0 0.21950572916666666 0.5410726851851853 0.008581249999999999 0.014082407407407358
0 0.21356510416666666 0.5557421296296297 0.015182291666666655 0.01760277777777775
0 0.2822151041666667 0.589187037037037 0.008581249999999999 0.018775925925925946
0 0.26076197916666666 0.5979884259259259 0.014521875000000031 0.01760277777777775
3 0.2663729166666667 0.5756912037037037 0.04158645833333337 0.09036018518518524
0 0.6558307291666667 0.4067055555555556 0.008578125000000015 0.015255555555555555
0 0.18617057291666667 0.6396476851851851 0.007921354166666669 0.01877685185185185
0 0.19343177083333335 0.647275462962963 0.006601041666666655 0.012908333333333362
0 0.17659921874999998 0.6502092592592593 0.012542187500000008 0.01408148148148156
0 0.7928020833333332 0.5152555555555556 0.00791666666666669 0.011735185185185166
0 0.7743177083333334 0.5316847222222223 0.010562499999999985 0.01877685185185185
0 0.5350338541666666 0.5727574074074074 0.01122395833333331 0.011735185185185166
0 0.9842317708333332 0.814500925925926 0.01320312500000007 0.01877592592592584
0 0.9607994791666667 0.8074597222222222 0.009901041666666662 0.021123148148148137
0 0.6267890625 0.7217935185185186 0.009901041666666662 0.016429629629629655
0 0.6449401041666667 0.7323550925925927 0.010557291666666658 0.014082407407407358
2 0.8281171875000001 0.38616944444444445 0.027067708333333346 0.04694074074074077
2 0.053490625 0.6513828703703705 0.027723958333333337 0.061023148148148125
0 0.051180390625 0.6537300925925926 0.020463177083333332 0.016428703703703647
0 0.8307604166666667 0.3838226851851852 0.01782291666666668 0.014082407407407412
