3 0.32743203125 0.4888518518518519 0.04224635416666664 0.08097222222222217
3 0.37396901041666664 0.4759430555555556 0.03762552083333333 0.06454351851851846
3 0.18022994791666666 0.6437550925925926 0.03960572916666667 0.050460185185185254
3 0.6383385416666667 0.49589259259259266 0.03432291666666659 0.05280740740740745
3 0.6541822916666667 0.40201203703703703 0.026406250000000023 0.038725925925925886
3 0.7720104166666667 0.5222967592592593 0.042906250000000055 0.06806388888888891
3 0.7997317708333334 0.5058675925925926 0.03498437499999992 0.04928703703703705
3 0.6383385416666667 0.7294212962962963 0.04092708333333341 0.05515555555555554
0 0.3825502604166666 0.48005046296296305 0.009901562499999983 0.014082407407407358
0 0.3742989583333333 0.4947194444444445 0.017162499999999997 0.015255555555555555
0 0.32182135416666663 0.5058675925925926 0.011221874999999966 0.011735185185185166
0 0.34162421875 0.4982393518518519 0.009901562499999983 0.017602777777777853
0 0.6561614583333333 0.4067055555555556 0.010562499999999985 0.015255555555555555
0 0.18584062499999998 0.6425814814814815 0.01782291666666665 0.012909259259259162
0 0.18749088541666667 0.6531430555555556 0.011881770833333328 0.01760277777777775
0 0.16933828125 0.6531430555555556 0.009901562499999983 0.019949074074074143
0 0.7928020833333332 0.5164291666666667 0.009239583333333337 0.01642870370370375
0 0.7772890625 0.5398995370370371 0.013859375000000066 0.014082407407407464
0 0.7627682291666666 0.5275777777777779 0.009901041666666662 0.015255555555555555
0 0.7574869791666666 0.5363791666666667 0.00990104166666678 0.021123148148148137
3 0.5333820312499999 0.5299245370370371 0.04092343750000005 0.09036018518518524
0 0.5340416666666667 0.5539814814814814 0.010562499999999985 0.014081481481481454
0 0.6297578125 0.4953055555555556 0.00792187500000002 0.01173518518518527
0 0.6370208333333333 0.5064541666666666 0.010562499999999985 0.012908333333333362
0 0.6238177083333334 0.7382226851851852 0.009239583333333337 0.01877685185185185
0 0.6422994791666667 0.7382226851851853 0.01320312500000007 0.014082407407407358
2 0.7759687500000001 0.36387268518518523 0.032343750000000074 0.05163425925925925
0 0.7683802083333333 0.3615259259259259 0.010562499999999985 0.016429629629629603
