4 0.7304244791666666 0.22246481481481484 0.0970364583333333 0.14434259259259258
3 0.14095390625 0.6537300925925926 0.0811921875 0.14786203703703707
3 0.10728880208333334 0.4184412037037037 0.04950781249999999 0.06454351851851851
3 0.46275234375 0.5123222222222222 0.0554484375 0.08097222222222221
3 0.5013690104166667 0.6502092592592593 0.07327239583333332 0.12204444444444444
3 0.459121875 0.32808055555555554 0.056108333333333364 0.07393148148148149
0 0.45120078124999996 0.5076277777777779 0.011221354166666645 0.015255555555555555
0 0.49410729166666667 0.6613574074074074 0.024423958333333336 0.01994999999999994
0 0.5251322916666666 0.6672254629629629 0.015183333333333356 0.02933796296296302
0 0.4908067708333333 0.6854148148148149 0.02574375 0.023470370370370437
0 0.46539296874999997 0.33394814814814816 0.00924114583333336 0.019949999999999992
0 0.44129921875 0.3480305555555556 0.009901562499999983 0.019949999999999992
0 0.4604421875 0.5293375000000001 0.015182291666666655 0.021123148148148137
0 0.7056692708333333 0.20251527777777778 0.0145260416666666 0.06454351851851851
0 0.7294348958333332 0.2013416666666667 0.007921874999999901 0.05515555555555557
0 0.7538567708333334 0.20310185185185187 0.01583854166666659 0.06337037037037037
1 0.7304218749999999 0.16378935185185184 0.021781249999999967 0.017602777777777773
2 0.474634375 0.2893546296296296 0.03960625000000005 0.07627777777777778
0 0.48222552083333337 0.2881810185185185 0.02178333333333331 0.01760277777777775
