3 0.23996875 0.5099745370370371 0.049507291666666654 0.09036018518518518
3 0.19970286458333333 0.5545680555555557 0.04818697916666667 0.07158425925925929
3 0.6518697916666666 0.40025185185185186 0.028385416666666666 0.042246296296296275
3 0.6756354166666667 0.6015087962962963 0.053468749999999926 0.09740092592592592
3 0.794453125 0.5064541666666666 0.03894791666666665 0.04811388888888886
3 0.9050208333333333 0.4964796296296296 0.035645833333333245 0.05398148148148144
3 0.8073255208333333 0.6584236111111113 0.04884895833333332 0.07510462962962958
3 0.9987552083333334 0.6701587962962964 0.05544791666666657 0.08214537037037035
0 0.20960416666666667 0.5557421296296297 0.011221875000000025 0.01760277777777775
0 0.18551067708333333 0.569237037037037 0.011881770833333328 0.018775925925925946
0 0.22544661458333332 0.5240569444444444 0.009901562500000013 0.01760277777777775
0 0.24888020833333335 0.5228837962962963 0.010561458333333313 0.017602777777777853
0 0.644609375 0.39790462962962964 0.005937499999999929 0.011735185185185218
0 0.6535234375 0.40670601851851856 0.007921874999999901 0.012908333333333362
0 0.20531354166666665 0.5715842592592593 0.015842708333333337 0.014081481481481454
0 0.7898333333333334 0.5170162037037038 0.008583333333333342 0.012908333333333258
0 0.8033645833333334 0.6725060185185184 0.018479166666666675 0.01642870370370375
0 0.6680442708333333 0.6202847222222223 0.011880208333333305 0.01760277777777775
0 0.6931276041666667 0.6243921296296296 0.009244791666666667 0.023469444444444532
0 0.9073281249999999 0.5046939814814816 0.012541666666666628 0.01642870370370375
0 0.8964401041666666 0.49530601851851846 0.00792187500000002 0.014082407407407358
0 0.9829114583333334 0.6848282407407408 0.010562499999999985 0.01760277777777775
2 0.8512213541666667 0.3873425925925926 0.023098958333333287 0.05398148148148149
0 0.8522109374999999 0.38440925925925923 0.01583854166666671 0.015255555555555555
