3 0.652203125 0.4020115740740741 0.025083333333333256 0.04107314814814813
3 0.7951119791666666 0.5064546296296296 0.038942708333333326 0.05046111111111116
3 0.9040286458333334 0.49706620370370375 0.03630729166666657 0.0528083333333333
3 0.8013828125 0.6519699074074075 0.04884895833333332 0.07158425925925929
3 0.6984088541666666 0.6091365740740742 0.05148437499999995 0.09153425925925934
3 0.24095885416666665 0.5105615740740741 0.04752708333333334 0.07979907407407412
3 0.2868359375 0.5310981481481482 0.03894583333333337 0.0692370370370371
3 0.024776380208333334 0.5088013888888889 0.032344843750000005 0.04576759259259257
0 0.29805781249999996 0.5334453703703704 0.008581249999999999 0.015255555555555555
0 0.29079661458333333 0.5492875 0.0165026041666667 0.016428703703703647
0 0.22643697916666666 0.5222967592592593 0.010561458333333343 0.014082407407407358
0 0.25020026041666665 0.5217101851851851 0.011881770833333328 0.015255555555555555
0 0.6459322916666667 0.3967314814814815 0.007260416666666695 0.011735185185185218
0 0.652859375 0.40611898148148157 0.010562500000000105 0.014082407407407412
0 0.031377369791666665 0.5070412037037036 0.008581302083333334 0.01642870370370375
0 0.024116302083333332 0.5205361111111112 0.013862083333333334 0.015255555555555555
0 0.7898307291666666 0.5176027777777777 0.009901041666666662 0.014081481481481454
0 0.8178854166666667 0.6642912037037038 0.010562499999999985 0.021123148148148137
0 0.7967630208333333 0.6660518518518519 0.019807291666666654 0.019950000000000048
0 0.6914765625 0.6337800925925927 0.011223958333333428 0.01642870370370375
0 0.7155703125 0.6284995370370372 0.00792187500000002 0.02229722222222224
0 0.907 0.5064541666666666 0.011885416666666633 0.012908333333333362
0 0.8954479166666667 0.4964791666666667 0.00990624999999999 0.014082407407407464
2 0.86409375 0.38206203703703706 0.02376041666666661 0.05515555555555554
0 0.8667343750000001 0.3838226851851852 0.01584374999999992 0.014082407407407412
