3 0.23600807291666664 0.5093884259259259 0.04026614583333332 0.07510462962962963
3 0.2858455729166666 0.5041074074074073 0.042246354166666666 0.069237037037037
3 0.021805921875000002 0.5140824074074075 0.03828576041666667 0.05398148148148155
3 0.6403203125 0.519362962962963 0.03300520833333328 0.050461111111111054
3 0.7158984375 0.6208717592592593 0.05082812499999995 0.09388055555555552
3 0.7531979166666666 0.6361273148148148 0.04092708333333341 0.0704101851851852
3 0.85353125 0.7628662037037038 0.040927083333333295 0.06336944444444441
3 0.65253125 0.40435925925925925 0.025739583333333253 0.03872592592592594
0 0.29706744791666667 0.5082143518518518 0.009241145833333301 0.01642870370370375
0 0.2855158854166666 0.5211231481481482 0.0165026041666667 0.018775925925925946
0 0.30168828124999997 0.5181893518518519 0.007921354166666698 0.01760277777777775
0 0.23897864583333334 0.5246439814814815 0.01320208333333331 0.014082407407407464
0 0.6515390624999999 0.4078791666666667 0.00792187500000002 0.012908333333333362
0 0.013224635416666667 0.5140819444444444 0.011881770833333334 0.014082407407407358
0 0.024776380208333334 0.5228833333333333 0.012541927083333333 0.015255555555555555
0 0.0062935833333333325 0.5252305555555556 0.009901479166666666 0.019950000000000048
3 0.7941223958333334 0.5070412037037036 0.03828645833333333 0.046939814814814865
0 0.7885130208333334 0.5158425925925926 0.009901041666666662 0.015255555555555555
0 0.7647473958333334 0.6378875 0.01122395833333331 0.015256481481481565
0 0.8485807291666667 0.7658000000000001 0.016505208333333243 0.015255555555555555
0 0.8439583333333334 0.7769481481481482 0.012541666666666748 0.018775925925925946
0 0.6320677083333333 0.5246435185185185 0.007260416666666695 0.018775925925925946
0 0.6485703125000001 0.5322717592592592 0.01122395833333331 0.017602777777777853
2 0.9040286458333334 0.38323564814814814 0.027067708333333346 0.04811388888888886
0 0.9073307291666667 0.38323564814814814 0.01650520833333336 0.012908333333333362
