3 0.6508802083333334 0.4037722222222222 0.025083333333333374 0.035205555555555545
3 0.24293932291666664 0.4953060185185186 0.042246354166666666 0.07979907407407412
3 0.2680231770833333 0.5310981481481482 0.04620677083333333 0.07393148148148149
3 0.5330544270833334 0.7311814814814814 0.036307812499999946 0.05398148148148155
3 0.6924661458333332 0.5727574074074074 0.03828645833333333 0.05398148148148144
3 0.7139192708333333 0.6202847222222223 0.04554687500000002 0.09740092592592592
3 0.7482447916666667 0.6367138888888889 0.04290624999999994 0.07393148148148149
3 0.7928020833333334 0.5076277777777779 0.03828125 0.050461111111111054
0 0.2742940104166667 0.5440064814814816 0.01254218749999995 0.015255555555555555
0 0.2799046875 0.5545685185185185 0.01320208333333331 0.015255555555555555
0 0.26010182291666667 0.5522212962962963 0.014522395833333323 0.019950000000000048
0 0.23798854166666666 0.5134953703703704 0.012541666666666658 0.015255555555555555
0 0.6512109374999999 0.40905277777777777 0.009901041666666662 0.015255555555555555
0 0.6442786458333333 0.39673101851851855 0.007921874999999901 0.0164287037037037
0 0.7878515625000001 0.5146685185185186 0.01122395833333331 0.015255555555555555
0 0.7614479166666667 0.6378875 0.008583333333333342 0.012908333333333362
0 0.5231518229166666 0.7212064814814815 0.00858177083333338 0.015255555555555555
0 0.5304114583333334 0.7388092592592592 0.012541666666666687 0.015255555555555555
0 0.5459244791666666 0.7376356481481482 0.00792187500000002 0.017602777777777853
0 0.6990677083333333 0.5739310185185186 0.013197916666666741 0.016428703703703647
0 0.6871875000000001 0.5803851851851852 0.010562499999999985 0.015255555555555555
2 0.8921458333333333 0.3844092592592593 0.021781249999999967 0.0504611111111111
0 0.8921484375 0.38264907407407406 0.01650520833333336 0.016429629629629603
2 0.021475885416666667 0.6531430555555556 0.027064062499999996 0.05984907407407403
0 0.017185234374999997 0.657837037037037 0.01584234375 0.01994999999999994
