3 0.29013645833333335 0.48533101851851856 0.04158645833333333 0.07393055555555558
3 0.2703333333333333 0.5340319444444445 0.041586458333333305 0.0704101851851852
3 0.6805833333333332 0.40201203703703703 0.03036458333333331 0.04342037037037038
3 0.7449453125000001 0.6238050925925925 0.04554687500000002 0.09036018518518524
3 0.823828125 0.6308467592592593 0.046208333333333226 0.08331944444444446
3 0.8241588541666667 0.5076282407407406 0.04026562499999997 0.04811388888888896
3 0.37858984375000004 0.6807208333333333 0.03762552083333333 0.05163425925925925
0 0.281225 0.5398995370370371 0.010561458333333343 0.016428703703703647
0 0.2739640625 0.5533944444444444 0.01716249999999997 0.015255555555555555
0 0.28980625 0.5023472222222223 0.01320208333333331 0.016429629629629655
0 0.6739843750000001 0.39673101851851855 0.0066041666666667 0.014082407407407412
0 0.6812447916666665 0.4067055555555556 0.009239583333333337 0.015255555555555555
0 0.8201953125 0.5170162037037038 0.01122395833333331 0.017602777777777853
0 0.8277890625 0.6466888888888889 0.017161458333333237 0.011735185185185166
0 0.8300989583333332 0.6601837962962963 0.01782291666666668 0.01760277777777775
0 0.8086458333333333 0.6455152777777778 0.009239583333333337 0.011734259259259262
0 0.3670380208333333 0.6842412037037038 0.009241666666666681 0.016428703703703647
0 0.38552083333333337 0.6948027777777778 0.011882291666666649 0.016429629629629655
2 0.8720130208333332 0.3885166666666667 0.02244270833333329 0.04694074074074077
0 0.8726744791666666 0.38558287037037037 0.01583854166666671 0.01290833333333331
2 0.05811132812499999 0.6461018518518519 0.025083593749999997 0.06219629629629632
0 0.055141015625 0.6525560185185186 0.019142968750000003 0.021123148148148137
