3 0.3964125 0.538725925925926 0.04818749999999999 0.07745185185185188
3 0.46902343750000003 0.47183564814814816 0.04290625 0.0868398148148148
3 0.5545078125 0.6965634259259259 0.04224479166666673 0.05984907407407403
3 0.9083177083333334 0.7282476851851851 0.06072916666666662 0.09505462962962963
3 0.9093098958333333 0.40259861111111117 0.03102604166666675 0.04693981481481481
3 0.037648359375 0.5856662037037037 0.040926197916666664 0.05163425925925935
0 0.38420078125 0.558088425925926 0.011881770833333328 0.01760277777777775
0 0.40202343749999997 0.5498740740740741 0.017162499999999997 0.015255555555555555
0 0.40499375 0.5639560185185185 0.015182291666666655 0.01760277777777775
0 0.48486588541666664 0.4865046296296296 0.007260937500000016 0.017601851851851844
0 0.4650627604166666 0.4917856481481482 0.011221354166666645 0.014082407407407358
0 0.9007291666666667 0.39790462962962964 0.008583333333333342 0.014081481481481507
0 0.909640625 0.4096398148148148 0.010562500000000105 0.014081481481481454
0 0.03269755208333333 0.5974013888888889 0.015182291666666662 0.01642870370370375
0 0.542953125 0.697149537037037 0.008583333333333342 0.01642870370370375
0 0.5624270833333334 0.7077115740740741 0.013197916666666623 0.01642870370370375
0 0.9040286458333334 0.7593458333333333 0.016505208333333243 0.01877685185185185
2 0.21257473958333334 0.6402342592592593 0.027724479166666663 0.06219629629629632
0 0.20993437499999998 0.6425814814814815 0.019803124999999994 0.01760185185185195
0 0.0036531974739583335 0.6754398148148149 0.007261105052083333 0.03168518518518521
4 -0.007238437499999998 0.6807203703703704 0.062049375 0.11500370370370366
