4 0.21785572916666668 0.6912824074074074 0.07393124999999999 0.11500370370370377
3 0.4772747395833334 0.4577537037037037 0.03960572916666667 0.05632777777777784
3 0.49047682291666667 0.4923722222222222 0.035645312499999984 0.05750185185185183
3 0.6086354166666667 0.40494583333333334 0.046208333333333344 0.06806388888888891
3 0.64725 0.4149203703703704 0.03498958333333325 0.045766666666666664
3 0.8007213541666667 0.7646268518518519 0.052807291666666596 0.09974814814814811
3 0.8475911458333333 0.7699074074074075 0.04224479166666673 0.0704111111111112
3 0.8690442708333334 0.8244759259259259 0.054786458333333364 0.1044425925925926
0 0.6208463541666667 0.4119870370370371 0.008578125000000015 0.011735185185185218
0 0.6261276041666667 0.42430833333333334 0.008578125000000015 0.015255555555555555
0 0.6086354166666667 0.4225486111111111 0.014520833333333271 0.014082407407407412
0 0.7954427083333333 0.7916171296296297 0.01584375000000004 0.01760277777777775
0 0.6396588541666667 0.41257314814814816 0.01583854166666659 0.015255555555555555
0 0.6555 0.4202013888888889 0.009239583333333337 0.014082407407407412
0 0.6396588541666667 0.4272421296296297 0.010557291666666658 0.014082407407407412
0 0.8367005208333333 0.7628662037037038 0.009901041666666662 0.014082407407407358
0 0.8736640625 0.8438388888888889 0.015182291666666714 0.018775925925925946
0 0.4723239583333333 0.46127407407407406 0.013862499999999993 0.014081481481481454
0 0.4868463541666666 0.4659680555555556 0.008581249999999999 0.016428703703703647
0 0.46803333333333336 0.4735962962962963 0.010561458333333343 0.015255555555555555
0 0.4851958333333333 0.49002546296296295 0.015842708333333337 0.012908333333333362
0 0.4812351562500001 0.5052810185185185 0.011881770833333328 0.012908333333333362
0 0.5007083333333333 0.4964796296296297 0.008581249999999999 0.016429629629629655
2 0.4261169270833333 0.6619444444444444 0.029704687499999948 0.0657166666666666
0 0.4238065104166666 0.6631180555555556 0.02112343750000001 0.01877685185185185
0 0.21356510416666663 0.6437550925925926 0.02178333333333334 0.01760277777777775
0 0.23402786458333333 0.6801337962962963 0.012542187500000008 0.03403240740740741
0 0.21092447916666668 0.6830675925925925 0.007261458333333337 0.023470370370370332
0 0.19607239583333333 0.6772 0.006601041666666655 0.014081481481481454
