4 0.9528776041666667 0.3380555555555556 0.031026041666666632 0.04224629629629633
4 0.21125442708333333 0.8966486111111112 0.17426614583333333 0.27225833333333344
3 0.4403091145833333 0.40494583333333334 0.03432552083333332 0.06336944444444441
3 0.4383286458333333 0.4301763888888889 0.03036458333333331 0.048113888888888914
3 0.47793463541666664 0.40377222222222225 0.03168489583333335 0.042246296296296275
3 0.7076484375 0.5404861111111111 0.05413020833333337 0.07862592592592588
3 0.896765625 0.6085499999999999 0.07327083333333337 0.11148333333333327
3 0.9601380208333333 0.5680634259259258 0.05610937500000001 0.09388055555555552
0 0.8776276041666667 0.6220453703703703 0.015182291666666596 0.018775925925925946
0 0.9129401041666667 0.6367143518518518 0.0145260416666666 0.017602777777777853
3 0.9221822916666668 0.40905277777777777 0.023760416666666728 0.0340314814814815
3 0.751875 0.3750208333333333 0.019802083333333324 0.024643518518518526
0 0.474634375 0.4119870370370371 0.009241666666666622 0.011735185185185218
0 0.9565078124999999 0.578625 0.021119791666666644 0.018775925925925946
0 0.9535364583333333 0.5927074074074075 0.02310416666666673 0.018775925925925946
0 0.9796093749999999 0.5915337962962963 0.010562499999999985 0.01877685185185185
0 0.6894973958333334 0.5528078703703704 0.009901041666666662 0.01877685185185185
0 0.7175494791666667 0.5616092592592593 0.011880208333333305 0.015255555555555555
0 0.43700859374999995 0.43076296296296296 0.015842187500000014 0.011735185185185166
0 0.43568854166666665 0.44249768518518523 0.010561458333333284 0.014082407407407412
0 0.46836354166666666 0.44601851851851854 0.015182291666666655 0.011735185185185166
0 0.4680330729166666 0.4606875 0.011881770833333328 0.01290833333333331
3 0.4713338541666667 0.44367129629629626 0.03036458333333331 0.049287037037037004
0 0.48222526041666663 0.4477787037037037 0.007260937499999957 0.015255555555555555
0 0.9456145833333333 0.33336157407407413 0.007260416666666695 0.021123148148148137
1 0.9558463541666666 0.3198662037037037 0.011880208333333423 0.008213888888888923
2 0.9228411458333333 0.34098935185185186 0.022442708333333408 0.029337962962962965
0 0.9284505208333333 0.3362953703703704 0.00990104166666678 0.015255555555555555
2 0.46968359375 0.6631180555555556 0.05082760416666664 0.1009212962962963
0 0.45813177083333334 0.6701587962962964 0.025083333333333315 0.025817592592592524
0 0.16537760416666666 0.7963111111111112 0.016502083333333348 0.0340314814814815
0 0.20300338541666665 0.7710810185185186 0.029704687500000007 0.01877685185185185
0 0.19409192708333337 0.8056995370370371 0.043566145833333327 0.04576759259259257
0 0.2541609375 0.8602675925925926 0.010561458333333313 0.02581666666666662
0 0.15349583333333333 0.9471111111111112 0.012541666666666658 0.03520370370370379
0 0.9211901041666666 0.41492037037037044 0.009901041666666662 0.010561111111111117
