3 0.20465364583333334 0.6138305555555555 0.040926041666666656 0.05632777777777784
3 0.2587817708333333 0.7622796296296296 0.04620729166666668 0.08801296296296295
3 0.3805700520833334 0.7053643518518519 0.05346822916666666 0.11265648148148158
3 0.6561614583333333 0.5551546296296297 0.04753125 0.08449259259259255
3 0.7687109375000001 0.617350925925926 0.05082812499999995 0.08918703703703704
3 0.947265625 0.5334453703703704 0.043562499999999935 0.05750185185185183
3 0.5531875 0.8403180555555556 0.04092708333333336 0.06336944444444452
0 0.2729736979166667 0.765800462962963 0.009901562499999983 0.017602777777777853
0 0.2663729166666666 0.7822291666666668 0.02178333333333331 0.022297222222222135
0 0.3597768229166667 0.7253138888888888 0.011881770833333328 0.01877592592592584
0 0.38552083333333337 0.7317685185185185 0.015842708333333337 0.01994999999999994
0 0.21059453125 0.6114837962962962 0.011881770833333328 0.021123148148148137
0 0.21653541666666667 0.6249791666666666 0.01320208333333334 0.01760277777777775
0 0.19838255208333333 0.6255657407407408 0.013861979166666672 0.018775925925925946
0 0.7578177083333333 0.6425814814814815 0.01452083333333339 0.01760185185185195
0 0.7815807291666667 0.6396476851851851 0.013203124999999953 0.01877685185185185
0 0.6630937499999999 0.5833194444444445 0.012541666666666748 0.01642962962962955
0 0.639328125 0.5745180555555556 0.007260416666666695 0.01760277777777775
0 0.9393437499999999 0.5340319444444445 0.010562499999999985 0.014082407407407464
0 0.952875 0.5434199074074074 0.012541666666666628 0.014082407407407464
0 0.9327447916666666 0.5434199074074073 0.010562499999999985 0.021123148148148137
0 0.5548359374999999 0.8514662037037037 0.013859374999999948 0.017602777777777853
2 0.8918177083333333 0.40083842592592595 0.02376041666666661 0.05515462962962964
0 0.8937994791666666 0.401425 0.01716145833333336 0.016429629629629655
