4 0.24128906249999998 0.6513828703703705 0.07591145833333333 0.11969722222222225
3 0.5459244791666666 0.3885162037037037 0.046203124999999956 0.07510462962962963
3 0.4637424479166667 0.7493712962962964 0.05742864583333335 0.09270740740740743
3 0.7462656249999999 0.677787037037037 0.053468750000000044 0.09740185185185182
3 0.46341249999999995 0.6208717592592593 0.0514875 0.10561574074074069
3 0.7591380208333334 0.3685671296296297 0.03696354166666668 0.05163425925925925
0 0.5383333333333333 0.4067055555555556 0.016500000000000032 0.015255555555555555
0 0.5597864583333333 0.4031856481481482 0.010562499999999985 0.0176027777777778
0 0.48024505208333335 0.6431685185185185 0.011221354166666645 0.018775925925925946
0 0.45318125 0.6478624999999999 0.015182291666666655 0.021123148148148137
0 0.4521908854166667 0.7569986111111112 0.011881770833333387 0.021123148148148137
0 0.4452598958333333 0.7722541666666667 0.013862499999999993 0.025817592592592628
0 0.7465963541666667 0.7036041666666666 0.01320312500000007 0.017602777777777853
0 0.47133359374999995 0.7722546296296297 0.018482812499999984 0.018775925925925946
2 0.37297890625 0.568650462962963 0.03564531250000004 0.05984907407407413
0 0.23732838541666668 0.6015087962962963 0.020463020833333328 0.01760277777777775
0 0.23435781249999998 0.6484490740740741 0.006601041666666655 0.015255555555555555
0 0.25911171875 0.6496226851851852 0.005941145833333324 0.01760277777777775
