4 0.7871901041666667 0.1790449074074074 0.024421874999999933 0.03637870370370372
4 0.2478901041666667 0.891951388888889 0.134 0.24878240740740748
3 0.564078125 0.43545694444444444 0.042906250000000055 0.07510462962962963
3 0.44096927083333337 0.4589273148148148 0.0528083333333333 0.07979907407407402
3 0.7614479166666667 0.43428333333333335 0.036302083333333235 0.04928703703703705
3 0.8185442708333334 0.2858342592592593 0.022442708333333408 0.03403148148148145
3 0.22643697916666666 0.38793009259259265 0.034324999999999994 0.059849074074074075
0 0.21554505208333333 0.3943842592592593 0.007260937500000016 0.011735185185185166
0 0.2251166666666667 0.40201203703703703 0.014521875000000002 0.015255555555555555
3 0.6396588541666667 0.22305185185185186 0.019807291666666654 0.023470370370370357
0 0.6337161458333334 0.22657175925925926 0.007921874999999901 0.009387962962962973
0 0.5597864583333333 0.44132453703703706 0.01584375000000004 0.01877685185185185
0 0.5756302083333333 0.44660509259259257 0.011885416666666633 0.0176027777777778
0 0.5561562500000001 0.4536462962962963 0.016500000000000032 0.017601851851851844
0 0.44558984375 0.4847444444444445 0.011881770833333328 0.018775925925925946
0 0.42116614583333334 0.4683152777777778 0.010561458333333343 0.021123148148148137
0 0.7574869791666666 0.4336967592592593 0.012546875000000075 0.01290833333333331
0 0.7706901041666666 0.44367129629629626 0.01122395833333331 0.016429629629629603
0 0.7541875 0.44367129629629626 0.01121874999999998 0.016429629629629603
0 0.8126067708333333 0.293462037037037 0.006598958333333371 0.011735185185185218
0 0.82415625 0.2946356481481482 0.005937499999999929 0.009387962962962973
3 0.4558213541666667 0.2594300925925926 0.02178333333333337 0.025817592592592576
0 0.7845520833333333 0.17493750000000002 0.008583333333333342 0.01877685185185185
2 0.42281640625 0.5915337962962963 0.04158593750000002 0.09388055555555563
0 0.41357526041666665 0.598574537037037 0.020463020833333328 0.021123148148148137
1 0.19244166666666668 0.8074597222222222 0.013862499999999993 0.05163425925925925
1 0.2168653645833333 0.7798824074074074 0.03366510416666667 0.019950000000000048
1 0.21521510416666667 0.8109800925925926 0.034324999999999994 0.05632870370370363
0 0.27231380208333333 0.8303435185185185 0.009901562499999983 0.015255555555555555
0 0.19805260416666665 0.9347875000000001 0.010561458333333313 0.02464722222222225
