4 0.7621067708333332 0.17845833333333336 0.02442187500000005 0.03520555555555557
4 0.24260937500000002 0.8802194444444444 0.134 0.2605240740740741
3 0.17527890625 0.6431685185185186 0.0811921875 0.15020925925925926
3 0.12676197916666665 0.4061194444444445 0.04356666666666666 0.06571666666666666
3 0.4129148437499999 0.43780416666666666 0.05082760416666669 0.07979907407407402
3 0.542953125 0.4272425925925926 0.038947916666666596 0.07275740740740744
0 0.18485078124999998 0.676613425925926 0.018482812499999984 0.02229722222222224
0 0.14986536458333333 0.6754398148148147 0.00924114583333333 0.022296296296296335
3 0.6185364583333334 0.22129120370370373 0.014520833333333271 0.019949074074074064
0 0.14293411458333333 0.41316018518518516 0.007260937499999986 0.018775925925925894
3 0.97928125 0.2852476851851852 0.02442708333333338 0.0328583333333333
0 0.5413046874999999 0.4348703703703704 0.014526041666666718 0.015255555555555555
0 0.5581354166666666 0.4360439814814815 0.0072604166666665765 0.01760277777777775
0 0.5419635416666666 0.44895231481481485 0.01584375000000004 0.015256481481481511
0 0.400703125 0.4536462962962963 0.006601041666666655 0.015255555555555555
0 0.42413671875 0.4524726851851852 0.011221354166666645 0.01760277777777775
0 0.4343682291666667 0.5457671296296296 0.009241666666666681 0.016428703703703647
3 0.4472403645833333 0.5357921296296297 0.03366510416666664 0.05046018518518515
0 0.44988046875 0.5451800925925926 0.01782239583333336 0.01760277777777775
0 0.9746588541666665 0.29287546296296296 0.008578125000000015 0.010562037037037073
2 0.47826484375 0.5604356481481482 0.034984895833333356 0.07862499999999997
0 0.4838755208333333 0.5709972222222222 0.023763541666666714 0.022296296296296335
1 0.18782109374999997 0.7892703703703704 0.012542187499999979 0.04342037037037038
1 0.21158463541666667 0.7593458333333333 0.03102447916666667 0.01642870370370375
1 0.21257473958333334 0.7898569444444444 0.034325520833333345 0.04928796296296296
0 0.26439270833333334 0.8062861111111111 0.011221875000000025 0.018775925925925946
0 0.21950572916666666 0.8414916666666666 0.015182291666666684 0.02581666666666662
0 0.19673229166666667 0.9054476851851853 0.010561458333333343 0.024643518518518526
0 0.75946875 0.17200370370370371 0.007260416666666695 0.019949999999999992
