4 0.7630963541666667 0.17435046296296297 0.023765625000000058 0.03637870370370372
4 0.23897864583333334 0.874350462962963 0.12937916666666668 0.26052129629629633
3 0.44856015625 0.5381388888888889 0.040266145833333294 0.05750185185185183
3 0.4119247395833333 0.43663055555555563 0.04884739583333335 0.07745185185185183
3 0.16141692708333333 0.6396476851851852 0.0811921875 0.1408212962962964
3 0.13270260416666665 0.40201203703703703 0.03696562500000001 0.05750185185185183
3 0.6201875 0.22070416666666667 0.017822916666666563 0.021123148148148137
0 0.14524453125 0.41140000000000004 0.00924114583333333 0.015255555555555555
0 0.19343203125 0.6343666666666666 0.011881770833333328 0.019950000000000048
0 0.16009687499999997 0.6736791666666666 0.019142708333333314 0.021123148148148137
3 0.9650885416666667 0.2523893518518519 0.017166666666666684 0.028163888888888867
0 0.5469140625 0.43193611111111113 0.015182291666666714 0.011735185185185166
0 0.5475755208333334 0.44660509259259257 0.013859375000000066 0.01290833333333331
0 0.5307421875 0.43428333333333335 0.007921875000000078 0.018775925925925946
3 0.5449348958333333 0.4237217592592593 0.03894270833333338 0.07275833333333334
0 0.42446666666666666 0.44895231481481485 0.010561458333333343 0.0176027777777778
0 0.4010333333333333 0.45247314814814815 0.008581249999999999 0.015255555555555555
0 0.43865885416666667 0.5487004629629629 0.009901041666666662 0.01760277777777775
0 0.9617890625 0.25943009259259264 0.00792187500000002 0.009387962962962973
0 0.7597994791666667 0.17200370370370371 0.00792187500000002 0.019949999999999992
2 0.7373541666666666 0.18315231481481484 0.01584375000000004 0.025817592592592604
2 0.5515364583333332 0.5158425925925926 0.03630208333333336 0.07627777777777778
0 0.5574765625 0.5222967592592593 0.019140625 0.01877685185185185
0 0.18452057291666665 0.7857500000000001 0.013861979166666672 0.04342037037037038
0 0.2086140625 0.7546518518518519 0.034324999999999994 0.018775925925925946
0 0.2086140625 0.7863361111111111 0.034324999999999994 0.05398148148148155
0 0.19343177083333335 0.9054476851851851 0.007920833333333318 0.02229722222222224
0 0.2637322916666667 0.804525925925926 0.00858125000000003 0.012909259259259266
0 0.45384114583333335 0.538725925925926 0.013862499999999993 0.016429629629629655
