4 0.24392942708333334 0.7869240740740742 0.1894484375 0.32741111111111115
3 0.23864869791666668 0.24065416666666667 0.04422656250000001 0.0704101851851852
3 0.5677083333333334 0.2823138888888889 0.05016666666666675 0.09505370370370372
3 0.6591328125 0.3544847222222222 0.057432291666666656 0.08918611111111113
3 0.6683723958333334 0.6419949074074074 0.07063020833333328 0.10561574074074069
3 0.47793463541666664 0.11039439814814815 0.03564531250000004 0.061022314814814814
3 0.5314018229166666 0.11156805555555556 0.025081770833333294 0.030512037037037042
3 0.7904921874999999 0.07694944444444445 0.0257447916666667 0.029337777777777775
0 0.2241265625 0.2500421296296296 0.011221874999999996 0.0164287037037037
0 0.23369791666666664 0.2629509259259259 0.01848229166666666 0.018775925925925894
0 0.47958515625 0.12212962962962964 0.009901562499999983 0.014081481481481467
0 0.6442786458333333 0.3615259259259259 0.01320312500000007 0.025816666666666672
0 0.6720026041666666 0.3767814814814815 0.018484375000000004 0.016429629629629603
0 0.5495546875 0.29815601851851853 0.008578125000000015 0.014082407407407412
0 0.5739791666666666 0.30813101851851854 0.013864583333333276 0.01525648148148146
0 0.6779453125 0.6419944444444445 0.026401041666666694 0.018775925925925946
0 0.6871848958333333 0.6672250000000001 0.017161458333333237 0.02699074074074072
0 0.6508828125000001 0.6525564814814815 0.01716145833333336 0.02581666666666662
2 0.990171875 0.028248787037037038 0.03036458333333331 0.04928742592592593
2 0.5809114583333332 0.48591759259259254 0.046208333333333344 0.1009222222222222
0 0.5855312500000001 0.49706620370370375 0.02376041666666661 0.022297222222222135
0 0.19376197916666668 0.6830675925925925 0.01782291666666665 0.05398148148148155
0 0.22643697916666666 0.6543166666666668 0.036965624999999995 0.02699074074074072
0 0.22214609374999997 0.6912824074074074 0.04026614583333332 0.04928703703703705
0 0.25383098958333333 0.8027657407407408 0.034984895833333356 0.05163518518518515
0 0.23270781249999997 0.7493708333333334 0.019142708333333314 0.04811388888888886
0 0.20465364583333334 0.774601388888889 0.017162499999999997 0.0727583333333334
