4 0.4360184895833333 0.7270740740740741 0.14852239583333335 0.25465185185185185
3 0.49839921875 0.6044425925925926 0.07525364583333337 0.13143333333333343
3 0.5597864583333333 0.6601842592592593 0.06733333333333338 0.12087222222222226
3 0.7386744791666667 0.40377222222222225 0.031682291666666744 0.04928703703703705
3 0.6300859375 0.332187962962963 0.031026041666666632 0.05163518518518521
3 0.8687161458333333 0.3251467592592593 0.027723958333333344 0.037552777777777796
3 0.8310885416666667 0.3022634259259259 0.03564583333333336 0.05515462962962964
0 0.5099497395833333 0.6243921296296296 0.0165026041666667 0.025817592592592524
0 0.5178697916666666 0.6431680555555556 0.016499999999999973 0.02816388888888892
0 0.4851958333333333 0.6408212962962964 0.023763541666666655 0.023470370370370332
0 0.8297682291666666 0.3134115740740741 0.010557291666666658 0.014082407407407412
0 0.8693723958333333 0.3304277777777778 0.006598958333333371 0.012909259259259266
0 0.5429557291666666 0.6502097222222223 0.01122395833333331 0.032858333333333406
0 0.5624270833333334 0.6901087962962963 0.025083333333333374 0.021123148148148245
0 0.531734375 0.6642916666666666 0.008583333333333342 0.03051111111111111
0 0.6267864583333334 0.33101435185185185 0.012541666666666628 0.014082407407407412
0 0.6251380208333333 0.34275000000000005 0.011880208333333423 0.011735185185185166
0 0.6406510416666666 0.33394814814814816 0.007260416666666695 0.015255555555555555
0 0.7446171874999999 0.40787962962962965 0.00792187500000002 0.015255555555555555
2 0.7522057291666667 0.617937962962963 0.046869791666666674 0.09270740740740732
0 0.7578177083333333 0.6290865740740741 0.026406249999999905 0.021123148148148245
0 0.4122546875 0.6414078703703704 0.015182291666666714 0.043419444444444476
0 0.43502838541666666 0.6273259259259258 0.027724479166666663 0.022296296296296335
0 0.43205781249999997 0.6543166666666668 0.029704166666666688 0.02933703703703701
0 0.43964895833333334 0.7564120370370371 0.03036458333333331 0.029337037037037116
0 0.4102747395833333 0.7112314814814815 0.007260937500000016 0.05398148148148144
0 0.43172786458333334 0.7053643518518519 0.011881770833333328 0.032858333333333406
0 0.3775997395833333 0.8268226851851852 0.007921354166666698 0.017602777777777853
