4 0.4310677083333333 0.5082143518518518 0.17162604166666662 0.2792953703703704
3 0.3340330729166666 0.332775 0.08845364583333334 0.14668888888888887
3 0.20366328125 0.6208717592592593 0.09703489583333334 0.13378055555555562
3 0.5323934895833333 0.43487037037037035 0.09175468749999999 0.1537296296296296
3 0.54790625 0.24065416666666667 0.0514895833333334 0.0962287037037037
3 0.5601171875 0.06521416666666666 0.05346354166666671 0.09270685185185186
3 0.52777265625 0.07225541666666667 0.029704687499999948 0.04576694444444444
3 0.9571692708333333 0.20016805555555556 0.08317187499999991 0.10913611111111113
0 0.34459453125 0.3492037037037037 0.022443229166666672 0.02699074074074072
0 0.3554861979166667 0.37326064814814813 0.020463020833333328 0.025817592592592576
0 0.3185208333333333 0.3709138888888889 0.017822916666666622 0.025816666666666672
0 0.5505468750000001 0.08105680555555556 0.010562499999999985 0.014082129629629637
0 0.5729869791666666 0.07988328703703704 0.00792187500000002 0.01642916666666668
0 0.5251328125 0.07929652777777778 0.008578125000000015 0.01525564814814815
0 0.5449348958333333 0.479463425925926 0.024421874999999992 0.029337962962962965
0 0.51225859375 0.45012592592592593 0.02244114583333333 0.03872592592592594
0 0.9320833333333333 0.21835740740740744 0.013197916666666623 0.018775925925925918
0 0.9670677083333333 0.23654675925925928 0.01452083333333339 0.017602777777777773
0 0.5403151041666666 0.2488689814814815 0.021786458333333297 0.0164287037037037
0 0.5634192708333332 0.2476949074074074 0.009901041666666662 0.021123148148148137
0 0.5386640625000001 0.2729259259259259 0.014526041666666718 0.019949999999999992
0 0.23600833333333332 0.6361273148148148 0.015182291666666684 0.0352046296296297
0 0.1871609375 0.6525564814814815 0.023103125000000002 0.02581666666666662
2 0.8112838541666666 0.39144999999999996 0.05808854166666665 0.11148333333333332
0 0.8165651041666667 0.4102263888888889 0.031682291666666626 0.024643518518518474
0 0.39872291666666665 0.4090527777777778 0.014521875000000031 0.03872592592592594
0 0.42149609375 0.4254819444444444 0.03762552083333333 0.034032407407407456
0 0.42941744791666664 0.3990777777777778 0.028383854166666705 0.023470370370370384
0 0.43568854166666665 0.5457666666666667 0.033005208333333334 0.0352055555555555
0 0.3993828125 0.49589259259259266 0.009241666666666681 0.06454259259259261
