0 0.7881822916666666 0.6889351851851852 0.018479166666666675 0.018775925925925946
0 0.7551770833333333 0.6660513888888889 0.01584375000000004 0.024643518518518526
0 0.09639713541666665 0.4477787037037037 0.014522395833333339 0.012909259259259266
0 0.1003578125 0.4847444444444445 0.013202083333333324 0.01642962962962955
0 0.5627578124999999 0.4542328703703704 0.01122395833333331 0.0164287037037037
0 0.7350442708333332 0.6196981481481482 0.015182291666666596 0.01642962962962955
0 0.7353723958333334 0.6390606481481482 0.011880208333333305 0.017602777777777853
0 0.07461380208333333 0.479463425925926 0.014522395833333323 0.012908333333333362
0 0.2313875 0.47418287037037044 0.011221874999999996 0.01642870370370375
0 0.19772239583333331 0.4677282407407408 0.011221874999999996 0.0176027777777778
0 0.8730026041666666 0.5944675925925927 0.015182291666666714 0.015255555555555555
0 0.8446197916666667 0.5668898148148148 0.008583333333333342 0.023470370370370332
0 0.8607942708333333 0.27409907407407413 0.01320312500000007 0.022296296296296283
2 0.8697057291666667 0.2746856481481481 0.03498437500000004 0.07510462962962963
3 0.4858559895833333 0.41726712962962964 0.05676822916666667 0.11383055555555552
3 0.5512057291666667 0.4442583333333333 0.04489062500000003 0.07393148148148149
3 0.7432942708333333 0.6349537037037037 0.05413020833333325 0.07979814814814816
3 0.8697031249999999 0.5528078703703704 0.06666666666666667 0.1337805555555555
3 0.7726692708333334 0.6507958333333334 0.06799479166666664 0.10913611111111109
3 0.21554531249999997 0.44601851851851854 0.07327083333333334 0.13143333333333332
3 0.08517552083333334 0.46890185185185185 0.05544791666666666 0.07393148148148149
