0 0.41720572916666665 0.5481138888888889 0.01320208333333331 0.04694074074074077
0 0.3742989583333333 0.579212037037037 0.006601041666666655 0.05750185185185183
0 0.4053239583333333 0.6120703703703705 0.027723958333333344 0.0340314814814815
0 0.3960822916666667 0.49413240740740744 0.027723958333333285 0.025816666666666724
0 0.3917919270833333 0.51995 0.029704687499999948 0.03051111111111111
0 0.37297890625 0.5070412037037036 0.014522395833333352 0.03989907407407408
4 0.4003731770833333 0.5938810185185185 0.13928072916666673 0.2417435185185185
0 0.7026979166666667 0.4606875 0.02442708333333338 0.01994907407407409
2 0.69840625 0.45247268518518513 0.0448854166666667 0.0856657407407407
0 0.3891513020833333 0.9447592592592592 0.013861979166666613 0.032851851851851764
0 0.3399739583333333 0.9787916666666667 0.027723958333333344 0.023472222222222137
0 0.8201979166666666 0.3362949074074074 0.012541666666666628 0.0176027777777778
0 0.6921380208333334 0.5005865740740741 0.01122395833333331 0.024643518518518526
0 0.7139192708333333 0.5258171296296297 0.015182291666666596 0.01877685185185185
0 0.5492239583333334 0.28759444444444443 0.01452083333333339 0.023470370370370384
0 0.5238122395833333 0.30108981481481484 0.0178234375 0.019949999999999992
0 0.32611171875 0.4542328703703704 0.018482812500000043 0.025817592592592576
0 0.333703125 0.4706625 0.01782291666666668 0.025817592592592524
0 0.3030083333333333 0.47242222222222224 0.017162499999999997 0.019950000000000048
0 0.9327447916666666 0.15088055555555555 0.009239583333333337 0.008214814814814828
0 0.9208619791666667 0.15029351851851852 0.011880208333333305 0.011735185185185192
0 0.6370182291666667 0.29287546296296296 0.011880208333333305 0.01760277777777775
0 0.44988046875 0.19723425925925925 0.007260937500000016 0.011735185185185192
0 0.44360963541666665 0.20603564814814818 0.010561979166666664 0.010562037037037047
3 0.928125 0.1456 0.030364583333333427 0.035205555555555545
3 0.8231666666666667 0.3151722222222222 0.05677083333333333 0.088012962962963
3 0.5353625 0.2705787037037037 0.05280624999999996 0.0950537037037037
3 0.4445997395833333 0.1995814814814815 0.028383854166666642 0.037551851851851836
3 0.7056692708333333 0.5041069444444445 0.04884895833333332 0.07862500000000003
3 0.3135697916666667 0.4389777777777778 0.07393124999999999 0.1196981481481481
3 0.35878697916666663 0.9341995370370371 0.0957145833333333 0.1408231481481482
3 0.64196875 0.28759444444444443 0.04686458333333334 0.07041111111111115
