0 0.4231466145833333 0.5487004629629629 0.015842187500000014 0.04107314814814808
0 0.38354062499999997 0.5850796296296297 0.009241666666666681 0.05280740740740745
0 0.41258489583333335 0.6167643518518519 0.025083333333333374 0.029337962962962913
0 0.40268359374999996 0.5035208333333333 0.025083854166666638 0.021123148148148137
0 0.3990528645833333 0.5281643518518518 0.029704687500000007 0.02816388888888892
0 0.3812302083333333 0.5181898148148149 0.012541666666666628 0.03872592592592599
4 0.40730416666666663 0.5974013888888889 0.1293791666666666 0.22766018518518524
0 0.6888385416666667 0.4647944444444444 0.023104166666666613 0.018775925925925894
2 0.6835572916666666 0.45481990740740746 0.037625000000000006 0.0833194444444444
0 0.38816119791666664 0.9471092592592594 0.019802604166666644 0.04459629629629629
0 0.3515255208333333 0.9488657407407408 0.028384375000000024 0.04341666666666666
0 0.34459453125 0.9829027777777777 0.02112343750000001 0.026990740740740614
0 0.8528723958333333 0.3990782407407408 0.007921874999999901 0.021123148148148137
0 0.8786171875000001 0.4237217592592593 0.01716145833333336 0.01877685185185185
0 0.47760468749999996 0.509387962962963 0.01782291666666668 0.025816666666666724
0 0.48684609375 0.5252305555555556 0.01782239583333336 0.02699074074074072
0 0.4515309895833333 0.5222967592592593 0.018482812499999984 0.021123148148148137
0 0.33106250000000004 0.4671416666666667 0.01914270833333334 0.02581666666666662
0 0.33865390625 0.4829842592592593 0.015842187500000014 0.022296296296296283
0 0.30927916666666666 0.48533101851851856 0.01914270833333334 0.02229722222222224
0 0.8947864583333334 0.15264074074074072 0.007260416666666695 0.011735185185185192
0 0.5079692708333333 0.21131666666666665 0.008581249999999999 0.011735185185185192
0 0.49179687499999997 0.2083824074074074 0.007920833333333377 0.015255555555555555
3 0.9030390625 0.1461865740740741 0.031682291666666626 0.03872500000000001
3 0.8805963541666666 0.39966481481481486 0.0699739583333334 0.09974814814814816
3 0.5030192708333333 0.20016805555555556 0.03960729166666669 0.06454351851851851
3 0.3198408854166666 0.45599351851851855 0.07063072916666666 0.12791296296296303
3 0.4690234375 0.4888518518518519 0.07591145833333333 0.14668888888888892
3 0.3670380208333333 0.932438425925926 0.0871333333333333 0.15138240740740735
