0 0.9188802083333333 0.40201203703703703 0.019802083333333324 0.015255555555555555
2 0.9165703125 0.40670601851851856 0.027067708333333346 0.05515462962962964
0 0.7225026041666667 0.6108967592592593 0.009901041666666662 0.012908333333333362
0 0.6997265625 0.6103097222222222 0.00792187500000002 0.021123148148148245
0 0.7908229166666667 0.5457666666666667 0.009239583333333337 0.018775925925925946
0 0.7974244791666666 0.5621958333333333 0.018484375000000004 0.01642870370370375
0 0.9291119791666667 0.5264041666666667 0.009901041666666662 0.012908333333333258
0 0.9400026041666667 0.5381393518518518 0.013203124999999953 0.012908333333333258
0 0.5538463541666666 0.8514662037037037 0.017161458333333237 0.017602777777777853
0 0.36868828124999997 0.7481972222222224 0.012542187500000008 0.015255555555555555
0 0.34360442708333333 0.7435032407407408 0.011221354166666704 0.017602777777777853
0 0.3294122395833333 0.8385578703703703 0.007921354166666698 0.019949074074074036
0 0.44657994791666666 0.5123222222222222 0.007260937500000016 0.015255555555555555
0 0.4403091145833333 0.5246439814814815 0.010561979166666664 0.014082407407407464
0 0.3247916666666667 0.5545680555555556 0.014521875000000031 0.01760277777777775
0 0.30267838541666664 0.5557421296296297 0.012542187500000008 0.01760277777777775
0 0.22907734374999997 0.5950541666666667 0.014522395833333323 0.014082407407407464
0 0.21752552083333332 0.6026824074074074 0.012541666666666687 0.015255555555555555
3 0.9380234375000001 0.5299245370370371 0.042244791666666615 0.06454351851851851
3 0.8060026041666667 0.5498740740740741 0.05280729166666672 0.07393148148148149
3 0.7155729166666667 0.5932944444444445 0.05544791666666669 0.09270740740740743
3 0.5551666666666667 0.8426652777777778 0.04356250000000005 0.06806388888888891
3 0.31819062499999995 0.8332768518518519 0.04356666666666668 0.068062962962963
3 0.35878697916666663 0.7253138888888888 0.05874895833333333 0.1009222222222222
3 0.43964895833333334 0.5134953703703704 0.034324999999999994 0.05280740740740745
3 0.31522005208333337 0.5410726851851853 0.05082760416666669 0.06806388888888891
3 0.22082604166666667 0.5944675925925926 0.03894583333333334 0.05046111111111116
