0 0.9423151041666666 0.3445101851851852 0.013859374999999948 0.045766666666666664
0 0.9578281250000001 0.3544847222222222 0.010562499999999985 0.03989907407407408
0 0.9733385416666667 0.3509638888888889 0.012541666666666628 0.042246296296296275
1 0.9588177083333332 0.32397361111111106 0.021781249999999967 0.014082407407407412
4 0.9551848958333333 0.3621125 0.0633697916666667 0.09974907407407411
2 0.7845520833333333 0.3703268518518518 0.028385416666666666 0.06219629629629627
0 0.27330390625 0.5064541666666666 0.011881770833333328 0.02229722222222224
0 0.2637325520833333 0.5176027777777777 0.013861979166666642 0.016429629629629655
0 0.6172161458333334 0.49061203703703704 0.011880208333333305 0.011735185185185166
0 0.62546875 0.4794638888888889 0.0072604166666665765 0.015255555555555503
3 0.48123541666666664 0.8315166666666667 0.04356666666666668 0.06219629629629632
3 0.5386632812500001 0.5105615740740741 0.056767187500000024 0.1009212962962963
3 0.24756015625000002 0.48533101851851856 0.038285937500000033 0.07627870370370368
3 0.2673630208333333 0.5076282407407406 0.03036458333333331 0.04811388888888896
3 0.6205182291666667 0.4812236111111111 0.03828645833333333 0.05632870370370374
3 0.6871848958333333 0.5117351851851852 0.05413020833333325 0.10796296296296298
3 0.6885078124999999 0.5833189814814815 0.03300520833333328 0.05163425925925925
3 0.735375 0.6126569444444444 0.0448854166666667 0.06336944444444441
3 0.8159062499999999 0.4947194444444445 0.040927083333333295 0.06219629629629632
