0 0.7604583333333332 0.49354583333333335 0.009239583333333337 0.04107314814814808
0 0.7485755208333332 0.49413240740740744 0.003963541666666614 0.028164814814814823
0 0.7456067708333334 0.4812236111111111 0.00461979166666661 0.014082407407407464
0 0.7314114583333333 0.490025 0.009239583333333337 0.03872592592592594
1 0.7482447916666667 0.46890185185185185 0.016500000000000032 0.012909259259259266
4 0.7442838541666668 0.5058675925925926 0.060067708333333414 0.09388148148148148
0 0.5690286458333332 0.519362962962963 0.01583854166666671 0.012909259259259266
2 0.5686979166666667 0.5187763888888889 0.028385416666666666 0.06336944444444452
0 0.6257968750000001 0.6425814814814815 0.009239583333333337 0.012909259259259162
0 0.6086328125 0.6537300925925926 0.013203124999999953 0.014082407407407464
0 0.5106096354166667 0.7528916666666667 0.01650260416666664 0.01056111111111117
0 0.5099497395833333 0.7669736111111112 0.013861979166666613 0.012908333333333362
0 0.45813177083333334 0.6255657407407408 0.007920833333333318 0.018775925925925946
0 0.45384114583333335 0.6373009259259259 0.00858125000000006 0.018775925925925946
0 0.4716638020833333 0.6373004629629629 0.0165026041666667 0.014082407407407464
0 0.35713671874999997 0.6384740740740741 0.007921354166666698 0.018775925925925946
0 0.33469296875 0.6461018518518519 0.011881770833333387 0.01056111111111117
0 0.4977377604166667 0.7000837962962964 0.013201562500000048 0.012908333333333362
0 0.48420572916666665 0.6936291666666667 0.009901041666666662 0.021123148148148137
0 0.5512057291666667 0.6584240740740741 0.009244791666666667 0.016429629629629655
0 0.5756302083333333 0.6601842592592593 0.011885416666666633 0.012909259259259266
0 0.5472447916666667 0.5305111111111112 0.01452083333333339 0.00704074074074078
0 0.5469140625 0.5434199074074074 0.013859375000000066 0.011734259259259262
0 0.3838705729166667 0.6496226851851852 0.019143229166666664 0.012908333333333362
0 0.012234479166666668 0.7024305555555556 0.012541875000000001 0.017601851851851844
3 0.5479036458333333 0.5340319444444445 0.027723958333333344 0.04693981481481476
3 0.6145755208333334 0.6390606481481482 0.039609374999999974 0.05984907407407413
3 0.564078125 0.6425814814814815 0.04818749999999999 0.08801296296296295
3 0.5119309895833334 0.7493708333333334 0.03762760416666667 0.06454351851851851
3 0.4954273437499999 0.6901087962962963 0.03630572916666666 0.05867499999999992
3 0.47001354166666665 0.6220449074074074 0.04620729166666664 0.07510462962962969
3 0.3825505208333333 0.6284995370370371 0.04158645833333333 0.0715842592592592
3 0.34195442708333335 0.6220449074074075 0.0554484375 0.09388055555555552
3 0.008603932291666668 0.6918689814814815 0.033004947916666666 0.05046018518518515
