0 0.5291666666666667 0.4175925925925926 0.01875 0.016666666666666666
0 0.5044270833333333 0.4 0.0140625 0.018518518518518517
0 0.4973958333333333 0.4152777777777778 0.014583333333333334 0.02314814814814815
0 0.6338541666666666 0.4481481481481482 0.011458333333333333 0.018518518518518517
0 0.6505208333333333 0.47731481481481486 0.0125 0.015740740740740743
0 0.6265625 0.45972222222222225 0.00625 0.021296296296296296
0 0.18385416666666665 0.4439814814814815 0.014583333333333334 0.019444444444444445
0 0.18515625 0.4638888888888889 0.013020833333333334 0.022222222222222223
0 0.16458333333333333 0.47824074074074074 0.014583333333333334 0.017592592592592594
0 0.16822916666666665 0.5592592592592592 0.0125 0.03518518518518519
2 0.18463541666666666 0.5657407407407408 0.04739583333333333 0.06851851851851852
3 0.64296875 0.45416666666666666 0.0484375 0.08611111111111111
3 0.5190104166666667 0.3842592592592593 0.0640625 0.11481481481481481
3 0.17708333333333334 0.46435185185185185 0.057291666666666664 0.075
0 0.0067708333333333336 0.6268518518518519 0.0125 0.053703703703703705
4 0.016927083333333332 0.6527777777777778 0.0328125 0.1462962962962963
