0 0.5993932291666667 0.2911152777777778 0.005276041666666723 0.021123148148148137
4 0.6040156250000001 0.29698287037037036 0.025083333333333256 0.04459351851851852
0 0.6178750000000001 0.40025138888888884 0.010562499999999985 0.014082407407407412
0 0.6079739583333333 0.3926236111111111 0.010562499999999985 0.010562037037037073
0 0.6053333333333333 0.40083842592592595 0.010562500000000105 0.008213888888888871
0 0.5980729166666667 0.3844092592592593 0.0066041666666667 0.008214814814814828
0 0.5944427083333332 0.39144999999999996 0.005937499999999929 0.008214814814814828
0 0.45417135416666665 0.3844092592592593 0.006601041666666655 0.010561111111111117
0 0.44625 0.382062037037037 0.007920833333333318 0.008214814814814828
0 0.4449299479166666 0.3879296296296296 0.007921354166666698 0.008214814814814776
0 0.7723385416666666 0.5269907407407407 0.0066041666666667 0.011735185185185166
0 0.7571562499999999 0.5211231481481482 0.009239583333333337 0.011735185185185166
0 0.7320729166666666 0.47653009259259266 0.010562499999999985 0.00938796296296292
0 0.7132604166666667 0.4706625 0.008583333333333342 0.014082407407407358
0 0.5545052083333334 0.6930421296296296 0.009239583333333337 0.01760277777777775
0 0.5360234374999999 0.6977361111111112 0.0145260416666666 0.015255555555555555
0 0.5281015625000001 0.6795467592592592 0.009244791666666667 0.021123148148148137
0 0.38222031250000005 0.5140824074074075 0.007920833333333318 0.01173518518518527
0 0.3676981770833333 0.5123217592592593 0.011881770833333328 0.012908333333333362
0 0.3564765625 0.7100583333333335 0.01320208333333337 0.01877592592592584
0 0.3257817708333333 0.7106449074074074 0.011221875000000025 0.01760277777777775
0 0.34591484375000003 0.843838425925926 0.011881770833333328 0.025817592592592628
0 0.3376638020833333 0.8755231481481482 0.0165026041666667 0.01877592592592584
0 0.23600833333333332 0.8890185185185185 0.02178333333333334 0.03872592592592599
0 0.24656979166666665 0.9060347222222221 0.024423958333333336 0.0328583333333333
0 0.20894401041666666 0.9195287037037038 0.02310364583333332 0.022294444444444422
3 0.5990624999999999 0.3838226851851852 0.019145833333333327 0.0328583333333333
3 0.6139140625 0.392037037037037 0.0330052083333334 0.04694074074074071
3 0.22346640625 0.8755245370370371 0.07987239583333335 0.12439537037037035
3 0.7254713541666666 0.46127407407407406 0.04224479166666673 0.05867592592592593
3 0.7630989583333334 0.5152555555555556 0.035645833333333245 0.05398148148148144
3 0.5393249999999999 0.687175 0.04356874999999996 0.06689074074074071
3 0.335353125 0.8596810185185185 0.05412812500000002 0.09740092592592592
3 0.3426145833333333 0.6860013888888888 0.060729166666666674 0.12321944444444445
3 0.3739692708333333 0.5052810185185185 0.03234479166666665 0.04811388888888886
3 0.4495505208333333 0.380888425925926 0.023763541666666714 0.036378703703703746
