0 0.9248229166666666 0.41374675925925924 0.01584374999999992 0.012908333333333362
2 0.923171875 0.4125731481481481 0.02442708333333338 0.0504611111111111
0 0.6650729166666667 0.4360435185185186 0.00990624999999999 0.010561111111111117
0 0.79478125 0.5686504629629631 0.01584375000000004 0.012908333333333362
0 0.7782786458333334 0.5557421296296297 0.011880208333333305 0.01760277777777775
0 0.7736614583333332 0.5663032407407408 0.010562499999999985 0.017602777777777853
0 0.8192057291666667 0.5445935185185186 0.009244791666666667 0.014081481481481454
0 0.39443229166666666 0.5152560185185185 0.012541666666666687 0.009387962962962973
0 0.9142604166666667 0.7329416666666667 0.010562499999999985 0.019950000000000048
0 0.8961067708333333 0.7505444444444445 0.015182291666666596 0.017601851851851844
0 0.7152395833333334 0.7041907407407408 0.013864583333333276 0.016429629629629655
0 0.07032317708333333 0.7124055555555555 0.012542187500000001 0.016429629629629655
0 0.057121171875 0.7288347222222222 0.020462864583333337 0.01642870370370375
0 0.2241263020833333 0.6161773148148149 0.013861979166666672 0.014082407407407464
0 0.2010231770833333 0.6202847222222223 0.013861979166666672 0.012908333333333362
0 0.19541223958333334 0.6654648148148148 0.00924114583333333 0.01642962962962955
0 0.18782109374999997 0.6813074074074075 0.013861979166666642 0.012909259259259266
3 0.8069947916666665 0.5398990740740741 0.04290624999999994 0.05398148148148144
3 0.9020494791666667 0.7323550925925926 0.044223958333333376 0.0657157407407407
3 0.7215104166666666 0.6795472222222223 0.0514895833333334 0.08449259259259266
3 0.6647421875 0.43311018518518524 0.031682291666666626 0.042246296296296275
3 0.39377213541666667 0.5046944444444444 0.029704687500000007 0.05398148148148155
3 0.21158463541666667 0.6015087962962963 0.046867187500000004 0.08331944444444446
3 0.1888109375 0.6689851851851852 0.03696562500000002 0.05398148148148144
3 0.057451249999999995 0.705950925925926 0.046206874999999994 0.0692370370370371
3 0.7898307291666666 0.5592625 0.04554687500000002 0.05515462962962964
