0 0.05745127604166667 0.6860013888888888 0.02244328125 0.012908333333333362
0 0.8918177083333333 0.41374675925925924 0.01584375000000004 0.012908333333333362
2 0.8885156249999999 0.4125736111111111 0.026406250000000023 0.04811388888888886
0 0.6561614583333333 0.43663055555555563 0.010562499999999985 0.011735185185185218
0 0.8089739583333333 0.5451800925925926 0.007260416666666695 0.012908333333333362
0 0.7928020833333332 0.5451800925925926 0.009239583333333337 0.012908333333333362
0 0.41258489583333335 0.49882638888888897 0.007920833333333377 0.01642870370370375
0 0.3977328125 0.5076277777777779 0.012541666666666687 0.012909259259259162
0 0.7066588541666666 0.7088847222222223 0.013859374999999948 0.014082407407407464
0 0.896109375 0.5281643518518518 0.008583333333333342 0.016428703703703647
0 0.9076588541666666 0.5387259259259259 0.01320312500000007 0.011735185185185166
0 0.18584062499999998 0.677787037037037 0.012541666666666658 0.015255555555555555
0 0.1673578125 0.6830675925925925 0.011221875000000025 0.009388888888888877
2 0.057121171875 0.686587962962963 0.02706390625 0.0657166666666666
0 0.1927716145833333 0.6138305555555555 0.00924114583333333 0.018775925925925946
0 0.21455494791666666 0.6150037037037037 0.011881770833333328 0.01877592592592584
0 0.09606692708333335 0.7487842592592593 0.009901562499999997 0.018775925925925946
0 0.08781588541666666 0.7658000000000001 0.017163020833333334 0.015255555555555555
3 0.6555 0.4290023148148148 0.03036458333333331 0.04811388888888886
3 0.797421875 0.538725925925926 0.03564583333333336 0.05163518518518515
3 0.9056796874999999 0.529924537037037 0.04092187500000009 0.05984907407407403
3 0.7066588541666666 0.6854148148148149 0.04950520833333331 0.07979814814814816
3 0.40598385416666666 0.4947194444444445 0.033005208333333334 0.05046111111111116
3 0.20729401041666667 0.5974013888888889 0.04884739583333335 0.08449351851851856
3 0.17791953125 0.6730930555555557 0.042906770833333316 0.05515462962962964
3 0.0831953125 0.7476106481481481 0.050167708333333325 0.07275833333333329
3 0.9776302083333333 0.6689856481481482 0.03564583333333336 0.05163425925925925
