0 0.41770833333333335 0.538425925925926 0.01875 0.02314814814814815
0 0.38984375 0.5222222222222223 0.0171875 0.020370370370370372
0 0.384375 0.538425925925926 0.016666666666666666 0.021296296296296296
0 0.62578125 0.5120370370370371 0.0140625 0.014814814814814815
0 0.61328125 0.4828703703703704 0.008854166666666666 0.017592592592592594
0 0.60546875 0.4916666666666667 0.005729166666666666 0.020370370370370372
0 0.25390625 0.4356481481481482 0.011979166666666666 0.015740740740740743
0 0.2544270833333333 0.45601851851851855 0.009895833333333333 0.021296296296296296
0 0.23333333333333334 0.4689814814814815 0.0125 0.015740740740740743
0 0.2638020833333333 0.587037037037037 0.025520833333333333 0.022222222222222223
2 0.26979166666666665 0.5875 0.040625 0.07685185185185185
0 0.0515625 0.575925925925926 0.015625 0.011111111111111112
0 0.029947916666666668 0.5796296296296296 0.009895833333333333 0.018518518518518517
0 0.04348958333333333 0.587037037037037 0.0265625 0.020370370370370372
0 0.06953125 0.6148148148148148 0.0171875 0.06481481481481481
0 0.04635416666666667 0.6175925925925926 0.007291666666666667 0.0462962962962963
0 0.021354166666666667 0.6282407407407408 0.0125 0.06944444444444445
4 0.05026041666666667 0.6453703703703704 0.09947916666666666 0.16296296296296298
3 0.6231770833333333 0.48750000000000004 0.0484375 0.0787037037037037
3 0.40390624999999997 0.5023148148148149 0.06927083333333334 0.1212962962962963
3 0.2484375 0.45555555555555555 0.0625 0.08148148148148149
