0 0.8730052083333334 0.3955578703703704 0.016500000000000032 0.014082407407407412
2 0.872015625 0.3990777777777778 0.025083333333333256 0.05398148148148149
0 0.6502213541666666 0.4190277777777778 0.009244791666666667 0.011735185185185166
0 0.8043541666666667 0.5281643518518518 0.0072604166666665765 0.014082407407407464
0 0.7871901041666668 0.528750925925926 0.009901041666666662 0.012909259259259266
0 0.7564973958333333 0.5381393518518518 0.01583854166666671 0.012908333333333258
0 0.7403255208333335 0.5228833333333333 0.01122395833333331 0.01994999999999994
0 0.7360338541666667 0.5346185185185186 0.010557291666666658 0.017601851851851844
0 0.5409739583333334 0.7892703703703704 0.008583333333333342 0.01994999999999994
0 0.574640625 0.7464370370370371 0.008583333333333342 0.016429629629629655
0 0.5812395833333334 0.7564120370370371 0.012541666666666628 0.012909259259259266
0 0.6947760416666666 0.6842412037037038 0.012541666666666628 0.014082407407407464
0 0.19343177083333335 0.6003351851851851 0.01320208333333334 0.012909259259259266
0 0.17824947916666664 0.6584236111111113 0.017162499999999997 0.014082407407407358
0 0.18188020833333335 0.6713324074074074 0.011221874999999996 0.01408148148148156
0 0.05580109375 0.7305949074074074 0.011221770833333334 0.024643518518518526
0 0.049860078125 0.7511310185185185 0.01782255208333333 0.016428703703703647
0 0.026426640625 0.7435037037037037 0.009241406249999999 0.01994999999999994
3 0.6518723958333333 0.4119865740740741 0.03102604166666675 0.04928796296296296
3 0.7512161458333333 0.519362962962963 0.04620312500000002 0.06689074074074071
3 0.7937916666666667 0.5234703703703704 0.037625000000000006 0.05398148148148155
3 0.6954375 0.6595976851851852 0.04818749999999999 0.07979907407407406
3 0.5855312500000001 0.7476106481481481 0.03828125 0.06806388888888891
0 0.5987317708333334 0.7564120370370371 0.006598958333333371 0.022296296296296335
3 0.5515364583333333 0.7922041666666667 0.03762499999999994 0.061023148148148125
3 0.19046119791666669 0.5862527777777778 0.050827604166666665 0.08801296296296295
3 0.17626927083333332 0.65725 0.035645833333333335 0.05398148148148155
3 0.04358924479166667 0.7294212962962963 0.052807968749999996 0.08097222222222226
