0 0.8581510416666667 0.39379722222222224 0.01584374999999992 0.015255555555555555
2 0.8594713541666666 0.391450462962963 0.026401041666666694 0.05515462962962964
0 0.6515416666666667 0.41609398148148147 0.009239583333333337 0.01056203703703702
0 0.8040234374999999 0.5252305555555556 0.00792187500000002 0.015255555555555555
0 0.7875208333333333 0.5258175925925926 0.009239583333333337 0.011735185185185166
0 0.7558359375 0.5352050925925926 0.01320312500000007 0.014082407407407358
0 0.740984375 0.520536574074074 0.01121874999999998 0.01760277777777775
0 0.7363619791666667 0.5328583333333334 0.009901041666666662 0.014081481481481454
0 0.7010494791666666 0.6824810185185186 0.011880208333333423 0.012908333333333258
0 0.6789348958333332 0.6707458333333334 0.007265625000000024 0.01760277777777775
0 0.5951041666666667 0.7106449074074074 0.0072604166666665765 0.01760277777777775
0 0.6053333333333333 0.7241402777777778 0.011885416666666752 0.014082407407407464
0 0.5413046875 0.8121537037037038 0.00792187500000002 0.014081481481481454
0 0.5505442708333333 0.8268226851851852 0.01320312500000007 0.01525648148148146
0 0.07362369791666667 0.7270740740740741 0.01122135416666666 0.019950000000000048
0 0.08121484375 0.7370490740740742 0.011881770833333328 0.023470370370370332
0 0.05976177083333334 0.7429166666666667 0.019143125 0.011735185185185166
0 0.18419036458333332 0.6502092592592593 0.00924114583333333 0.01642962962962955
0 0.17659921874999998 0.6637046296296296 0.013861979166666672 0.015255555555555555
0 0.20432343749999998 0.5880134259259259 0.007261458333333337 0.01642870370370375
0 0.18187994791666667 0.5985750000000001 0.013861979166666672 0.01642962962962955
3 0.18815104166666666 0.579212037037037 0.04620729166666664 0.08801296296296295
3 0.17527916666666665 0.6560768518518518 0.03894583333333331 0.04928703703703705
3 0.062401927083333336 0.7182731481481481 0.057428437500000006 0.07745185185185188
3 0.5521953125 0.8150875 0.04026562499999997 0.057502777777777736
3 0.6036848958333334 0.7106449074074074 0.04158854166666662 0.05984907407407413
3 0.6957682291666667 0.6601842592592593 0.05148437499999995 0.08566666666666665
3 0.7518776041666667 0.5176027777777777 0.047526041666666664 0.06571666666666671
3 0.794453125 0.51995 0.03894791666666665 0.05398148148148155
3 0.6505494791666666 0.41140000000000004 0.031026041666666632 0.041072222222222225
