0 0.8835651041666667 0.39145 0.01650520833333336 0.015255555555555555
2 0.8838958333333333 0.39144999999999996 0.023760416666666728 0.0504611111111111
0 0.8033645833333334 0.5240569444444444 0.009239583333333337 0.012908333333333362
0 0.7875208333333333 0.5246435185185185 0.011885416666666633 0.011735185185185166
0 0.7495651041666667 0.5340314814814815 0.01650520833333336 0.011735185185185166
0 0.740984375 0.5181893518518519 0.007260416666666695 0.019949074074074143
0 0.7046796875000001 0.6695722222222221 0.01122395833333331 0.015255555555555555
0 0.740984375 0.7041907407407407 0.01121874999999998 0.018775925925925946
0 0.7538567708333334 0.717099537037037 0.009244791666666667 0.014082407407407358
0 0.7350416666666666 0.7141657407407408 0.007260416666666695 0.015255555555555555
0 0.5416328125 0.8127407407407408 0.009901041666666662 0.015255555555555555
0 0.5495546875 0.8279962962962965 0.013859375000000066 0.015255555555555555
0 0.08220494791666667 0.7112319444444445 0.017822395833333345 0.021123148148148137
0 0.05811135416666667 0.7153393518518519 0.014522083333333335 0.01760277777777775
0 0.6512109374999999 0.41668055555555555 0.009901041666666662 0.011735185185185166
0 0.19211145833333335 0.5944675925925927 0.01320208333333334 0.015255555555555555
0 0.16801822916666667 0.5915337962962963 0.008581249999999999 0.014082407407407464
0 0.16834817708333333 0.6531435185185185 0.011881770833333328 0.015255555555555555
0 0.16240703125 0.6631180555555556 0.00924114583333333 0.014082407407407464
0 0.18088984375 0.6601842592592593 0.00924114583333333 0.015255555555555555
3 0.07032330729166666 0.6989101851851853 0.05610859375 0.07627777777777778
3 0.1756091145833333 0.6507958333333334 0.042246354166666666 0.05280833333333335
3 0.18320026041666668 0.5751046296296297 0.050827604166666665 0.08214629629629626
3 0.5515364583333332 0.8139138888888889 0.03894791666666665 0.05750185185185183
3 0.749234375 0.7065379629629629 0.040927083333333295 0.05398148148148155
3 0.7096276041666667 0.647862037037037 0.05280729166666672 0.08449259259259255
3 0.7515442708333334 0.5187763888888889 0.04554687500000002 0.06806388888888891
3 0.7918125000000001 0.5181893518518519 0.037625000000000006 0.05515462962962964
3 0.6498906249999999 0.410812962962963 0.027062500000000017 0.04694074074074077
