0 0.8119453124999999 0.3926236111111111 0.01583854166666671 0.012908333333333362
0 0.019165546874999998 0.6625314814814816 0.01980296875 0.015255555555555555
2 0.8122760416666668 0.39731805555555555 0.021781249999999967 0.05280833333333335
2 0.021145833333333332 0.6613574074074074 0.029044375000000004 0.05750185185185183
0 0.786203125 0.5246435185185185 0.010562500000000105 0.011735185185185166
0 0.6492317708333334 0.4143333333333334 0.01122395833333331 0.011735185185185218
0 0.8027057291666666 0.5228833333333333 0.00792187500000002 0.012909259259259162
0 0.7541848958333333 0.5334449074074075 0.015182291666666596 0.012908333333333362
0 0.7403229166666667 0.519362962962963 0.008583333333333342 0.017601851851851844
0 0.7340546875 0.529924537037037 0.00792187500000002 0.01760277777777775
0 0.5419661458333334 0.8086333333333334 0.00792187500000002 0.023470370370370437
0 0.5495572916666667 0.8268226851851852 0.012541666666666748 0.01525648148148146
0 0.6660625000000001 0.7288342592592593 0.0066041666666667 0.018775925925925946
0 0.6746458333333334 0.7411564814814816 0.010562499999999985 0.01056111111111117
0 0.7053385416666667 0.6707453703703704 0.013864583333333276 0.015255555555555555
0 0.1997028645833333 0.5880134259259259 0.009901562500000013 0.01642870370370375
0 0.17923984375 0.5950541666666667 0.013861979166666642 0.014082407407407464
0 0.18155000000000002 0.6431680555555556 0.007920833333333347 0.01642870370370375
0 0.17659921875 0.6595976851851852 0.011221354166666675 0.014082407407407464
0 0.08154479166666667 0.6877615740740741 0.008581249999999999 0.021123148148148137
0 0.08913593750000001 0.6989101851851852 0.010561458333333329 0.019950000000000048
0 0.06867317708333333 0.7047777777777778 0.018482812500000004 0.015255555555555555
3 0.6488984375 0.4108134259259259 0.027723958333333344 0.03989907407407408
3 0.7911510416666667 0.5193625 0.037625000000000006 0.04811388888888896
3 0.7508854166666666 0.5170157407407407 0.04686458333333334 0.06454259259259261
3 0.7096276041666667 0.646102314814815 0.05280729166666672 0.08331944444444446
3 0.673984375 0.7341152777777779 0.03696875000000001 0.05515462962962964
3 0.5515338541666667 0.8133273148148149 0.04026562499999997 0.05632870370370374
3 0.18485052083333334 0.5751046296296297 0.04620729166666668 0.08918703703703704
3 0.17428906249999998 0.6490361111111111 0.03960624999999999 0.05398148148148155
3 0.07230356770833334 0.6871745370370371 0.056108489583333344 0.0715842592592592
