0 0.94165625 0.400837962962963 0.012541666666666628 0.015255555555555555
2 0.9479244791666667 0.4055324074074074 0.027723958333333344 0.055155555555555597
0 0.6498906249999999 0.4143337962962963 0.00990624999999999 0.014082407407407412
0 0.7852109375 0.5082148148148148 0.009901041666666662 0.011735185185185166
0 0.7871927083333332 0.5240569444444444 0.013864583333333395 0.012908333333333362
0 0.7531979166666666 0.5328583333333334 0.014520833333333271 0.014081481481481454
0 0.7406536458333334 0.519362962962963 0.009244791666666667 0.017601851851851844
0 0.7350442708333332 0.5293375000000001 0.009901041666666662 0.021123148148148137
0 0.7099583333333332 0.6854148148148149 0.012541666666666748 0.016429629629629655
0 0.6459322916666667 0.7305944444444444 0.007260416666666695 0.015255555555555555
0 0.6531901041666667 0.7464375 0.011223958333333428 0.014082407407407358
0 0.6703541666666666 0.745850462962963 0.005937499999999929 0.019949074074074143
0 0.5409765625 0.8115671296296297 0.009901041666666662 0.017602777777777853
0 0.5482369791666667 0.8274097222222222 0.015182291666666714 0.014082407407407358
0 0.18254010416666666 0.6595972222222223 0.011221874999999996 0.01642962962962955
0 0.17758958333333333 0.6461018518518519 0.01320208333333334 0.015255555555555555
0 0.16273723958333336 0.6590106481481482 0.013861979166666642 0.01525648148148146
0 0.19046119791666666 0.5921208333333333 0.009901562499999983 0.012908333333333362
0 0.16537760416666666 0.5974013888888889 0.011221874999999996 0.014082407407407358
3 0.6508802083333334 0.4072925925925926 0.03168749999999996 0.05163518518518521
3 0.7492369791666667 0.5211236111111112 0.047526041666666664 0.07510462962962969
3 0.7914817708333333 0.5134953703703704 0.03960937500000009 0.05515555555555554
3 0.7149114583333334 0.6613578703703703 0.05544791666666657 0.09036018518518524
3 0.6561614583333333 0.7341152777777777 0.03960416666666665 0.057502777777777736
3 0.5508749999999999 0.8133273148148149 0.04290624999999994 0.05632870370370374
3 0.17164869791666665 0.6490361111111111 0.04620677083333333 0.05398148148148155
3 0.17560937499999998 0.5762782407407407 0.05412812499999999 0.08683981481481486
