0 0.8631041666666666 0.38616944444444445 0.01782291666666668 0.011735185185185166
2 0.8611223958333333 0.38675601851851854 0.023098958333333287 0.05280833333333335
0 0.6502213541666666 0.4072925925925926 0.011880208333333305 0.011735185185185218
0 0.7878515625000001 0.5164291666666667 0.01122395833333331 0.011734259259259262
0 0.7541848958333333 0.5269907407407408 0.015182291666666596 0.014081481481481454
0 0.7403255208333335 0.5134953703703704 0.009901041666666662 0.015255555555555555
0 0.7343828124999999 0.5228833333333333 0.008578125000000015 0.015255555555555555
0 0.7056692708333333 0.6748532407407407 0.011880208333333305 0.014082407407407464
0 0.6673854166666667 0.6977365740740741 0.010562499999999985 0.012908333333333258
0 0.6564921875 0.6860013888888888 0.008578125000000015 0.01760277777777775
0 0.6485703125000001 0.6953893518518519 0.007265625000000024 0.019949074074074036
0 0.5502135416666666 0.8191949074074074 0.012541666666666748 0.016428703703703647
0 0.5422942708333333 0.803938888888889 0.008578125000000015 0.023470370370370332
0 0.20168307291666665 0.578038425925926 0.011221354166666675 0.01525648148148146
0 0.17758932291666665 0.5833194444444445 0.011881770833333328 0.01642962962962955
0 0.1828703125 0.6402342592592593 0.006601041666666655 0.015255555555555555
0 0.17131848958333334 0.6525564814814815 0.013861979166666642 0.014081481481481454
3 0.18683098958333333 0.568063425925926 0.0554484375 0.09153425925925923
3 0.17395911458333332 0.6425814814814815 0.04026614583333332 0.05280740740740745
3 0.5518645833333333 0.8033527777777778 0.03960416666666665 0.06219629629629632
3 0.6617734375 0.6836546296296296 0.0455468749999999 0.06219629629629632
3 0.70896875 0.6525560185185185 0.05677083333333333 0.08683981481481486
3 0.7525364583333333 0.5105615740740741 0.0448854166666667 0.0704101851851852
3 0.79478125 0.5105615740740741 0.040927083333333295 0.058675000000000026
3 0.6502187500000001 0.40201203703703703 0.03036458333333331 0.045766666666666664
