0 0.9307630208333334 0.38440925925925923 0.013203124999999953 0.017601851851851844
2 0.9396744791666666 0.3937972222222223 0.0323489583333334 0.05280740740740739
0 0.056791328125 0.6560768518518518 0.018482968750000002 0.01642962962962955
2 0.058441484375 0.6590106481481481 0.029704531249999996 0.06219537037037042
0 0.6535208333333333 0.4096393518518519 0.010562500000000105 0.009387962962962973
0 0.7898307291666666 0.5176027777777777 0.01122395833333331 0.014081481481481454
0 0.8063333333333333 0.5170157407407407 0.008583333333333342 0.015255555555555555
0 0.7525364583333333 0.5287509259259259 0.01584374999999992 0.01056111111111117
0 0.7432942708333333 0.5123217592592593 0.00792187500000002 0.019949074074074143
0 0.7842213541666666 0.6355407407407407 0.00792187500000002 0.015255555555555555
0 0.7703593750000001 0.6337805555555556 0.014520833333333271 0.01173518518518527
0 0.7687083333333333 0.6455152777777778 0.01121874999999998 0.014082407407407358
0 0.7030286458333334 0.676613425925926 0.01583854166666671 0.012908333333333258
0 0.5432838541666667 0.8068731481481481 0.006598958333333371 0.019950000000000048
0 0.5518671875 0.8197819444444445 0.011880208333333305 0.01760277777777775
0 0.5686979166666667 0.8162611111111111 0.0072604166666665765 0.017601851851851844
0 0.17461901041666666 0.6431680555555556 0.01782239583333333 0.014082407407407358
0 0.17857942708333333 0.6549032407407407 0.009901562499999983 0.01642870370370375
0 0.16042682291666666 0.6507958333333334 0.011881770833333328 0.012908333333333362
0 0.19211171875000002 0.5839060185185185 0.011881770833333357 0.012908333333333362
0 0.16933828125 0.5815592592592593 0.011221354166666645 0.015255555555555555
3 0.184190625 0.568063425925926 0.05016770833333333 0.08683981481481486
3 0.1699984375 0.6431685185185186 0.04158645833333333 0.05398148148148155
3 0.5545078125000001 0.805112962962963 0.03828645833333333 0.05867592592592593
3 0.706 0.6543166666666668 0.04951041666666664 0.08097222222222217
3 0.7736588541666668 0.6308462962962964 0.03828645833333333 0.05280740740740745
3 0.7967630208333333 0.5082143518518518 0.039609374999999974 0.05163425925925925
3 0.7531953124999999 0.5129083333333334 0.04224479166666673 0.06571666666666671
3 0.8485807291666667 0.6425814814814815 0.03763020833333333 0.055155555555555645
3 0.6531927083333334 0.3996648148148148 0.028385416666666666 0.045766666666666664
