0 0.09573697916666667 0.8103935185185186 0.017162499999999997 0.07862592592592588
0 0.06570260416666666 0.7963111111111112 0.007261458333333337 0.038725925925925886
0 0.060421875 0.8274097222222222 0.008581249999999999 0.04459351851851847
0 0.03929856770833333 0.8033523148148148 0.009901510416666662 0.043419444444444476
1 0.06504239583333334 0.7681472222222222 0.031024583333333324 0.01994999999999994
4 0.06900307291666666 0.8467708333333334 0.12343864583333332 0.203013888888889
0 0.4165455729166666 0.803938888888889 0.029044270833333326 0.023470370370370332
2 0.42116614583333334 0.7980712962962963 0.0514875 0.09622777777777783
0 0.23468802083333332 0.8649620370370371 0.01782291666666668 0.023470370370370332
0 0.20102317708333337 0.8526398148148149 0.016502604166666667 0.02229629629629623
0 0.7700286458333333 0.69715 0.008578125000000015 0.023470370370370332
0 0.7317421875 0.7124050925925927 0.019140625 0.021123148148148137
0 0.24789010416666668 0.5017601851851853 0.016502083333333317 0.015255555555555555
0 0.24359947916666666 0.5246435185185185 0.02244374999999999 0.023470370370370332
0 0.2086140625 0.5328583333333334 0.019803124999999994 0.02581666666666662
0 0.0917765625 0.5416597222222223 0.014521874999999988 0.019949074074074036
3 0.4109346354166667 0.4166810185185185 0.05742864583333329 0.07979907407407412
3 0.08418515624999999 0.529924537037037 0.0442265625 0.07393055555555558
3 0.23171770833333336 0.5017601851851852 0.0844927083333333 0.12321851851851849
3 0.22280625 0.8385578703703703 0.07723125 0.09974907407407402
3 0.7376822916666667 0.6695726851851852 0.09307291666666669 0.167812037037037
