0 0.09210651041666668 0.7980712962962963 0.01782239583333333 0.07745185185185188
0 0.06240208333333333 0.7822291666666668 0.005940625000000003 0.024643518518518526
0 0.05712109375 0.8156740740740741 0.007260937500000001 0.0352055555555555
0 0.03533796875 0.7922041666666667 0.009901458333333332 0.046939814814814865
1 0.05910169270833333 0.7575851851851853 0.027064322916666664 0.015255555555555555
4 0.0640521953125 0.8326888888888889 0.12145810937500001 0.19597407407407413
0 0.5106104166666667 0.8004189814814816 0.029706249999999972 0.021123148148148137
2 0.51325078125 0.7980717592592593 0.04950885416666667 0.1032694444444444
0 0.227096875 0.8497060185185186 0.015842708333333337 0.021123148148148245
0 0.19508203125 0.8379708333333333 0.012542187500000008 0.021123148148148137
0 0.8429687499999999 0.7253138888888888 0.02904166666666678 0.016429629629629655
0 0.8647552083333333 0.7276611111111112 0.010562499999999985 0.023470370370370332
0 0.8406614583333334 0.7487842592592593 0.01782291666666668 0.018775925925925946
0 0.7782786458333334 0.7088847222222222 0.01716145833333336 0.021123148148148137
0 0.7320729166666666 0.7106449074074074 0.017166666666666684 0.024643518518518526
0 0.2940971354166667 0.5252305555555556 0.020463020833333328 0.015255555555555555
0 0.3013583333333333 0.5434199074074073 0.02178333333333331 0.021123148148148137
0 0.26439270833333334 0.5287509259259259 0.019142708333333314 0.022296296296296335
0 0.0874859375 0.5352050925925926 0.015182291666666669 0.021123148148148137
3 0.08022473958333333 0.5264037037037038 0.03630572916666666 0.069237037037037
3 0.7700286458333333 0.9952222222222222 0.05874479166666665 0.07040740740740738
3 0.8436302083333334 0.7229671296296296 0.05677083333333333 0.1009212962962963
3 0.7558359375 0.6707458333333334 0.0976927083333333 0.15842314814814815
3 0.21389479166666667 0.8309300925925927 0.07129062500000002 0.1032694444444444
3 0.27990494791666665 0.5099750000000001 0.0805317708333333 0.13025925925925932
3 0.41060468750000007 0.41550694444444447 0.05016770833333333 0.06336944444444441
