0 0.08253489583333333 0.33394814814814816 0.04356666666666666 0.0340314814814815
0 0.51621953125 0.6994967592592592 0.030363020833333285 0.030512037037037015
2 0.10332838541666667 0.33336157407407413 0.09175364583333331 0.15725092592592596
0 0.7159010416666667 0.8896050925925927 0.04158333333333341 0.021123148148148137
0 0.7225 0.9383060185185186 0.03234374999999995 0.03168425925925931
0 0.46341249999999995 0.6326069444444445 0.03036458333333337 0.025817592592592628
0 0.7786119791666666 0.6038555555555556 0.015182291666666714 0.0340314814814815
0 0.7307526041666667 0.6038555555555556 0.031682291666666626 0.03872592592592599
3 0.4795861979166667 0.5733444444444444 0.11287968750000002 0.21710000000000002
3 0.5109401041666667 0.6748532407407407 0.09373437500000001 0.15255648148148146
3 0.7373541666666665 0.5756912037037037 0.10561458333333332 0.1748527777777778
3 0.7003880208333333 0.8901898148148149 0.12805729166666674 0.19597222222222221
