0 0.5782708333333333 0.646102314814815 0.01584375000000004 0.041073148148148185
0 0.5254627604166666 0.6625310185185186 0.03036614583333333 0.03637870370370369
0 0.5086294270833334 0.6056162037037036 0.020463020833333328 0.0328583333333333
0 0.3139 0.6631180555555556 0.01782291666666668 0.0328583333333333
0 0.3307325520833333 0.7200333333333333 0.031684895833333296 0.03168518518518521
0 0.4818953125 0.617350925925926 0.019803125000000026 0.03755185185185189
0 0.4109346354166667 0.647275462962963 0.028383854166666705 0.03637870370370369
0 0.2696734375 0.31927916666666667 0.04554687500000002 0.028163888888888867
0 0.268353125 0.3562453703703704 0.029704166666666688 0.02699074074074072
3 0.3376635416666667 0.6742662037037037 0.12211874999999998 0.1748527777777778
3 0.42974765625 0.5762782407407407 0.14390156249999997 0.26521388888888886
3 0.5363546874999999 0.6255652777777778 0.11551979166666666 0.19480277777777774
3 0.2719838541666667 0.3063708333333333 0.10165520833333333 0.16898611111111111
