0 0.5155606770833334 0.6091365740740742 0.018482812499999984 0.0352046296296297
0 0.5030187500000001 0.578625462962963 0.019803125000000026 0.02816388888888892
0 0.5865208333333333 0.46831527777777776 0.04422916666666658 0.025817592592592576
0 0.5825598958333332 0.5070407407407408 0.031026041666666632 0.0352055555555556
0 0.43073750000000005 0.6672250000000001 0.028384374999999965 0.03168518518518511
0 0.8555104166666666 0.2177703703703704 0.025083333333333374 0.038725925925925914
0 0.8353776041666666 0.244175 0.01650520833333336 0.04694074074074077
0 0.8921484375 0.2488689814814815 0.04158854166666662 0.025817592592592628
0 0.33040260416666667 0.6396476851851852 0.028384374999999965 0.03051203703703712
3 0.8862057291666666 0.19430032407407408 0.12475520833333331 0.2241400925925926
3 0.5855312500000001 0.46772824074074076 0.09109375000000004 0.1748527777777778
3 0.44360963541666665 0.6349537037037037 0.10825677083333336 0.1713333333333333
3 0.350865625 0.579212037037037 0.153803125 0.2593462962962963
3 0.47925390625000003 0.5803851851851852 0.09901302083333334 0.15372962962962966
3 0.9442942708333334 0.38440925925925923 0.13135937500000003 0.16311851851851852
