0 0.6710130208333334 0.35800509259259256 0.013859375000000066 0.0164287037037037
0 0.5030184895833333 0.5211231481481482 0.014522395833333293 0.018775925925925946
0 0.48354557291666667 0.5129087962962964 0.01650260416666664 0.014082407407407464
0 0.4805752604166667 0.5275773148148148 0.018482812499999984 0.01760277777777775
0 0.7878515625000001 0.31693240740740747 0.009901041666666662 0.03990000000000004
0 0.7739895833333333 0.31927916666666667 0.005937500000000047 0.025817592592592576
0 0.7720078125000001 0.30519722222222223 0.005942708333333376 0.018775925925925946
0 0.7558359375 0.312825 0.011880208333333305 0.04342037037037038
0 0.5713385416666666 0.6378875 0.01121874999999998 0.015256481481481565
0 0.5422942708333333 0.6431685185185185 0.015182291666666596 0.011735185185185166
0 0.4475700520833333 0.6801337962962963 0.015842187500000014 0.02229722222222224
0 0.42215624999999996 0.687175 0.01914270833333334 0.019950000000000048
0 0.9274635416666667 0.6578375000000001 0.010562499999999985 0.017602777777777853
0 0.9334036458333334 0.6824810185185186 0.017161458333333237 0.017602777777777853
2 0.6782760416666667 0.35155092592592596 0.0336666666666666 0.05984814814814812
1 0.7739895833333333 0.2870078703703704 0.019145833333333327 0.01525648148148146
4 0.7706875 0.32925416666666674 0.06403125000000003 0.10209537037037035
3 0.49245677083333333 0.49882638888888897 0.05412812500000002 0.08918611111111113
3 0.5508765624999999 0.6167643518518517 0.06535104166666669 0.11383055555555557
3 0.4340380208333333 0.6648782407407409 0.05874895833333333 0.08801388888888885
3 0.9396744791666668 0.6654652777777778 0.04950520833333331 0.07510462962962969
0 0.9548567708333332 0.6789601851851853 0.012546874999999957 0.015255555555555555
