0 0.49443723958333335 0.5228833333333333 0.01716302083333338 0.015255555555555555
2 0.4921268229166666 0.5176027777777777 0.029704687500000007 0.05398148148148144
0 0.6337187499999999 0.4841574074074074 0.009239583333333337 0.04342037037037038
0 0.6205156249999999 0.4865046296296296 0.005281250000000052 0.02699074074074072
0 0.6026927083333333 0.48005046296296305 0.010562499999999985 0.04693981481481481
0 0.6182057291666666 0.4712486111111111 0.004619791666666729 0.01760277777777775
1 0.6188671874999999 0.4577537037037037 0.015182291666666596 0.011735185185185218
4 0.6165572916666666 0.49354583333333335 0.06601041666666667 0.09505462962962968
0 0.6578125 0.5721708333333334 0.007260416666666695 0.019949074074074036
0 0.63140625 0.5768652777777779 0.012541666666666628 0.01760277777777775
0 0.5442734375 0.6789606481481482 0.009901041666666662 0.024643518518518526
0 0.52249140625 0.6901087962962963 0.019142187499999963 0.016428703703703647
0 0.35218593749999993 0.6795472222222223 0.008581249999999999 0.01877592592592584
0 0.3399739583333333 0.6953898148148148 0.01848229166666672 0.015255555555555555
0 0.3152200520833333 0.8010050925925927 0.013861979166666672 0.01760277777777775
0 0.7350416666666666 0.8010050925925927 0.007260416666666695 0.01760277777777775
0 0.7264609375000001 0.8209550925925926 0.015182291666666714 0.010562037037037073
0 0.6155651041666667 0.5932939814814815 0.008578124999999895 0.012908333333333258
0 0.5964244791666667 0.5938810185185185 0.009901041666666662 0.014082407407407358
3 0.64196875 0.5557416666666667 0.05479166666666669 0.09974814814814821
3 0.6063229166666666 0.5827324074074074 0.04290624999999994 0.057501851851851936
3 0.52810234375 0.6648782407407408 0.05412864583333334 0.08566574074074075
3 0.7221718749999999 0.8033523148148148 0.03960416666666665 0.0668898148148148
3 0.3409640625 0.6736791666666666 0.04818749999999999 0.08683981481481486
0 0.3640674479166667 0.7787087962962963 0.009901562499999983 0.01760277777777775
0 0.3548260416666667 0.8010055555555556 0.011221874999999966 0.012909259259259266
3 0.3584567708333334 0.7839898148148148 0.04356666666666668 0.06102222222222222
3 0.3178606770833333 0.7704944444444445 0.054788020833333326 0.08801296296296295
