0 0.11190937499999999 0.7071245370370371 0.011221875000000011 0.02229722222222224
0 0.12082109375 0.7194462962962963 0.011881770833333341 0.023470370370370437
0 0.08814609375 0.7341152777777779 0.02310364583333332 0.01760277777777775
0 0.343934375 0.7276606481481481 0.01320208333333337 0.021123148148148137
0 0.3139 0.7311814814814815 0.011221875000000025 0.018775925925925946
0 0.6383385416666667 0.4430847222222222 0.0066041666666667 0.02229722222222224
0 0.6211770833333332 0.45247314814814815 0.011885416666666633 0.015255555555555555
0 0.8664036458333333 0.3134115740740741 0.016505208333333243 0.02112314814814819
2 0.8736640625 0.312825 0.03498437500000004 0.07862592592592597
3 0.3340330729166666 0.6860013888888888 0.0726109375 0.1701583333333334
3 0.09408671875 0.6930425925925926 0.07723177083333331 0.12087222222222214
3 0.6234869791666666 0.4442583333333333 0.04026562499999997 0.06219629629629627
3 0.5997239583333333 0.4665550925925926 0.05479166666666669 0.1208712962962963
