0 0.5300833333333334 0.48533101851851856 0.01584375000000004 0.012908333333333362
2 0.5330541666666666 0.4829842592592593 0.031027083333333334 0.05750185185185183
0 0.6621015625000001 0.4483652777777778 0.007921874999999901 0.03989907407407403
0 0.6498906249999999 0.4495388888888889 0.004625000000000057 0.023470370370370384
0 0.6465911458333333 0.4401509259259259 0.004619791666666729 0.02581666666666662
0 0.6320703124999999 0.4436717592592593 0.009901041666666662 0.03989907407407408
1 0.6479114583333333 0.41961435185185186 0.017822916666666563 0.01290833333333331
4 0.6452682291666666 0.4606875 0.06534895833333335 0.09740092592592592
0 0.2954171875 0.7974847222222222 0.015182291666666655 0.01760277777777775
0 0.27924479166666666 0.7857495370370371 0.01320208333333331 0.012908333333333362
0 0.27198359375 0.8010050925925927 0.011881770833333328 0.01760277777777775
0 0.6201848958333334 0.5950546296296296 0.019140625 0.018775925925925946
0 0.6980755208333334 0.7399828703703705 0.015182291666666714 0.01760277777777775
0 0.6548411458333334 0.7710810185185186 0.006598958333333371 0.01877685185185185
0 0.6607812499999999 0.7857500000000001 0.010562499999999985 0.019950000000000048
0 0.6277786458333333 0.7710810185185185 0.013203124999999953 0.01642870370370375
0 0.601703125 0.7816425925925926 0.012541666666666628 0.016429629629629655
0 0.3888213541666667 0.6560768518518518 0.01320208333333331 0.018775925925925946
0 0.3693484375 0.6537300925925926 0.016502083333333317 0.014082407407407464
0 0.3660479166666666 0.6672250000000001 0.015182291666666655 0.015255555555555555
0 0.18947135416666666 0.6196981481481482 0.009241666666666652 0.018775925925925946
0 0.20036302083333332 0.6337800925925927 0.015182291666666655 0.014082407407407358
3 0.6934583333333334 0.7088847222222223 0.05742708333333333 0.11031018518518518
3 0.6208463541666667 0.5756912037037037 0.04026562500000009 0.07158425925925929
3 0.37627942708333334 0.6419949074074075 0.05412864583333329 0.09153425925925923
3 0.19838255208333333 0.6196981481481482 0.04158593750000002 0.0657166666666666
3 0.2884861979166667 0.7875097222222223 0.05016718749999998 0.07510462962962969
3 0.612265625 0.7599328703703704 0.053468750000000044 0.07158425925925929
3 0.6498906249999999 0.7740148148148148 0.04158333333333341 0.06219629629629632
