0 0.45087083333333333 0.4853314814814814 0.017162499999999997 0.015255555555555555
2 0.4495505208333333 0.48005046296296305 0.03168437499999997 0.05163425925925925
0 0.6588020833333333 0.4395643518518519 0.009239583333333337 0.04341944444444442
0 0.6459296875 0.4407375 0.005942708333333376 0.024643518518518474
0 0.6426302083333333 0.430762962962963 0.005937499999999929 0.023470370370370384
0 0.6274479166666667 0.43310972222222227 0.008583333333333342 0.03989907407407403
1 0.6436197916666666 0.40905277777777777 0.018479166666666675 0.015255555555555555
4 0.6416406249999999 0.44484490740740745 0.06601041666666667 0.1056157407407408
0 0.7175494791666667 0.7857495370370371 0.011880208333333305 0.01760277777777775
0 0.7241536458333333 0.7986587962962963 0.011880208333333305 0.01760277777777775
0 0.7040182291666668 0.8010050925925927 0.013859374999999948 0.01760277777777775
0 0.6914765625 0.7798824074074074 0.011223958333333428 0.019950000000000048
0 0.6644114583333334 0.7886837962962964 0.012541666666666628 0.014082407407407464
0 0.37925000000000003 0.6484490740740741 0.015182291666666655 0.017601851851851844
0 0.36043697916666667 0.6408212962962964 0.014521875000000031 0.011735185185185166
0 0.3561463541666667 0.6549032407407407 0.013862499999999993 0.01642870370370375
0 0.6360286458333333 0.5481138888888889 0.01650520833333336 0.014081481481481454
0 0.6142447916666666 0.5398990740740741 0.01121874999999998 0.018775925925925946
0 0.31026953125 0.8579203703703704 0.010561979166666664 0.018775925925925946
0 0.2914567708333333 0.8526398148148149 0.01914270833333334 0.012909259259259266
0 0.2894763020833333 0.8702425925925927 0.01650260416666664 0.015255555555555555
3 0.67134375 0.7663870370370371 0.06072916666666662 0.08918703703703704
3 0.7129296875 0.7869236111111112 0.04356770833333338 0.07158425925925929
3 0.6277760416666667 0.5269907407407407 0.05148958333333328 0.07979814814814816
3 0.37033854166666663 0.6296726851851852 0.056768749999999986 0.09505462962962963
3 0.2964075520833333 0.8526402777777778 0.04884739583333335 0.0715842592592592
