0 0.40136328125000004 0.6648782407407409 0.022443229166666672 0.01525648148148146
2 0.4040036458333333 0.6637046296296296 0.03564583333333336 0.062196296296296215
0 0.12016067708333333 0.6725060185185184 0.014522395833333339 0.058675000000000026
0 0.09936770833333333 0.6595976851851852 0.007261458333333337 0.025817592592592628
0 0.09573723958333333 0.6795467592592592 0.007921354166666653 0.0328583333333333
0 0.08088489583333333 0.6683990740740741 0.007261458333333337 0.03872592592592599
1 0.09969765625 0.6390611111111111 0.022443229166666672 0.015255555555555555
4 0.10134791666666668 0.6936291666666667 0.08119270833333334 0.13143240740740741
0 0.21488515625 0.7041907407407407 0.012542187500000008 0.018775925925925946
0 0.192771875 0.69715 0.010561458333333343 0.018775925925925946
0 0.6683749999999999 0.7493712962962963 0.007260416666666695 0.015255555555555555
0 0.6505520833333333 0.7569986111111111 0.012541666666666628 0.016428703703703647
0 0.36109713541666666 0.8432518518518519 0.010561979166666664 0.019950000000000048
0 0.5119299479166667 0.6560773148148148 0.011221354166666645 0.021123148148148137
0 0.5181997395833333 0.6713324074074074 0.01055885416666668 0.018775925925925946
0 0.4977377604166667 0.6707458333333334 0.014522395833333293 0.02229722222222224
0 0.5885 0.7822291666666668 0.021781249999999967 0.010562037037036969
0 0.588171875 0.7980717592592593 0.01584375000000004 0.01877685185185185
3 0.20366354166666667 0.6883481481481483 0.049507291666666654 0.07393148148148149
3 0.3482252604166666 0.8491194444444444 0.05610885416666669 0.07393148148148149
3 0.5026875 0.6566638888888889 0.04686458333333334 0.06219629629629632
3 0.588171875 0.7798824074074073 0.043562499999999935 0.069237037037037
3 0.6541796875 0.7399828703703705 0.04356770833333326 0.0668898148148148
3 0.971359375 0.4759430555555556 0.058750000000000094 0.07862500000000003
0 0.9604661458333332 0.4882648148148149 0.018484375000000004 0.018775925925925946
