0 0.3039984375 0.5974013888888889 0.028384375000000024 0.025817592592592628
2 0.30828932291666666 0.5932939814814815 0.04488697916666666 0.07158425925925929
0 0.027416796874999996 0.6144171296296297 0.02310348958333333 0.06454351851851851
0 0.0046433333333333335 0.6132439814814815 0.011881770833333333 0.05515462962962964
1 0.008933984375 0.5774518518518518 0.021783281249999998 0.016429629629629655
4 0.017845442708333333 0.6349537037037037 0.07261119791666666 0.14551481481481476
0 0.5261208333333334 0.47887685185185186 0.02508125000000003 0.018775925925925946
0 0.5475755208333334 0.4870912037037037 0.01650520833333336 0.016428703703703647
0 0.52282265625 0.49882638888888897 0.021125520833333293 0.01642870370370375
0 0.3294125 0.48357083333333334 0.027723958333333344 0.01642870370370375
0 0.9862109375 0.7305949074074074 0.01583854166666671 0.024643518518518526
0 0.38420052083333334 0.7229666666666666 0.023763541666666655 0.023470370370370332
0 0.14128385416666667 0.6513828703703705 0.01980312500000001 0.01642870370370375
0 0.11620026041666665 0.6408212962962964 0.0158421875 0.023470370370370332
3 1.0027135416666666 0.734701851851852 0.05677083333333333 0.1009222222222222
3 0.33205286458333333 0.47242222222222224 0.0554484375 0.07393148148148149
3 0.3782596354166667 0.6877615740740741 0.07921197916666665 0.12204537037037035
3 0.5360244791666666 0.4812240740740741 0.050169791666666616 0.07275740740740738
3 0.1303921875 0.6337800925925927 0.05874895833333333 0.08214537037037035
