0 0.5033486979166666 0.4190277777777778 0.013861979166666672 0.014081481481481454
2 0.51160078125 0.4172675925925926 0.03300677083333336 0.05280740740740745
0 0.6294270833333333 0.3844092592592593 0.007260416666666695 0.03872592592592594
0 0.5967526041666666 0.3791282407407407 0.007921874999999901 0.03285833333333336
0 0.6129270833333335 0.3509638888888889 0.01782291666666668 0.011735185185185166
4 0.6119348958333333 0.392037037037037 0.0633697916666667 0.09857407407407406
0 0.10101796874999999 0.8549865740740741 0.0158421875 0.01760277777777775
0 0.086165625 0.873762962962963 0.015182291666666669 0.019950000000000048
0 0.6617734375 0.6830675925925925 0.01650520833333336 0.011735185185185166
0 0.6584713541666666 0.6994967592592592 0.013859374999999948 0.014082407407407464
0 0.6465911458333333 0.6824805555555555 0.009901041666666662 0.015255555555555555
0 0.6215052083333333 0.6948027777777778 0.012541666666666628 0.014081481481481454
0 0.32677187500000004 0.5844930555555556 0.015842708333333337 0.014082407407407358
0 0.33139270833333334 0.597987962962963 0.014521875000000031 0.015255555555555555
0 0.3063088541666667 0.5915337962962963 0.014521874999999972 0.01877685185185185
0 0.42116614583333334 0.5569152777777777 0.014521875000000031 0.012908333333333258
0 0.4908067708333333 0.8133273148148149 0.008581249999999999 0.023469444444444428
0 0.47232395833333335 0.8121537037037038 0.01914270833333334 0.014081481481481454
0 0.46935338541666666 0.8309300925925927 0.014522395833333352 0.016428703703703647
3 0.6267864583333332 0.6672250000000001 0.05742708333333333 0.08801296296296295
3 0.6640807291666666 0.6824810185185186 0.03828645833333333 0.06454351851851851
3 0.4214963541666667 0.5316847222222222 0.052147916666666676 0.10326944444444451
3 0.316540625 0.5709972222222223 0.05874895833333333 0.09974814814814821
3 0.47694479166666665 0.8068726851851851 0.049507291666666654 0.08331944444444446
3 0.09474687500000001 0.8585074074074074 0.060068750000000004 0.08331851851851844
