0 0.7007161458333333 0.4325231481481482 0.015182291666666714 0.017601851851851844
2 0.7030286458333334 0.4219615740740741 0.027723958333333344 0.069237962962963
0 0.9281223958333332 0.5029337962962963 0.007921874999999901 0.038725000000000086
0 0.91525 0.48767824074074073 0.012541666666666628 0.024643518518518526
0 0.8921458333333333 0.4765296296296297 0.01782291666666668 0.028164814814814823
1 0.9195416666666666 0.4618611111111111 0.018479166666666675 0.019950000000000048
4 0.9000703125 0.5076277777777779 0.07591145833333333 0.11852407407407405
0 0.5363541666666667 0.5246435185185185 0.0072604166666666355 0.018775925925925946
0 0.5512057291666667 0.5393125 0.01716145833333336 0.012908333333333362
0 0.5314036458333333 0.4172675925925926 0.00792187500000002 0.012909259259259266
0 0.5122598958333333 0.4225481481481481 0.009241666666666622 0.011735185185185218
0 0.11322968750000001 0.40259861111111117 0.008581249999999999 0.014082407407407412
0 0.10596848958333333 0.41492037037037044 0.009901562499999997 0.010561111111111117
0 0.11950052083333333 0.40494583333333334 0.006601041666666655 0.014082407407407412
0 0.17131848958333334 0.6607708333333333 0.007260937499999986 0.021123148148148137
0 0.15085546875 0.6683986111111111 0.020463020833333328 0.012908333333333362
0 0.15052526041666667 0.6860013888888888 0.014522395833333323 0.012908333333333362
3 0.5492239583333334 0.5264041666666667 0.04488541666666664 0.08331944444444446
3 0.5195205729166666 0.40670555555555554 0.03960468750000003 0.08097222222222221
3 0.10827890625000001 0.4055324074074074 0.0330046875 0.041072222222222225
3 0.15811640625 0.6648782407407408 0.046867187500000004 0.07393055555555558
