0 0.5182018229166666 0.8497060185185186 0.019804687500000046 0.037552777777777796
2 0.5023593749999999 0.8426652777777778 0.05677083333333333 0.11735092592592596
4 0.5657291666666666 0.3186925925925926 0.025083333333333374 0.041072222222222225
0 0.3610971354166666 0.7124055555555556 0.00924114583333336 0.018775925925925946
0 0.33601354166666664 0.7276611111111112 0.01320208333333337 0.016429629629629655
0 0.5211700520833333 0.6789601851851853 0.00989947916666664 0.01994999999999994
0 0.50400859375 0.6725060185185184 0.01650260416666664 0.01642870370370375
0 0.49971796874999996 0.6883486111111112 0.011881770833333328 0.017602777777777853
0 0.27561432291666665 0.7264875000000001 0.009901562499999983 0.025817592592592628
0 0.28386536458333333 0.737636111111111 0.007921354166666639 0.022296296296296335
0 0.2531708333333333 0.7511314814814815 0.023103125000000002 0.018775925925925946
0 0.3063091145833333 0.5416597222222223 0.011881770833333328 0.010562037037037073
0 0.28287526041666666 0.5410726851851853 0.007260937500000016 0.014082407407407358
0 0.5663880208333333 0.40318564814814817 0.010557291666666658 0.005867592592592583
0 0.5640755208333333 0.4096398148148148 0.009901041666666662 0.00704074074074078
0 0.5762890624999999 0.4043587962962963 0.006598958333333253 0.01290833333333331
0 0.7862005208333334 0.37326064814814813 0.006598958333333253 0.00938796296296292
3 0.34360442708333333 0.7100583333333335 0.04950781250000003 0.07041111111111109
3 0.508959375 0.6748527777777779 0.051487500000000054 0.07745185185185177
3 0.29772760416666666 0.5240569444444445 0.05412812500000002 0.09505462962962963
3 0.5706796875 0.3937972222222223 0.02442187500000005 0.041072222222222225
3 0.6749739583333334 0.40201203703703703 0.031020833333333303 0.05046111111111116
0 0.6769557291666667 0.4143337962962963 0.008578125000000015 0.009387962962962973
3 0.7881796874999999 0.37326064814814813 0.01716145833333336 0.025817592592592576
3 0.2568015625 0.7241402777777778 0.06733020833333334 0.1056157407407408
