0 0.20300338541666663 0.6402347222222223 0.016502604166666667 0.06454351851851851
0 0.1802299479166667 0.6267388888888888 0.007921354166666669 0.023470370370370437
0 0.17593932291666667 0.6513828703703705 0.007260937499999986 0.037552777777777796
0 0.1584466145833333 0.6320199074074074 0.00924114583333333 0.04107314814814808
1 0.17956979166666667 0.6015087962962963 0.02244374999999999 0.019949074074074143
4 0.18320026041666668 0.6642916666666666 0.09307447916666668 0.15490370370370365
0 0.36175729166666665 0.6155907407407407 0.017162499999999997 0.01994999999999994
2 0.37165885416666666 0.6138305555555555 0.040926041666666656 0.07745185185185177
0 0.7459348958333334 0.5428333333333334 0.018484375000000004 0.02229629629629623
0 0.71953125 0.5393125 0.01584375000000004 0.01760277777777775
0 0.309609375 0.6801342592592593 0.015842708333333337 0.015255555555555555
0 0.28386536458333333 0.6701587962962964 0.011881770833333328 0.021123148148148137
0 0.48750625 0.6607708333333333 0.016502083333333376 0.01642870370370375
0 0.5257914062500001 0.7663865740740741 0.021781770833333346 0.014082407407407464
0 0.5284348958333334 0.785162962962963 0.015182291666666714 0.018775925925925946
0 0.7868619791666667 0.7405694444444445 0.01583854166666671 0.016429629629629655
0 0.7498958333333334 0.7288347222222222 0.011885416666666633 0.025817592592592524
0 0.6680416666666666 0.6284995370370371 0.014520833333333271 0.01760277777777775
0 0.6703541666666666 0.6484490740740741 0.012541666666666628 0.017601851851851844
0 0.644609375 0.6560773148148148 0.016500000000000032 0.021123148148148137
0 0.5304140625 0.5839060185185185 0.005942708333333257 0.02229722222222224
0 0.5132502604166667 0.5850796296296297 0.023103645833333353 0.015255555555555555
0 0.4521908854166667 0.8315166666666667 0.011881770833333387 0.02464444444444443
0 0.42347656250000004 0.8543999999999999 0.024423958333333336 0.02581666666666662
3 0.7327317708333333 0.5176023148148148 0.06732812499999999 0.10561574074074075
3 0.7733307291666667 0.7000837962962964 0.08515104166666668 0.14903611111111117
3 0.6588020833333333 0.6361273148148148 0.06205208333333338 0.07510462962962958
3 0.5175401041666666 0.5815587962962963 0.043565624999999976 0.07158425925925929
0 0.5132502604166667 0.6032689814814816 0.013861979166666672 0.01642870370370375
3 0.4861861979166666 0.6402342592592593 0.04026614583333335 0.07627777777777778
3 0.5231520833333333 0.7663870370370371 0.05478958333333329 0.08214629629629626
0 0.5063190104166666 0.7798824074074074 0.00924114583333336 0.019950000000000048
3 0.4300776041666667 0.8180212962962963 0.06666979166666664 0.10796296296296298
3 0.30036796875 0.6619444444444446 0.058089062499999976 0.08214629629629626
