0 0.21158437499999996 0.6320199074074074 0.015182291666666684 0.05984907407407403
0 0.18947109374999999 0.6232185185185186 0.005280729166666671 0.025816666666666724
0 0.18485052083333334 0.6466888888888889 0.006601041666666655 0.03755185185185189
0 0.16801822916666667 0.6279125000000001 0.008581249999999999 0.03989907407407408
1 0.18980130208333332 0.5974013888888889 0.02574427083333332 0.01877685185185185
4 0.19178177083333334 0.657837037037037 0.09307395833333333 0.14903518518518516
2 0.5845390625 0.6584236111111111 0.04554687500000002 0.08683981481481486
0 0.7353723958333334 0.5393125 0.022442708333333408 0.01760277777777775
0 0.7201927083333333 0.5234699074074075 0.009239583333333337 0.021123148148148137
0 0.4878364583333333 0.6525564814814815 0.01320208333333337 0.014081481481481454
0 0.5221606770833334 0.8825643518518519 0.01848072916666664 0.021123148148148137
0 0.5149002604166667 0.7347023148148147 0.014522395833333293 0.021123148148148137
0 0.47694453125 0.7323550925925927 0.013861979166666672 0.021123148148148137
0 0.31687031250000003 0.6754398148148147 0.01320208333333337 0.015255555555555555
0 0.2927768229166666 0.6648782407407409 0.00858177083333332 0.02229722222222224
0 0.67134375 0.6431680555555556 0.011885416666666752 0.01642870370370375
0 0.652203125 0.6314333333333333 0.019802083333333324 0.023470370370370332
0 0.6452708333333333 0.6478624999999999 0.013864583333333395 0.021123148148148137
0 0.4792549479166666 0.8268226851851852 0.014522395833333352 0.02933796296296302
0 0.48651614583333336 0.843838425925926 0.015842708333333337 0.025817592592592628
0 0.44988046875000004 0.8367976851851853 0.023103645833333353 0.02816388888888892
3 0.48981640625 0.6290861111111111 0.042246354166666694 0.0657166666666666
3 0.5267828125 0.8614412037037037 0.04752812499999995 0.07510462962962969
3 0.7373541666666666 0.5140824074074075 0.05940624999999997 0.10796296296296298
3 0.6597942708333333 0.6308467592592593 0.05610937500000001 0.07862500000000007
3 0.49476848958333336 0.7012569444444445 0.08251510416666671 0.15138240740740747
3 0.4617622395833333 0.8092199074074075 0.07723177083333331 0.13026018518518523
3 0.30663880208333333 0.6554902777777778 0.054788020833333326 0.08331944444444446
