0 0.2171953125 0.6343666666666666 0.01320208333333334 0.06219629629629632
0 0.19013151041666668 0.6466888888888889 0.005280729166666671 0.028164814814814823
0 0.17428880208333333 0.6238050925925926 0.007921354166666669 0.03637870370370369
1 0.19343177083333335 0.5962277777777777 0.02640416666666668 0.014081481481481454
4 0.19673229166666667 0.6590106481481481 0.09241354166666665 0.15138240740740735
0 0.5868515625 0.6590106481481482 0.01583854166666671 0.03403240740740741
2 0.5967526041666668 0.6601842592592593 0.047526041666666664 0.08331851851851856
0 0.7284427083333334 0.5264037037037038 0.013864583333333395 0.01994999999999994
0 0.7495651041666667 0.5387259259259259 0.020463541666666647 0.018775925925925946
0 0.7218411458333333 0.5410726851851853 0.013859374999999948 0.021123148148148137
0 0.6304192708333333 0.5645430555555556 0.011880208333333305 0.016428703703703647
0 0.6297578125 0.5897736111111112 0.0145260416666666 0.01760277777777775
0 0.6063255208333334 0.5874263888888889 0.011223958333333428 0.017602777777777853
0 0.54790625 0.8755236111111111 0.009239583333333337 0.014082407407407358
0 0.48750625 0.7294212962962963 0.011221874999999966 0.019950000000000048
0 0.45120052083333334 0.734701851851852 0.015182291666666655 0.01877592592592584
0 0.3224815104166667 0.6725060185185184 0.013861979166666672 0.01642870370370375
0 0.29706744791666667 0.6637046296296296 0.011881770833333328 0.01994999999999994
0 0.6607838541666666 0.6390611111111111 0.02376562499999994 0.015255555555555555
0 0.6630937499999999 0.6549032407407407 0.01782291666666668 0.01642870370370375
0 0.6393307291666666 0.6384740740740741 0.009901041666666662 0.025816666666666724
0 0.5551666666666667 0.6396476851851851 0.011885416666666633 0.01877685185185185
0 0.5304114583333334 0.6466888888888889 0.013864583333333335 0.014081481481481454
0 0.4716638020833333 0.8209550925925926 0.019143229166666664 0.02229722222222224
0 0.4792549479166666 0.8373842592592593 0.01716302083333332 0.026990740740740825
0 0.4426192708333333 0.8285828703703704 0.02178333333333331 0.025817592592592628
3 0.31026927083333333 0.6560773148148148 0.054128124999999964 0.07510462962962969
3 0.4634127604166667 0.7030171296296297 0.07261093749999994 0.1337805555555555
3 0.45912213541666663 0.7998319444444446 0.07459114583333329 0.13260648148148152
3 0.6581432291666667 0.6337800925925926 0.04884895833333332 0.06806388888888891
3 0.6201848958333334 0.5721708333333334 0.05610937499999989 0.07862500000000007
3 0.7419739583333333 0.5111486111111112 0.06601041666666667 0.1067898148148148
3 0.5432835937499999 0.6302597222222222 0.05676614583333327 0.0727583333333334
3 0.5426249999999999 0.8684819444444444 0.03696874999999995 0.06336944444444441
