0 0.21488489583333334 0.6261523148148148 0.015182291666666655 0.05984907407407403
0 0.1888109375 0.6390611111111111 0.006601041666666655 0.0340314814814815
0 0.1716484375 0.6196981481481482 0.009241666666666681 0.03755185185185189
1 0.19244166666666668 0.5915337962962963 0.024423958333333336 0.016428703703703647
4 0.19574218750000003 0.6502092592592594 0.09043333333333334 0.15020925925925926
0 0.5092888020833333 0.6261523148148148 0.024422395833333315 0.019949074074074143
2 0.51061015625 0.6255657407407408 0.03894635416666669 0.07275740740740738
0 0.7591354166666666 0.5269907407407408 0.010562499999999985 0.02112407407407404
0 0.7393333333333333 0.5269907407407408 0.02112499999999997 0.016429629629629655
0 0.7373541666666666 0.5422462962962963 0.02112499999999997 0.018775925925925946
0 0.8357083333333333 0.6449287037037037 0.019802083333333324 0.015255555555555555
0 0.8409895833333333 0.6648782407407408 0.01584375000000004 0.012908333333333362
0 0.8165651041666667 0.6590106481481481 0.013203124999999953 0.019949074074074143
0 0.539984375 0.8555736111111113 0.017166666666666684 0.021123148148148137
0 0.5475755208333334 0.8720027777777778 0.013859375000000066 0.018775925925925946
0 0.3191807291666667 0.6672254629629629 0.01782291666666668 0.017602777777777853
0 0.2954171875 0.6566638888888889 0.011221875000000025 0.02229629629629623
0 0.6588020833333333 0.6337800925925926 0.010562499999999985 0.01877685185185185
0 0.6353671875 0.6443416666666667 0.015182291666666714 0.01642962962962955
0 0.7281119791666666 0.5551550925925927 0.00792187500000002 0.01877685185185185
0 0.7079817708333334 0.5668902777777779 0.015182291666666714 0.01642870370370375
0 0.47265416666666665 0.814500925925926 0.019803124999999967 0.02581666666666662
0 0.47892500000000005 0.833276851851852 0.017822916666666622 0.02581666666666662
0 0.441959375 0.8221287037037037 0.02310312499999997 0.026990740740740825
3 0.3092794270833333 0.6490356481481482 0.05742864583333335 0.07979907407407406
3 0.45351119791666666 0.7939643518518519 0.07657135416666669 0.1396472222222222
3 0.64196875 0.6214583333333333 0.05214583333333339 0.07158333333333339
3 0.7132604166666667 0.5451800925925926 0.04686458333333334 0.0668898148148148
3 0.7442864583333333 0.5041074074074073 0.053468749999999926 0.11148333333333327
3 0.8291067708333334 0.6408208333333334 0.05676562500000001 0.08683981481481486
3 0.5330520833333333 0.8514662037037037 0.052145833333333336 0.08566574074074075
3 0.6373489583333334 0.7053643518518519 0.061385416666666734 0.11969722222222215
