0 0.1528359375 0.6238055555555556 0.015182291666666655 0.06219629629629632
0 0.12940208333333333 0.6091361111111111 0.006601041666666655 0.023470370370370437
0 0.12577161458333333 0.6355402777777778 0.005941145833333339 0.029337962962962913
1 0.12907213541666668 0.5856662037037037 0.02310364583333332 0.01877685185185185
4 0.13270260416666665 0.6478625 0.093734375 0.15255648148148146
0 0.1089390625 0.6167638888888889 0.009241666666666667 0.03872592592592599
0 0.50961953125 0.6314328703703704 0.01716302083333332 0.021123148148148137
2 0.5215018229166667 0.6308462962962964 0.04752760416666669 0.07627777777777778
0 0.692796875 0.509975 0.01782291666666668 0.015255555555555555
0 0.6964296875 0.5269907407407408 0.017161458333333237 0.016429629629629655
0 0.6706822916666667 0.5134953703703704 0.01584375000000004 0.017601851851851844
0 0.7739895833333333 0.6331930555555556 0.019145833333333327 0.017602777777777853
0 0.8588125 0.7963111111111112 0.01584375000000004 0.01994999999999994
0 0.8211848958333333 0.7822291666666668 0.011880208333333305 0.022297222222222135
0 0.26010182291666667 0.6595972222222223 0.014522395833333323 0.01642962962962955
0 0.23435807291666666 0.6525560185185186 0.010561979166666693 0.021123148148148137
0 0.5964218750000001 0.6238055555555556 0.0112187500000001 0.022296296296296335
0 0.5752994791666667 0.6161773148148149 0.019140625 0.016428703703703647
0 0.5713385416666666 0.6326064814814815 0.016499999999999914 0.016429629629629655
0 0.6208463541666667 0.49002546296296295 0.015182291666666596 0.01760277777777775
0 0.6274479166666667 0.5017606481481481 0.01121874999999998 0.017602777777777853
0 0.6033541666666666 0.5017606481481481 0.01452083333333339 0.017602777777777853
0 0.4115947916666666 0.8062861111111111 0.015182291666666655 0.028164814814814823
0 0.42017604166666667 0.8191949074074074 0.016502083333333376 0.030512037037037015
0 0.383540625 0.8191949074074074 0.023763541666666655 0.023469444444444428
3 0.8489114583333333 0.7435037037037037 0.0858125 0.1419944444444444
3 0.6825651041666667 0.4876777777777778 0.0594114583333333 0.11148333333333338
3 0.6112734375 0.4882652777777778 0.052807291666666596 0.07510462962962969
3 0.5799192708333333 0.6120703703703705 0.054786458333333364 0.08097222222222217
3 0.2482200520833333 0.6425814814814815 0.058089062499999976 0.07862592592592597
3 0.3901416666666666 0.7904439814814814 0.08449270833333333 0.12556574074074073
3 0.493446875 0.833863425925926 0.04554687500000002 0.07862499999999997
3 0.7673880208333334 0.6396476851851852 0.05610937500000001 0.08449351851851856
