0 0.1673578125 0.6103101851851852 0.015182291666666655 0.06102222222222222
0 0.14293411458333333 0.5974013888888889 0.005941145833333324 0.030512037037037015
0 0.13996380208333334 0.6226319444444445 0.005280729166666671 0.03637870370370369
0 0.12247109375 0.6009217592592593 0.01122135416666666 0.03989907407407408
1 0.14128411458333331 0.5727574074074074 0.025083854166666666 0.018775925925925946
4 0.14491432291666667 0.6337800925925926 0.09439427083333334 0.14786203703703707
0 0.529421875 0.6249787037037038 0.009239583333333279 0.022296296296296335
2 0.542625 0.6196981481481482 0.04092708333333341 0.07745185185185177
0 0.7112786458333333 0.49413240740740744 0.015182291666666714 0.01642962962962955
0 0.7178802083333333 0.5088013888888889 0.013864583333333395 0.01760277777777775
0 0.6901562499999999 0.5052805555555555 0.019145833333333327 0.019950000000000048
0 0.789171875 0.6226314814814815 0.020458333333333318 0.015255555555555555
0 0.7941223958333334 0.6402342592592593 0.01583854166666671 0.015255555555555555
0 0.7680494791666668 0.6361273148148148 0.01122395833333331 0.021123148148148137
0 0.5033486979166666 0.834450462962963 0.020463020833333328 0.014082407407407464
0 0.8819140625 0.7511310185185186 0.01716145833333336 0.021123148148148137
0 0.2729736979166667 0.6490361111111111 0.013861979166666672 0.01877592592592584
0 0.24722994791666666 0.6402342592592593 0.009901562500000013 0.019950000000000048
0 0.6043463541666667 0.6032689814814814 0.015182291666666714 0.01877685185185185
0 0.6116041666666666 0.6155907407407407 0.012541666666666628 0.01994999999999994
0 0.5858619791666667 0.6150041666666667 0.01650520833333336 0.01642870370370375
0 0.631078125 0.48063703703703703 0.014520833333333271 0.017601851851851792
0 0.6380104166666667 0.4953060185185186 0.008583333333333342 0.01877685185185185
0 0.6135833333333333 0.4923722222222222 0.012541666666666628 0.01760185185185195
0 0.4198460937499999 0.8203685185185186 0.015842187500000014 0.03051111111111111
0 0.38354062499999997 0.8362106481481483 0.019803125000000026 0.019949074074074036
3 0.5049984375 0.8238888888888889 0.04884687500000003 0.08214629629629626
3 0.3997130208333334 0.8039393518518518 0.07855208333333336 0.1009212962962963
3 0.26175208333333333 0.6320199074074074 0.06006875 0.08331944444444435
3 0.5947708333333334 0.6020953703703704 0.05544791666666669 0.07979814814814816
3 0.6211770833333332 0.4782898148148148 0.054124999999999916 0.07393148148148149
3 0.6987395833333333 0.48063703703703703 0.06798958333333331 0.11148333333333332
3 0.7815807291666667 0.6220449074074075 0.05808854166666677 0.08214537037037035
3 0.8838958333333333 0.7082981481481482 0.06996874999999995 0.1373
