0 0.055470911458333334 0.6361273148148148 0.01716234375 0.05632870370370363
0 0.03236752604166667 0.6255657407407408 0.007921197916666668 0.023470370370370332
0 0.029067005208333333 0.6490356481481482 0.007921197916666662 0.02816388888888892
0 0.012564531249999998 0.6343666666666666 0.0105615625 0.0340314814814815
1 0.03038721354166667 0.6073763888888889 0.022443385416666666 0.01760277777777775
4 0.0376482109375 0.6660513888888888 0.083172328125 0.14434166666666667
0 0.2442596354166667 0.6196981481481482 0.025083854166666666 0.018775925925925946
2 0.24789010416666665 0.6155907407407407 0.03894583333333334 0.07158333333333339
0 0.45318098958333336 0.5686500000000001 0.0178223958333333 0.015255555555555555
0 0.4564815104166666 0.5844930555555556 0.013861979166666672 0.014082407407407358
0 0.43700859374999995 0.5715842592592593 0.007921354166666639 0.023470370370370437
0 0.15481614583333334 0.4401509259259259 0.01914270833333334 0.014081481481481454
0 0.1548161458333333 0.4583402777777778 0.02178333333333334 0.01760277777777775
0 0.15547630208333332 0.6695722222222222 0.016502604166666667 0.017601851851851844
0 0.13270286458333336 0.6625314814814816 0.011881770833333341 0.019950000000000048
0 0.4759544270833333 0.6114833333333334 0.010561979166666664 0.018775925925925946
0 0.4828854166666667 0.6243921296296296 0.011221875000000025 0.01877685185185185
0 0.46110208333333336 0.6302597222222222 0.015182291666666655 0.014082407407407358
3 0.46803333333333336 0.6150037037037037 0.05016770833333333 0.07745185185185188
3 0.4525208333333333 0.5663032407407408 0.04818749999999999 0.06219537037037031
3 0.14623489583333335 0.6543166666666668 0.05610833333333332 0.06689074074074071
3 0.15448619791666665 0.4284157407407408 0.048847395833333335 0.09622777777777783
