0 0.9908333333333333 0.8813907407407409 0.021125000000000088 0.042246296296296275
0 0.5092888020833333 0.6525564814814815 0.04950572916666663 0.03755185185185189
0 0.5254622395833333 0.7000837962962964 0.03432552083333332 0.041073148148148185
0 0.45714140625 0.6901087962962963 0.03366510416666664 0.03520462962962959
0 0.7829010416666667 0.7341152777777777 0.018479166666666675 0.04576759259259257
0 0.7221718749999999 0.7728412037037037 0.03696875000000001 0.043419444444444476
0 0.4343682291666666 0.5803851851851852 0.040926041666666656 0.045766666666666664
0 0.3554861979166667 0.599161574074074 0.05082760416666664 0.041073148148148185
3 0.9987526041666667 0.31223842592592593 0.05808854166666665 0.1220453703703704
3 0.9786197916666667 0.7687351851851851 0.12080208333333337 0.32858518518518515
3 0.7324010416666666 0.7135787037037037 0.13928125000000002 0.22062037037037036
3 0.4898177083333333 0.6531430555555556 0.14786458333333338 0.24995833333333328
3 0.38453072916666664 0.5246439814814815 0.17492604166666664 0.30276574074074075
