2 0.09144645833333334 0.43310972222222227 0.08515291666666668 0.21357870370370374
0 0.5743098958333333 0.7681472222222222 0.027723958333333344 0.02699074074074072
0 0.5647369791666667 0.8244759259259259 0.031026041666666632 0.0340314814814815
0 0.50664921875 0.8180212962962963 0.020463020833333328 0.0352055555555556
0 0.7601276041666667 0.421375 0.0257447916666667 0.03051111111111111
0 0.6904869791666667 0.41492037037037044 0.02244270833333329 0.03872592592592594
0 0.4772747395833334 0.6044421296296296 0.029044270833333326 0.032858333333333406
0 0.42842734375 0.5856662037037037 0.015842187500000014 0.03520462962962959
3 0.46011223958333336 0.5639560185185185 0.11617760416666668 0.17954722222222227
3 0.5492244791666666 0.7957245370370372 0.13597812499999998 0.19010833333333335
3 0.7294322916666667 0.34979074074074074 0.1676666666666667 0.2769481481481482
