2 0.8327369791666667 0.3990782407407408 0.03498437500000004 0.061023148148148125
0 0.8228385416666666 0.392037037037037 0.012541666666666748 0.016429629629629603
0 0.031707421874999996 0.7094712962962963 0.02112317708333333 0.015255555555555555
2 0.033357734375 0.7082981481481482 0.03894598958333333 0.07862592592592588
0 0.28881614583333337 0.6994967592592592 0.008581249999999999 0.016428703703703647
0 0.31555026041666673 0.7036037037037037 0.011881770833333328 0.015255555555555555
0 0.1478848958333333 0.6813074074074075 0.01320208333333334 0.012909259259259266
0 0.14722473958333332 0.7000837962962964 0.011881770833333328 0.01760277777777775
0 0.12478151041666667 0.7036037037037037 0.01320156249999999 0.015255555555555555
0 0.21323489583333333 0.7798819444444445 0.009241666666666681 0.01760277777777775
0 0.19343177083333335 0.785162962962963 0.010561458333333343 0.01408148148148156
0 0.4373388020833333 0.5944675925925927 0.009901562500000042 0.015255555555555555
0 0.41192473958333337 0.6020953703703703 0.011881770833333328 0.014081481481481454
0 0.9588177083333334 0.5381388888888889 0.012541666666666628 0.015255555555555555
0 0.9485859375 0.5258171296296296 0.00792187500000002 0.01642870370370375
0 0.9400052083333333 0.5346185185185185 0.009239583333333337 0.015255555555555555
0 0.9330755208333333 0.8461856481481481 0.009901041666666662 0.016428703703703647
0 0.9116197916666666 0.8502930555555556 0.01452083333333339 0.01760277777777775
0 0.9033671875000001 0.8250625 0.009901041666666662 0.021123148148148245
0 0.8145859375000001 0.5663037037037036 0.011880208333333423 0.015255555555555555
0 0.80534375 0.5580888888888889 0.011885416666666752 0.019950000000000048
0 0.7967630208333334 0.5657166666666666 0.00792187500000002 0.016429629629629655
3 0.9574973958333333 0.5252305555555556 0.049505208333333425 0.06454259259259261
3 0.9169010416666666 0.835624074074074 0.0514895833333334 0.07745185185185188
3 0.8112838541666666 0.5592620370370371 0.04224479166666673 0.06219629629629632
3 0.41951614583333335 0.5827324074074074 0.05874895833333333 0.09740185185185182
3 0.30927916666666666 0.6707458333333334 0.05874895833333333 0.1044416666666667
3 0.13864348958333333 0.6953898148148148 0.04620677083333333 0.06219629629629632
3 0.20465338541666667 0.7716675925925927 0.04620677083333333 0.06454259259259261
