0 0.6033541666666666 0.46420787037037037 0.010562499999999985 0.02229722222222224
0 0.5957630208333333 0.49765277777777783 0.013859375000000066 0.018775925925925946
0 0.5766197916666667 0.4841574074074074 0.008583333333333342 0.019950000000000048
0 0.8918177083333333 0.4295893518518519 0.010562499999999985 0.0164287037037037
0 0.3934421875 0.40787962962962965 0.01320208333333331 0.019949999999999992
0 0.37957994791666666 0.40025185185185186 0.018482812500000043 0.018775925925925946
0 0.37363906249999995 0.41726712962962964 0.014521874999999972 0.0176027777777778
0 0.5069791666666666 0.686587962962963 0.01320208333333331 0.03051111111111111
2 0.5215010416666667 0.6918689814814815 0.04620625000000006 0.0692379629629629
0 0.09441692708333334 0.6009217592592593 0.0158421875 0.016428703703703647
0 0.07428385416666666 0.6062027777777779 0.011221874999999996 0.01994999999999994
0 0.08682578124999998 0.6103101851851852 0.0244234375 0.01642962962962955
3 0.5927916666666666 0.4777032407407407 0.046208333333333344 0.07275833333333329
3 0.38453072916666664 0.40201203703703703 0.05874895833333333 0.069237037037037
0 0.11256953125 0.6414083333333334 0.01782239583333333 0.06219629629629632
0 0.08913593750000001 0.6419949074074074 0.00660104166666667 0.046939814814814865
0 0.0660328125 0.6537300925925925 0.013202083333333333 0.0704101851851852
4 0.09177658854166666 0.6719194444444445 0.10033536458333335 0.1631185185185184
3 0.9264713541666667 0.39614444444444447 0.05610937500000001 0.09740185185185186
3 0.8957786458333333 0.43017592592592596 0.047526041666666664 0.06923703703703706
