0 0.8657447916666666 0.4090532407407408 0.01782291666666668 0.0176027777777778
0 0.031707421875 0.7100583333333335 0.019802968749999997 0.01877592592592584
2 0.03236752604166667 0.7088851851851852 0.038285781250000005 0.07745185185185177
2 0.8654140625 0.4131601851851852 0.027723958333333344 0.05867592592592593
0 0.31489010416666663 0.7053643518518519 0.01320208333333337 0.016428703703703647
0 0.28815625 0.7024305555555556 0.011221875000000025 0.019950000000000048
0 0.16207708333333332 0.6813074074074074 0.008581249999999999 0.015255555555555555
0 0.15184557291666667 0.6994967592592592 0.011881770833333328 0.014082407407407464
0 0.21356484374999998 0.7810560185185186 0.009901562500000013 0.017602777777777853
0 0.19376171875 0.7869231481481481 0.009901562500000013 0.015255555555555555
0 0.8951171875 0.8297564814814815 0.013203124999999953 0.014081481481481454
0 0.8970963541666667 0.853813425925926 0.013203124999999953 0.01525648148148146
0 0.9462734374999999 0.5258171296296296 0.009901041666666662 0.01642870370370375
0 0.9393463541666667 0.5322717592592592 0.00792187500000002 0.017602777777777853
0 0.9584869791666667 0.5404861111111111 0.01320312500000007 0.012909259259259266
0 0.8139244791666668 0.5674768518518519 0.011880208333333423 0.015255555555555661
0 0.8050130208333334 0.5563282407407407 0.00990104166666678 0.014082407407407358
0 0.7967630208333334 0.5651300925925926 0.00792187500000002 0.01760277777777775
0 0.7726692708333334 0.6466888888888889 0.012546874999999957 0.014081481481481454
3 0.955515625 0.5293375000000001 0.04818749999999999 0.06336944444444441
3 0.9079895833333333 0.843838425925926 0.05742708333333333 0.07510462962962969
3 0.8112864583333333 0.5569152777777777 0.0448854166666667 0.05984907407407413
3 0.7753098958333333 0.6273259259259258 0.05346354166666671 0.09740185185185192
3 0.30894921875 0.6637046296296297 0.058089062499999976 0.11617777777777777
3 0.15118541666666668 0.6912824074074074 0.04092604166666667 0.07041111111111109
3 0.20399348958333333 0.7740148148148148 0.04488697916666666 0.069237037037037
