0 0.8634322916666667 0.41022685185185187 0.018479166666666675 0.015255555555555555
0 0.031707421874999996 0.7100583333333335 0.02112317708333333 0.01877592592592584
2 0.8634348958333333 0.41140000000000004 0.027723958333333344 0.05750185185185183
2 0.032697578125 0.7047777777777778 0.037625677083333336 0.07627777777777778
0 0.2729736979166667 0.6678120370370372 0.009901562499999983 0.016429629629629655
0 0.24590963541666666 0.6713324074074074 0.013861979166666672 0.01642962962962955
0 0.1330328125 0.697149537037037 0.012541666666666673 0.01642870370370375
0 0.14095390624999998 0.7088847222222223 0.00858177083333335 0.014082407407407464
0 0.12115078124999999 0.7129921296296297 0.013861979166666672 0.012908333333333258
0 0.21389505208333331 0.7792953703703704 0.011881770833333328 0.01642962962962955
0 0.19310182291666667 0.78575 0.011221354166666675 0.015255555555555555
0 0.8162343750000001 0.5663037037037036 0.012541666666666628 0.015255555555555555
0 0.8036953124999999 0.5551550925925927 0.009901041666666662 0.014082407407407464
0 0.79709375 0.5645430555555556 0.008583333333333342 0.014082407407407464
0 0.7871927083333332 0.6695722222222221 0.012541666666666748 0.015255555555555555
0 0.8201979166666666 0.6637050925925927 0.008583333333333342 0.01760277777777775
0 0.8340598958333333 0.676026388888889 0.019140625 0.01642870370370375
0 0.9264713541666667 0.8203680555555556 0.01650520833333336 0.014082407407407358
3 0.12709192708333333 0.7000833333333334 0.04290677083333333 0.06219629629629632
3 0.8112864583333333 0.5575023148148148 0.0448854166666667 0.05632870370370374
3 0.7881796874999999 0.6349537037037037 0.05280729166666672 0.11969814814814805
3 0.8350494791666667 0.6507962962962963 0.042244791666666615 0.07393148148148149
3 0.9343958333333333 0.8062861111111111 0.04818749999999999 0.07979814814814816
3 0.2541609375 0.6455152777777778 0.06072916666666665 0.1009212962962963
3 0.2033333333333333 0.7681472222222222 0.04488645833333331 0.069237037037037
