0 0.16537760416666666 0.7235537037037038 0.007261458333333337 0.02933703703703701
0 0.11487994791666667 0.6871745370370371 0.014522395833333339 0.03637870370370369
0 0.1003578125 0.6842407407407408 0.009241666666666667 0.042246296296296275
0 0.07890442708333334 0.745850462962963 0.007260937500000001 0.03168425925925931
0 0.11917083333333332 0.7176865740740741 0.02178333333333334 0.01760277777777775
0 0.11487994791666667 0.6461018518518519 0.025083854166666666 0.01994999999999994
0 0.4320580729166667 0.6730930555555555 0.020463020833333328 0.017602777777777853
2 0.4323877604166667 0.6683990740740741 0.035645312499999984 0.08097222222222226
4 0.12016067708333332 0.6959763888888889 0.10033489583333331 0.14082129629629628
0 0.160096875 0.4290027777777778 0.007261458333333337 0.015255555555555555
0 0.5591276041666667 0.6560773148148148 0.01320312500000007 0.021123148148148137
0 0.5657291666666666 0.6713324074074074 0.009239583333333337 0.01642962962962955
0 0.5446067708333333 0.6707458333333334 0.013203124999999953 0.01760277777777775
0 0.6165572916666666 0.7675601851851851 0.009239583333333337 0.016429629629629655
0 0.59609375 0.7710810185185185 0.010562500000000105 0.01642870370370375
0 0.44096901041666664 0.5927074074074075 0.018482812499999984 0.016429629629629655
0 0.41852578124999995 0.5844925925925926 0.010561979166666664 0.023470370370370437
0 0.7462656249999999 0.7734282407407408 0.016500000000000032 0.021123148148148137
0 0.71953125 0.7728412037037037 0.013197916666666741 0.022297222222222135
3 0.5505442708333333 0.6549032407407407 0.04356770833333326 0.0680638888888888
3 0.6063229166666667 0.7599324074074075 0.04818749999999999 0.07627777777777778
3 0.7304218749999999 0.7552384259259259 0.058749999999999976 0.1020953703703704
3 0.5541744791666667 0.6132439814814815 0.06006770833333335 0.1020953703703703
3 0.5650703125 0.5557416666666667 0.05808854166666665 0.11617777777777777
3 0.43304791666666664 0.5727578703703705 0.05808854166666665 0.07510462962962958
3 0.1515153645833333 0.41668055555555555 0.03102447916666667 0.04928703703703705
