0 0.19706223958333335 0.7118189814814815 0.007260937499999986 0.024643518518518526
0 0.14755494791666665 0.6772004629629631 0.012542187500000008 0.0328583333333333
0 0.13336276041666667 0.6725060185185184 0.007921354166666669 0.04459351851851847
0 0.11025937499999999 0.7311814814814814 0.009241666666666667 0.02581666666666662
0 0.15184557291666667 0.7041907407407407 0.023764062500000006 0.018775925925925946
0 0.14821484375 0.6343671296296296 0.020463020833333328 0.012908333333333362
0 0.46242239583333333 0.6607708333333333 0.019142708333333282 0.01642870370370375
2 0.4637427083333333 0.6543166666666668 0.037626041666666644 0.08097222222222217
4 0.15250572916666666 0.6813074074074075 0.10033541666666665 0.1396481481481481
0 0.7614479166666667 0.6848282407407408 0.013864583333333276 0.01760277777777775
0 0.7343828124999999 0.676026851851852 0.01122395833333331 0.018775925925925946
0 0.1927716145833333 0.41492083333333335 0.007921354166666669 0.0176027777777778
0 0.4558213541666667 0.6895217592592593 0.011221875000000025 0.01760277777777775
0 0.46341249999999995 0.7006703703703704 0.009241666666666681 0.018775925925925946
0 0.44261953125000003 0.7071245370370371 0.013861979166666613 0.017602777777777853
0 0.64725 0.7587592592592594 0.008583333333333342 0.01994999999999994
0 0.6267864583333334 0.7622796296296296 0.01121874999999998 0.015255555555555555
0 0.26043203125 0.4471921296296296 0.009901562500000013 0.018776851851851902
0 0.2772645833333333 0.460687037037037 0.019803125000000026 0.015255555555555555
0 0.7772890625 0.7710810185185186 0.020463541666666647 0.01877685185185185
0 0.7535260416666667 0.7593458333333333 0.01121874999999998 0.025817592592592524
0 0.5838802083333333 0.6549032407407407 0.008583333333333342 0.021123148148148137
0 0.550875 0.6631180555555556 0.012541666666666628 0.016428703703703647
3 0.7531979166666666 0.6525560185185185 0.06601041666666667 0.1056157407407408
3 0.7683802083333333 0.7458504629629629 0.05016666666666663 0.09505462962962963
3 0.6370208333333333 0.7476106481481481 0.05016666666666663 0.07510462962962958
3 0.5647369791666667 0.6355402777777778 0.06930729166666663 0.11383055555555557
3 0.4475700520833333 0.6912819444444445 0.04620677083333333 0.06336944444444441
3 0.27462395833333336 0.4372171296296297 0.040926041666666683 0.07862500000000003
3 0.42479661458333334 0.5404861111111111 0.03102447916666667 0.04811481481481476
3 0.1871609375 0.4055324074074074 0.028384374999999993 0.05280740740740739
