0 0.6584739583333333 0.16848333333333332 0.007260416666666695 0.02464444444444446
0 0.5099489583333333 0.8015921296296296 0.02310208333333333 0.0352046296296297
2 0.48882578125 0.7869231481481481 0.07062968750000002 0.1419944444444444
4 0.6647421875 0.17552453703703705 0.026401041666666694 0.05515462962962964
0 0.5314010416666667 0.47183564814814816 0.010562500000000044 0.014082407407407412
0 0.5122598958333333 0.5152555555555556 0.006601041666666655 0.0352055555555555
0 0.6158958333333333 0.7605194444444444 0.01584375000000004 0.018775925925925946
0 0.5875104166666667 0.745850462962963 0.010562499999999985 0.01760277777777775
0 0.42446666666666666 0.6654648148148148 0.007920833333333377 0.03051111111111111
0 0.39839270833333335 0.6678120370370372 0.024423958333333336 0.014081481481481454
0 0.3960822916666667 0.6906953703703704 0.02640416666666668 0.019950000000000048
0 0.36010703125 0.8479462962962963 0.013861979166666672 0.02699074074074072
0 0.35119557291666664 0.8872583333333334 0.027724479166666663 0.0352055555555556
0 0.30663906250000006 0.8978203703703703 0.01914270833333334 0.03051111111111111
0 0.056791145833333334 0.5510481481481482 0.010561458333333329 0.02699074074074072
0 0.02840692708333333 0.5539814814814814 0.03168479166666666 0.02112407407407404
0 0.028736979166666666 0.578038425925926 0.019142916666666666 0.019949074074074036
0 0.6462604166666668 0.6167643518518519 0.014520833333333271 0.01760277777777775
0 0.6287682291666667 0.5956412037037038 0.015182291666666596 0.02229722222222224
0 0.6208463541666667 0.6085499999999999 0.01122395833333331 0.01994999999999994
0 0.5578072916666666 0.6402347222222223 0.011885416666666752 0.02933796296296302
0 0.548234375 0.6519699074074075 0.0072604166666665765 0.02933796296296302
0 0.5703489583333333 0.6613574074074074 0.018479166666666675 0.015255555555555555
3 0.639 0.5997486111111111 0.05940625000000009 0.08683981481481474
3 0.5690286458333332 0.6455152777777778 0.05545312500000001 0.08683981481481474
3 0.5376731770833333 0.5170157407407407 0.0640286458333333 0.11852407407407405
3 0.40301328124999997 0.6443416666666667 0.0640296875 0.14316851851851858
3 0.3356833333333333 0.8579199074074074 0.09835520833333332 0.15490092592592594
3 0.03434779166666667 0.5510476851851852 0.07525129166666665 0.1020953703703704
3 0.6053359374999999 0.7388092592592592 0.06336979166666659 0.11148333333333338
