0 0.19904270833333335 0.5797986111111111 0.023103125000000002 0.016428703703703647
0 0.16075703125000002 0.6836546296296296 0.005941145833333354 0.019950000000000048
0 0.18353020833333333 0.617937962962963 0.006601041666666655 0.045766666666666664
0 0.19706223958333335 0.6249787037037038 0.009901562500000013 0.02699074074074072
0 0.2455796875 0.6631180555555556 0.006601041666666685 0.021123148148148137
0 0.5122598958333333 0.6126569444444444 0.019803124999999967 0.014082407407407358
2 0.510609375 0.6091361111111111 0.037625000000000006 0.07745185185185188
4 0.20201302083333333 0.6296731481481482 0.09769479166666667 0.12321851851851855
0 0.8251484374999999 0.5715842592592593 0.01320312500000007 0.014081481481481454
0 0.6812447916666665 0.7276606481481481 0.009239583333333337 0.021123148148148137
0 0.6601223958333333 0.734701851851852 0.013203124999999953 0.01877592592592584
0 0.6317369791666666 0.619111574074074 0.01716145833333336 0.01760277777777775
0 0.6073151041666667 0.6167643518518519 0.011880208333333305 0.022297222222222135
0 0.7502239583333332 0.5915337962962963 0.01782291666666668 0.016428703703703647
0 0.7267942708333333 0.5868393518518518 0.013203124999999953 0.021123148148148137
0 0.49443723958333335 0.39790462962962964 0.011881770833333328 0.014081481481481507
0 0.47892500000000005 0.3867564814814815 0.015182291666666655 0.015255555555555555
0 0.47397421875 0.40025138888888884 0.011881770833333328 0.0164287037037037
0 0.24326927083333333 0.3662199074074074 0.008581249999999999 0.01877685185185185
3 0.8218489583333333 0.6132435185185185 0.06601041666666667 0.11617777777777777
3 0.7419739583333333 0.5756916666666667 0.05016666666666663 0.08801296296296295
3 0.6241484375 0.5915337962962964 0.060067708333333296 0.09622870370370373
3 0.6706822916666667 0.7206199074074074 0.0514895833333334 0.07275833333333329
3 0.48288541666666673 0.3879296296296296 0.049507291666666654 0.06454259259259261
3 0.29772760416666666 0.5269907407407407 0.03696562500000002 0.06102222222222222
3 0.23864869791666668 0.3597652777777778 0.03366510416666667 0.05515462962962964
0 0.20168307291666665 0.6502092592592593 0.021782812499999988 0.018775925925925946
