0 0.20366328125 0.4072930555555556 0.020463020833333328 0.021123148148148137
0 0.17362890625 0.4031851851851852 0.014522395833333352 0.019950000000000048
0 0.6248072916666667 0.4583402777777778 0.012541666666666748 0.019949074074074036
0 0.6175442708333333 0.49061203703703704 0.015182291666666714 0.01642962962962955
0 0.5967526041666668 0.4759430555555556 0.010557291666666658 0.022297222222222187
0 0.8766354166666666 0.39790462962962964 0.017166666666666566 0.014081481481481507
0 0.8984166666666666 0.4102263888888889 0.01452083333333339 0.0176027777777778
0 0.8693723958333333 0.4260689814814815 0.011880208333333305 0.0164287037037037
0 0.35878671875 0.41374675925925924 0.011221354166666704 0.01760277777777775
0 0.34228437500000003 0.40846620370370373 0.01782291666666668 0.014082407407407412
0 0.3399739583333333 0.4260689814814815 0.01320208333333331 0.0164287037037037
0 0.4310677083333333 0.6361273148148148 0.023763541666666655 0.01642870370370375
2 0.4337080729166667 0.6343666666666666 0.03432552083333332 0.07393148148148149
0 0.06075182291666667 0.6073759259259258 0.017163020833333334 0.015255555555555555
0 0.040618776041666665 0.6103097222222222 0.012541927083333333 0.025817592592592628
0 0.05415091145833333 0.6173513888888889 0.023763802083333337 0.021123148148148137
0 0.0789046875 0.647275462962963 0.017822916666666667 0.06219537037037042
0 0.05580104166666667 0.6461018518518519 0.00726145833333333 0.045766666666666664
0 0.030717291666666664 0.6613578703703703 0.015182291666666665 0.0668898148148148
3 0.19244166666666668 0.37619444444444444 0.06534999999999999 0.09974814814814816
3 0.34921536458333335 0.4108134259259259 0.05676822916666667 0.07510462962962963
3 0.6129270833333333 0.4706620370370371 0.04818749999999999 0.07041111111111109
4 0.05811130208333334 0.677786574074074 0.1029753125 0.16781203703703712
3 0.8921458333333333 0.392037037037037 0.058749999999999976 0.11030925925925922
3 0.8710260416666666 0.4360435185185186 0.048187500000000105 0.06454259259259255
