0 0.5327239583333333 0.6155907407407407 0.019802083333333265 0.015255555555555555
2 0.5350341145833333 0.6132435185185185 0.03630677083333331 0.08097222222222226
0 0.22082604166666667 0.5827324074074074 0.02178333333333334 0.019950000000000048
0 0.22511666666666666 0.6502092592592593 0.02244374999999999 0.01642962962962955
0 0.26802317708333334 0.6660518518518519 0.005280729166666642 0.012909259259259266
0 0.22016588541666668 0.6261523148148148 0.012542187500000008 0.03168425925925931
0 0.20663385416666666 0.6220449074074074 0.006601041666666685 0.044593518518518574
0 0.18353046875 0.6860013888888888 0.007921354166666669 0.01760277777777775
0 0.26637265625 0.3691537037037037 0.009901562500000013 0.015255555555555555
0 0.8479218749999999 0.5768648148148149 0.012541666666666628 0.012909259259259266
0 0.7027005208333333 0.735288888888889 0.009901041666666662 0.015255555555555555
0 0.6828958333333333 0.7405694444444445 0.012541666666666748 0.016429629629629655
0 0.6528619791666666 0.6220449074074074 0.018484375000000004 0.016428703703703647
0 0.6353671875000001 0.6085495370370371 0.01122395833333331 0.017602777777777853
0 0.6271171875 0.618524537037037 0.011880208333333305 0.01642870370370375
0 0.5149005208333334 0.38206203703703706 0.010561458333333343 0.015255555555555555
0 0.5102794270833333 0.40259861111111117 0.011881770833333328 0.011734259259259208
0 0.4908065104166667 0.3984912037037037 0.009901562500000042 0.01760277777777775
0 0.32413151041666666 0.5041069444444445 0.009241145833333301 0.017602777777777853
0 0.301028125 0.5416597222222223 0.01320208333333337 0.012908333333333258
0 0.28749609375 0.5310981481481482 0.009901562500000042 0.010561111111111065
0 0.2785846354166666 0.5428333333333334 0.00924114583333336 0.015255555555555555
3 0.5069783854166666 0.391450462962963 0.04884531250000001 0.06454351851851851
3 0.6485703125000001 0.5962277777777777 0.060067708333333414 0.09388148148148143
3 0.692796875 0.7253138888888888 0.04951041666666664 0.07745185185185188
3 0.84528125 0.6167643518518519 0.07327083333333337 0.11852500000000006
3 0.292446875 0.5352050925925926 0.044886458333333344 0.06336944444444441
3 0.3353533854166667 0.4929587962962963 0.038285937500000006 0.061023148148148125
3 0.26109192708333334 0.35800509259259256 0.03366510416666667 0.0516342592592593
4 0.22544661458333334 0.6302597222222222 0.09835468750000001 0.1361268518518518
