0 0.40004296875 0.6167643518518519 0.019802604166666644 0.01760277777777775
0 0.8805963541666666 0.46362129629629634 0.006598958333333253 0.016429629629629655
0 0.6941197916666667 0.7493708333333334 0.012541666666666628 0.01760277777777775
0 0.6957682291666667 0.7699074074074075 0.011880208333333305 0.01642962962962955
0 0.67134375 0.7669736111111112 0.013197916666666741 0.01760277777777775
0 0.569359375 0.7311814814814815 0.01121874999999998 0.018775925925925946
0 0.5495546875 0.735288888888889 0.015182291666666714 0.015255555555555555
0 0.52018203125 0.6208717592592593 0.015844270833333358 0.01642870370370375
0 0.5020283854166666 0.6073759259259258 0.01254218749999995 0.015255555555555555
0 0.4937770833333333 0.619111574074074 0.01320208333333331 0.01760277777777775
0 0.7102916666666667 0.5692370370370371 0.01452083333333339 0.014081481481481454
0 0.0789046875 0.5932944444444445 0.021783333333333325 0.015255555555555555
0 0.08484557291666667 0.6631180555555556 0.02310364583333334 0.01877685185185185
0 0.06636249999999999 0.6314333333333333 0.008581249999999999 0.042246296296296275
0 0.040948828124999996 0.7018435185185186 0.006600989583333328 0.018775925925925946
4 0.08385526041666666 0.6455152777777778 0.0976946875 0.13378055555555562
2 0.400703125 0.6150037037037037 0.03828541666666668 0.08449259259259266
3 0.8871979166666667 0.4577537037037037 0.026406250000000023 0.04224629629629633
3 0.11917057291666666 0.37150092592592593 0.034984895833333314 0.05750185185185183
3 0.7079791666666666 0.6050291666666667 0.06798958333333331 0.11148425925925928
3 0.6835546874999999 0.7611060185185186 0.054786458333333364 0.0715842592592592
3 0.5568177083333333 0.7223800925925926 0.04686458333333334 0.07393055555555547
3 0.51358046875 0.5932944444444445 0.058089062499999976 0.09270740740740743
