0 0.4366786458333333 0.31693240740740747 0.01782291666666668 0.016429629629629603
0 0.46407265625 0.431349537037037 0.010561979166666664 0.0176027777777778
0 0.43403802083333337 0.420787962962963 0.008581249999999999 0.015255555555555555
0 0.4406390625 0.5797986111111111 0.012541666666666687 0.016428703703703647
0 0.44129921875 0.5968148148148148 0.011221354166666645 0.015255555555555555
0 0.41753567708333333 0.5839060185185185 0.009901562499999983 0.019949074074074036
0 0.41126458333333327 0.6050291666666667 0.01320208333333337 0.012908333333333362
0 0.39014140625 0.597987962962963 0.009241145833333301 0.019950000000000048
0 0.6528619791666666 0.2787935185185185 0.009244791666666667 0.045766666666666664
0 0.6399895833333333 0.28172685185185187 0.005937500000000047 0.03051111111111111
0 0.6205156249999999 0.2740995370370371 0.011885416666666633 0.048113888888888914
1 0.6370182291666666 0.24886851851851854 0.018484375000000004 0.011735185185185218
2 0.4353583333333333 0.3204532407407408 0.028384374999999965 0.056328703703703686
4 0.6356979166666666 0.2917018518518519 0.06601041666666667 0.11148333333333332
3 0.4521911458333333 0.40259861111111117 0.06072916666666662 0.09388055555555558
3 0.40730416666666663 0.5909472222222222 0.044886458333333344 0.06454259259259261
3 0.44657994791666666 0.5839060185185185 0.03762552083333333 0.05984907407407413
