0 0.50400859375 0.12271666666666667 0.01650260416666664 0.015255555555555541
0 0.6393307291666666 0.10922083333333332 0.005942708333333376 0.03989907407407407
0 0.628109375 0.10863425925925926 0.007260416666666695 0.031685185185185184
0 0.6119348958333333 0.10100662037037038 0.011880208333333305 0.039899722222222225
0 0.9703697916666666 0.963537037037037 0.019802083333333324 0.04694444444444449
0 0.8845546874999999 0.676613425925926 0.018484375000000004 0.043419444444444365
0 0.9003984374999999 0.7124055555555556 0.02244270833333329 0.018775925925925946
0 0.869375 0.6824810185185186 0.01584375000000004 0.02933796296296302
0 0.34558489583333335 0.2981564814814815 0.005940624999999974 0.018775925925925946
0 0.3287520833333333 0.30871805555555554 0.01320208333333337 0.014082407407407412
0 0.32083098958333334 0.2911152777777778 0.007921354166666698 0.021123148148148137
0 0.20465364583333334 0.25884351851851856 0.006601041666666655 0.022296296296296283
0 0.18022994791666666 0.2811402777777777 0.011881770833333328 0.015256481481481511
1 0.6297578125 0.08281703703703704 0.01583854166666659 0.010561666666666678
4 0.6215052083333333 0.12388981481481481 0.058749999999999976 0.09974814814814814
2 0.5073104166666667 0.1244763888888889 0.027066666666666645 0.056328703703703714
3 0.9819192708333332 0.9582560185185186 0.08647395833333332 0.11852500000000006
3 0.8878567708333333 0.6795467592592592 0.06997395833333328 0.09857500000000001
3 0.3327130208333333 0.2993300925925926 0.04356666666666668 0.06336944444444441
3 0.18055989583333334 0.2582564814814815 0.06534999999999999 0.09622777777777777
