0 0.8287786458333334 0.5023467592592593 0.019140625 0.021123148148148137
0 0.05580104166666667 0.2811402777777777 0.00726145833333333 0.01994907407407409
0 0.6617734375 0.5974013888888889 0.008578125000000015 0.014082407407407358
0 0.6399895833333333 0.5715842592592593 0.01121874999999998 0.018775925925925946
0 0.6422994791666666 0.5903601851851852 0.011880208333333305 0.01877592592592584
0 0.5366848958333333 0.3926236111111111 0.006598958333333371 0.010562037037037073
0 0.5188609375 0.39673101851851855 0.006601041666666655 0.014082407407407412
0 0.23237786458333332 0.3615259259259259 0.007921354166666669 0.018775925925925894
0 0.2171953125 0.3650462962962963 0.010561458333333343 0.009388888888888877
0 0.1525057291666667 0.41257314814814816 0.007920833333333347 0.015255555555555555
0 0.14425442708333333 0.4248953703703704 0.009901562499999983 0.011735185185185166
4 0.06240213541666666 0.2852476851851852 0.054788437499999995 0.06336944444444441
2 0.8327395833333334 0.5070412037037036 0.032343750000000074 0.06336944444444441
2 0.10233802083333333 0.3245601851851852 0.030364583333333337 0.04342037037037038
3 0.6485703125000001 0.5803851851851852 0.04554687500000002 0.08097222222222226
3 0.52678125 0.38616944444444445 0.04488541666666664 0.07041111111111109
3 0.22346640625000003 0.3509638888888889 0.03366510416666667 0.05398148148148144
3 0.14689479166666666 0.41609398148148147 0.03498541666666668 0.04341944444444442
3 0.2660427083333333 0.4008384259259259 0.034324999999999994 0.062195370370370366
