0 0.4294174479166667 0.6091365740740741 0.021782812499999988 0.01877685185185185
0 0.6894973958333334 0.7804689814814816 0.01650520833333336 0.023469444444444532
0 0.9779609374999999 0.569237037037037 0.01650520833333336 0.018775925925925946
0 0.6703541666666666 0.6419944444444445 0.01782291666666668 0.018775925925925946
0 0.6426302083333333 0.6343671296296297 0.016500000000000032 0.02229722222222224
0 0.46704322916666663 0.520536574074074 0.011221874999999966 0.01760277777777775
0 0.4653927083333333 0.4982398148148148 0.01320208333333331 0.015255555555555555
0 0.4475703125 0.5246435185185185 0.01320208333333337 0.018775925925925946
0 0.16801796875000002 0.6108967592592593 0.016502604166666667 0.05984907407407403
0 0.12379114583333334 0.6067893518518519 0.008581249999999999 0.03989907407407408
1 0.14293411458333333 0.578625 0.02706406250000001 0.016429629629629655
0 0.6805833333333332 0.5422462962962963 0.010562499999999985 0.014081481481481454
0 0.6634244791666667 0.5246435185185185 0.01716145833333336 0.01642962962962955
0 0.6571510416666667 0.5375523148148149 0.012541666666666628 0.01877685185185185
0 0.5931223958333334 0.6155907407407407 0.01122395833333331 0.01994999999999994
0 0.5706796875 0.6155907407407407 0.019140625 0.012909259259259266
0 0.45714166666666667 0.6138305555555555 0.009901041666666662 0.018775925925925946
0 0.49509713541666667 0.6220453703703703 0.011881770833333387 0.018775925925925946
0 0.43271796875 0.7992449074074075 0.011221354166666645 0.021123148148148137
0 0.4115947916666666 0.7898569444444444 0.020463541666666706 0.01642870370370375
0 0.4079643229166667 0.8098064814814815 0.014522395833333293 0.018775925925925946
3 0.18155000000000002 0.3398157407407407 0.034324999999999994 0.0504611111111111
3 0.9898411458333333 0.5252305555555556 0.0772343750000001 0.13260740740740737
3 0.459121875 0.5105615740740741 0.04554687500000002 0.0680638888888888
3 0.67134375 0.5269907407407407 0.05544791666666669 0.07275740740740738
3 0.6564921875 0.6114833333333334 0.06534895833333335 0.11265740740740737
3 0.6987395833333333 0.7699074074074075 0.05742708333333333 0.08683888888888895
3 0.5779401041666666 0.597987962962963 0.052151041666666724 0.09740185185185182
3 0.4766145833333333 0.5944675925925927 0.07393124999999999 0.12087222222222226
3 0.41885572916666663 0.7898569444444444 0.06270937500000003 0.09388055555555552
2 0.43271796874999996 0.597987962962963 0.034984895833333356 0.07393148148148149
4 0.14755494791666665 0.6355402777777778 0.09439427083333332 0.14434166666666667
