0 0.8172265625 0.5234699074074075 0.006598958333333371 0.021123148148148137
0 0.13897369791666667 0.3603523148148149 0.007260937500000016 0.0164287037037037
0 0.22346640625 0.4888518518518519 0.007260937500000016 0.008214814814814776
0 0.22874713541666666 0.49413240740740744 0.007260937500000016 0.011735185185185166
0 0.2171953125 0.5017601851851853 0.009241666666666681 0.01056111111111117
0 0.29838776041666665 0.44601851851851854 0.009241145833333301 0.011735185185185166
0 0.28386536458333333 0.4471921296296296 0.007921354166666639 0.007041666666666631
0 0.43073750000000005 0.43897731481481483 0.008581249999999999 0.009387962962962973
0 0.08781588541666667 0.9805555555555556 0.00924114583333333 0.031685185185185004
0 0.7201927083333333 0.6748527777777779 0.009239583333333337 0.018775925925925946
0 0.7218411458333333 0.6959763888888889 0.013859374999999948 0.016428703703703647
0 0.7442838541666668 0.7018439814814816 0.01122395833333331 0.01642870370370375
3 0.7287734374999999 0.6883486111111112 0.05280729166666672 0.07158425925925929
3 0.29046640625000003 0.4360435185185186 0.03168489583333335 0.0504611111111111
3 0.22049609375 0.49295925925925926 0.029044270833333326 0.042246296296296226
3 0.4310677083333333 0.4272425925925926 0.03036458333333331 0.05398148148148149
3 0.33172265625 0.48181064814814817 0.03366510416666664 0.059849074074074075
3 0.06999328125 0.9770277777777778 0.06997072916666666 0.08566666666666675
0 0.3426143229166667 0.4882648148148149 0.007921354166666639 0.016429629629629655
0 0.33964374999999997 0.4642078703703704 0.00462083333333337 0.01290833333333331
2 0.8294374999999999 0.5322712962962963 0.036302083333333235 0.069237037037037
2 0.18221015625 0.40494583333333334 0.022443229166666672 0.04459351851851852
4 0.14260416666666667 0.3703268518518518 0.04092604166666667 0.06219629629629627
