0 0.1825403645833333 0.5809722222222223 0.03366510416666667 0.039899999999999984
0 0.12544140625 0.10570046296296297 0.025083854166666666 0.025817592592592604
0 0.08517552083333334 0.10980787037037038 0.019803124999999994 0.022297222222222225
0 0.5360234374999999 0.666638425925926 0.0145260416666666 0.030512037037037015
0 0.5660572916666666 0.6994967592592592 0.03894791666666665 0.02816388888888881
0 0.5419661458333334 0.8766972222222222 0.018484374999999945 0.023470370370370332
0 0.5380026041666666 0.9259847222222223 0.02244270833333335 0.030512037037037015
0 0.9119505208333334 0.15088055555555557 0.013859374999999948 0.026990740740740746
0 0.8974270833333333 0.18725925925925926 0.021781249999999967 0.026990740740740746
0 0.984890625 0.6936291666666667 0.025083333333333256 0.025817592592592628
2 0.20036276041666667 0.578625462962963 0.07723177083333335 0.18306759259259267
3 0.901390625 0.17259074074074077 0.08383333333333336 0.13143333333333335
3 0.5677075520833332 0.6496222222222222 0.11485572916666668 0.2006703703703703
3 0.5228213541666666 0.902512962962963 0.11485729166666664 0.1642888888888889
3 0.10464843750000001 0.08281694444444444 0.08779374999999999 0.12791240740740742
3 0.9598098958333333 0.774601388888889 0.1491822916666667 0.2464379629629629
