0 0.8307578125 0.7599324074074074 0.020463541666666647 0.019950000000000048
0 0.7987421875 0.7347023148148147 0.013203124999999953 0.025817592592592524
0 0.21983593750000002 0.4202013888888889 0.01320208333333334 0.014082407407407412
0 0.19409192708333334 0.41316018518518516 0.010561979166666664 0.016429629629629603
0 0.6753046875000001 0.5328583333333334 0.011880208333333305 0.016429629629629655
0 0.6502213541666666 0.5416597222222223 0.011880208333333305 0.017602777777777853
0 0.8677239583333333 0.6860013888888888 0.008583333333333342 0.019949074074074036
0 0.837359375 0.6683986111111111 0.01121874999999998 0.01760277777777775
0 0.29871770833333333 0.5041074074074073 0.013862499999999993 0.015255555555555555
0 0.2706635416666667 0.5005865740740741 0.007920833333333318 0.01760277777777775
0 0.9129401041666666 0.6613578703703703 0.01716145833333336 0.017602777777777853
0 0.8838958333333333 0.6449287037037037 0.009239583333333337 0.022296296296296335
0 0.8868671874999999 0.2934625 0.015182291666666596 0.021123148148148137
2 0.8970963541666668 0.2946356481481482 0.03828645833333333 0.07275833333333334
3 0.8512187499999999 0.6813074074074075 0.04818749999999999 0.08331851851851844
3 0.5185317708333332 0.4284162037037037 0.04950937499999994 0.08683981481481486
3 0.29112656249999996 0.470075462962963 0.06336979166666667 0.11148425925925928
3 0.9106302083333332 0.6214583333333333 0.06931250000000008 0.12556481481481482
3 0.8178854166666667 0.7229666666666668 0.0712916666666666 0.10796296296296298
3 0.6660625000000001 0.5252305555555556 0.046208333333333344 0.07393148148148149
3 0.2066338541666667 0.40259861111111117 0.05016770833333333 0.06806388888888885
