0 0.8987473958333333 0.4466050925925926 0.020463541666666647 0.024643518518518526
0 0.8525416666666668 0.45129953703703707 0.024427083333333263 0.029337962962962965
0 0.54559375 0.14031898148148148 0.016500000000000032 0.029337962962962965
0 0.5099486979166666 0.11684907407407408 0.037623437500000044 0.019949999999999992
0 0.5026885416666667 0.1497074074074074 0.024423958333333336 0.02699074074074072
0 0.2921166666666667 0.5181893518518519 0.029704166666666688 0.029337962962962913
0 0.21785546875 0.49530601851851846 0.019802604166666675 0.02816388888888892
0 0.24326953124999998 0.6455152777777778 0.04026614583333332 0.01877685185185185
0 0.2851856770833333 0.6349537037037037 0.011881770833333328 0.0352055555555555
0 0.24392942708333334 0.6818944444444445 0.04158593749999998 0.03051111111111111
0 0.6667213541666667 0.599161574074074 0.017161458333333237 0.041073148148148185
0 0.5845416666666667 0.5616092592592593 0.016500000000000032 0.03168518518518521
0 0.6106145833333334 0.35565833333333335 0.021125000000000088 0.025816666666666672
0 0.6274479166666665 0.3849962962962963 0.01782291666666668 0.03051111111111111
0 0.5802499999999999 0.3844092592592593 0.023760416666666728 0.02933703703703706
0 0.14557447916666666 0.6191111111111112 0.034985416666666665 0.02229629629629623
0 0.15646614583333332 0.6554902777777778 0.02640416666666665 0.02933796296296302
0 0.10629869791666667 0.6455152777777778 0.022443229166666672 0.03051203703703712
3 0.5182013020833334 0.11626222222222223 0.0950557291666667 0.1478625925925926
3 0.5941119791666666 0.3574185185185185 0.10693229166666664 0.16077037037037034
3 0.8736640625 0.420787962962963 0.11288020833333334 0.15372962962962966
3 0.62315625 0.5434199074074074 0.12541666666666665 0.19245648148148156
3 0.26604296875 0.46538148148148145 0.1439015625 0.2288351851851852
3 0.24855026041666667 0.6132435185185187 0.1036359375 0.19362962962962965
3 0.12940208333333333 0.6196981481481482 0.09769479166666666 0.1736796296296297
2 0.24756015625 0.3943837962962963 0.08317239583333329 0.13612685185185186
