0 0.11091953125000001 0.6062027777777779 0.0158421875 0.06454259259259261
0 0.0874859375 0.5921203703703704 0.0059406249999999884 0.03168518518518521
0 0.08220494791666667 0.6196981481481482 0.005941145833333339 0.03755185185185189
0 0.06504244791666666 0.5974013888888889 0.007260937500000001 0.03989907407407408
0 0.27924479166666666 0.5815587962962963 0.019803124999999967 0.024643518518518526
2 0.28815625 0.5721708333333334 0.04158645833333333 0.08801388888888885
1 0.08682578125 0.5698236111111111 0.02706406250000001 0.01760277777777775
4 0.09045627604166667 0.6337800925925926 0.09769473958333336 0.15959722222222222
0 0.5406432291666667 0.6003351851851852 0.011880208333333305 0.02699074074074072
0 0.5802499999999999 0.6132439814814815 0.0066041666666667 0.024643518518518526
0 0.5564869791666667 0.6208712962962962 0.02376562499999994 0.01877592592592584
0 0.7030286458333334 0.5170162037037038 0.021119791666666644 0.017602777777777853
0 0.6842161458333335 0.5046939814814816 0.01122395833333331 0.021123148148148137
0 0.6769557291666667 0.519362962962963 0.01122395833333331 0.022296296296296335
0 0.45846171874999997 0.38910324074074076 0.009901562499999983 0.0176027777777778
0 0.4521908854166667 0.37443425925925927 0.01320156249999999 0.016429629629629655
0 0.4346981770833333 0.38968981481481485 0.013861979166666672 0.016429629629629655
0 0.5106096354166667 0.6361273148148148 0.01254218749999995 0.01642870370370375
0 0.4716640625 0.6466888888888889 0.015182291666666655 0.016429629629629655
0 0.5700182291666667 0.520536574074074 0.01122395833333331 0.019949074074074036
0 0.5647369791666667 0.5398995370370371 0.015182291666666596 0.014082407407407464
0 0.539984375 0.5322717592592592 0.010562499999999985 0.017602777777777853
0 0.743625 0.7235537037037038 0.01121874999999998 0.019950000000000048
0 0.7663984375 0.7382226851851853 0.011880208333333423 0.021123148148148137
0 0.47364427083333327 0.7047777777777777 0.015182291666666655 0.019950000000000048
0 0.9812604166666666 0.4624476851851852 0.01782291666666668 0.018776851851851902
0 0.4406393229166667 0.4870912037037037 0.020463020833333328 0.014082407407407464
0 0.4452598958333333 0.5029337962962963 0.016502083333333317 0.015256481481481565
0 0.42380677083333335 0.49765277777777783 0.010561458333333284 0.018775925925925946
3 0.4449299479166666 0.3761944444444445 0.05940885416666669 0.07627777777777778
3 0.5581380208333333 0.5240569444444444 0.054786458333333364 0.069237962962963
3 0.5581380208333333 0.5880134259259259 0.06139062499999994 0.09857500000000001
3 0.6977473958333335 0.4964796296296296 0.05676562500000001 0.10092222222222226
3 0.7601276041666667 0.7182726851851853 0.06139062500000006 0.08683981481481486
3 0.9895130208333334 0.41198657407407413 0.07393229166666657 0.15255648148148152
3 0.43535833333333335 0.490025 0.04554687500000002 0.07627777777777783
3 0.48552526041666666 0.6062023148148148 0.07723072916666668 0.11383055555555557
3 0.47166380208333336 0.6842412037037038 0.04158593750000002 0.07510462962962969
3 0.101678125 0.3943842592592593 0.04092604166666667 0.06571666666666671
