0 0.110259375 0.6050291666666667 0.014521875000000002 0.06219537037037042
0 0.08583541666666666 0.5927074074074075 0.006601041666666655 0.03051111111111111
0 0.08121510416666666 0.6196981481481482 0.00660104166666667 0.03051111111111111
0 0.0633921875 0.5985745370370371 0.009241666666666674 0.044593518518518574
0 0.38849140625 0.5997481481481483 0.024423437500000016 0.01877592592592584
2 0.3898114583333333 0.5886 0.03894583333333337 0.08331851851851844
1 0.08451562499999998 0.5680638888888889 0.02376354166666667 0.018775925925925946
4 0.08946606770833335 0.6320199074074074 0.09703453125 0.15842314814814815
0 0.5766197916666667 0.5962282407407408 0.008583333333333342 0.021123148148148137
0 0.5561562499999999 0.6167643518518519 0.02442708333333338 0.01760277777777775
0 0.6842161458333333 0.5158421296296297 0.019140625 0.01760277777777775
0 0.6627630208333334 0.5082143518518518 0.01583854166666671 0.01642870370370375
0 0.6541822916666666 0.519362962962963 0.01584375000000004 0.01994999999999994
0 0.43172786458333334 0.3873430555555556 0.010561979166666664 0.0164287037037037
0 0.45318098958333336 0.392037037037037 0.012542187500000008 0.014081481481481507
0 0.4495505208333333 0.6683986111111111 0.015842708333333337 0.01760277777777775
0 0.5954322916666667 0.5140819444444444 0.01584375000000004 0.014082407407407358
0 0.5785989583333334 0.5035208333333333 0.008583333333333342 0.021123148148148137
0 0.7112812499999999 0.657837037037037 0.016500000000000032 0.022296296296296335
0 0.7026979166666667 0.6736796296296297 0.012541666666666628 0.023470370370370437
0 0.7297630208333333 0.676026388888889 0.015182291666666714 0.01642870370370375
0 0.9832421875 0.49061203703703704 0.015182291666666714 0.01642962962962955
3 0.5561562500000001 0.5827324074074074 0.053468750000000044 0.1044425925925926
3 0.5924609375000001 0.49706620370370375 0.04554687500000002 0.07862499999999997
3 0.6743151041666666 0.4947189814814815 0.06139062499999994 0.10209537037037035
3 0.7215130208333332 0.6654648148148148 0.05808854166666665 0.08449259259259255
3 0.44294947916666666 0.37326111111111115 0.056768749999999986 0.07275740740740738
3 0.46011223958333336 0.647275462962963 0.07525156250000004 0.13026018518518523
3 0.10002760416666666 0.39321064814814816 0.04158645833333333 0.07510462962962963
3 0.9868723958333333 0.44367175925925934 0.07260937500000005 0.15255648148148152
