0 0.1089390625 0.6062027777777779 0.017162499999999997 0.06454259259259261
0 0.08451536458333334 0.5932944444444445 0.007921354166666669 0.02699074074074072
0 0.07989453125 0.619111574074074 0.007921354166666669 0.03637870370370369
0 0.062072135416666674 0.5997486111111111 0.009241145833333337 0.03755277777777769
0 0.2581216145833333 0.5627828703703703 0.010561979166666664 0.02933796296296302
2 0.2729739583333333 0.5563282407407407 0.04950729166666662 0.08214537037037035
1 0.08154505208333335 0.5698240740740741 0.02310364583333334 0.019950000000000048
4 0.08748583333333332 0.6326069444444445 0.09703458333333333 0.15959722222222222
0 0.6182057291666666 0.6196981481481482 0.021786458333333297 0.018775925925925946
0 0.5918020833333333 0.6026819444444446 0.013864583333333276 0.024643518518518422
0 0.5733203125 0.5434199074074074 0.013859374999999948 0.01877685185185185
0 0.5660598958333334 0.5563287037037038 0.009901041666666662 0.018775925925925946
0 0.44327968749999996 0.380888425925926 0.011221875000000025 0.0176027777777778
0 0.4663830729166667 0.3849958333333333 0.012542187500000008 0.0164287037037037
0 0.46143229166666666 0.6449282407407408 0.007920833333333318 0.01760277777777775
0 0.42842734375 0.6543166666666668 0.015842187500000014 0.01994999999999994
0 0.7541875 0.431349537037037 0.008583333333333342 0.0176027777777778
0 0.74890625 0.4536462962962963 0.012541666666666748 0.017601851851851844
0 0.7258020833333333 0.44895231481481485 0.01121874999999998 0.0176027777777778
0 0.6383385416666667 0.49530601851851846 0.009239583333333337 0.01642870370370375
0 0.6152369791666668 0.49061203703703704 0.011880208333333423 0.01642962962962955
0 0.6112734375 0.4753564814814815 0.011880208333333305 0.011735185185185166
0 0.7208515625 0.6701587962962964 0.011880208333333305 0.021123148148148137
0 0.7426328125 0.6818939814814815 0.017161458333333237 0.01642870370370375
3 0.45681171875000004 0.3709138888888889 0.059408854166666636 0.07745185185185188
3 0.7452760416666666 0.44132453703703706 0.05148958333333328 0.08214537037037041
3 0.6215078125 0.4829842592592593 0.04950520833333331 0.07393148148148154
3 0.6112760416666667 0.5886 0.06205208333333338 0.11617777777777777
3 0.735703125 0.6660518518518519 0.04686458333333334 0.08097222222222226
3 0.4346981770833333 0.6284995370370371 0.07063072916666666 0.13730092592592602
3 0.5865208333333333 0.5363787037037037 0.053468750000000044 0.1032685185185185
3 0.9802708333333333 0.5222967592592593 0.0712916666666666 0.12439166666666664
3 0.10233828125000001 0.3902768518518519 0.0356453125 0.06219629629629627
