0 0.10959921874999999 0.6044425925925926 0.017163020833333334 0.0657166666666666
0 0.08550546875000001 0.5962282407407408 0.005941145833333324 0.0328583333333333
0 0.08088489583333333 0.6196981481481482 0.005940625000000003 0.0352055555555555
0 0.4079643229166667 0.6015087962962963 0.025083854166666638 0.01760277777777775
2 0.41060468750000007 0.5956407407407408 0.03960624999999999 0.09270740740740743
1 0.08154479166666667 0.5698236111111111 0.01914270833333334 0.01760277777777775
4 0.09012630208333333 0.6320199074074074 0.1009953125 0.15842314814814815
0 0.06306197916666667 0.6003351851851852 0.008581250000000007 0.04107222222222228
0 0.5868515625 0.6167643518518519 0.009244791666666667 0.024643518518518526
0 0.5637473958333333 0.6302597222222223 0.021119791666666762 0.01877685185185185
0 0.6007135416666666 0.5469402777777779 0.017166666666666566 0.021123148148148137
0 0.577609375 0.5434199074074074 0.019802083333333324 0.01877685185185185
0 0.42017604166666667 0.392037037037037 0.013862500000000052 0.018775925925925894
0 0.40301328124999997 0.37795462962962967 0.0165026041666667 0.018775925925925894
0 0.3960825520833333 0.3926236111111111 0.011881770833333328 0.01760277777777775
0 0.6429609375 0.5176027777777777 0.011880208333333423 0.016429629629629655
0 0.6251380208333333 0.509975 0.01716145833333336 0.015255555555555555
0 0.6218359375 0.5269907407407408 0.0145260416666666 0.014081481481481454
0 0.7168906249999999 0.4829837962962963 0.010562499999999985 0.012908333333333258
0 0.6947760416666666 0.4900250000000001 0.012541666666666628 0.015255555555555555
0 0.4535111979166667 0.5099745370370371 0.015842187500000014 0.01760277777777775
0 0.41885572916666663 0.5082148148148148 0.012541666666666687 0.018775925925925946
0 0.7376848958333333 0.6496226851851852 0.015182291666666714 0.019949074074074036
0 0.7149088541666666 0.6396476851851852 0.011880208333333305 0.025817592592592524
0 0.9561770833333334 0.5117351851851852 0.019145833333333327 0.018775925925925946
3 0.10167786458333333 0.38793009259259265 0.042246354166666666 0.07158425925925924
3 0.4343682291666666 0.5017601851851852 0.07525104166666666 0.11148333333333332
3 0.9568359375 0.47124907407407407 0.08119270833333327 0.14199444444444442
3 0.7291015625 0.6314328703703704 0.049505208333333425 0.08683981481481486
3 0.7036901041666667 0.4730092592592593 0.052807291666666596 0.07979814814814816
3 0.6317395833333334 0.5117351851851852 0.05016666666666663 0.07275740740740738
3 0.5904817708333333 0.5299245370370371 0.060067708333333414 0.1020953703703704
3 0.5673802083333332 0.5956412037037038 0.053468750000000044 0.10913611111111109
3 0.411925 0.3785416666666667 0.060729166666666674 0.08097222222222221
