0 0.6954375 0.4178541666666667 0.013864583333333276 0.014082407407407412
2 0.6964270833333333 0.4190277777777778 0.021125000000000088 0.04928703703703705
0 0.9551875 0.5023472222222223 0.010562499999999985 0.04694074074074077
0 0.9396744791666666 0.49178518518518527 0.015182291666666714 0.03051111111111111
0 0.917890625 0.48005046296296305 0.021781249999999967 0.04459351851851847
1 0.9466067708333333 0.4683152777777778 0.02244270833333329 0.021123148148148137
4 0.9251536458333334 0.5058671296296297 0.08119270833333339 0.12908611111111112
0 0.47133359374999995 0.9394800925925927 0.018482812499999984 0.048113888888888755
0 0.4690234375 0.9940462962962965 0.016502083333333317 0.016425925925925934
0 0.5845416666666666 0.5222967592592593 0.008583333333333342 0.021123148148148137
0 0.5878411458333335 0.540486111111111 0.01122395833333331 0.015255555555555555
0 0.6056640625 0.5404861111111111 0.005942708333333257 0.017601851851851844
0 0.14425442708333333 0.4900250000000001 0.009901562499999983 0.015255555555555555
0 0.12280130208333334 0.5070407407407408 0.011881770833333328 0.011735185185185166
0 0.12709192708333333 0.4119865740740741 0.013861979166666672 0.009387962962962973
0 0.127421875 0.42137500000000006 0.010561458333333329 0.011735185185185218
0 0.20399348958333333 0.33629537037037033 0.00924114583333333 0.010561111111111117
0 0.19046145833333333 0.33864212962962964 0.008581249999999999 0.010562037037037073
0 0.17197864583333333 0.3433365740740741 0.007261458333333337 0.01056203703703702
0 0.18022968749999999 0.34157592592592595 0.010561458333333343 0.011735185185185166
3 0.13039244791666665 0.41198657407407413 0.03102447916666667 0.04693981481481481
3 0.12808203125 0.4882648148148149 0.059408854166666664 0.0844925925925926
3 0.5914739583333334 0.5316847222222223 0.04092708333333341 0.061023148148148125
3 0.45780156250000004 0.9559074074074073 0.07591145833333333 0.11148148148148146
0 0.48453593749999996 0.9371337962962962 0.01320208333333331 0.0363805555555556
3 0.17593932291666667 0.3368819444444444 0.020463020833333328 0.028163888888888867
3 0.19706223958333335 0.332774537037037 0.02706406250000001 0.029337962962962965
