0 0.7363619791666667 0.6754398148148147 0.015182291666666714 0.015255555555555555
0 0.18353046875 0.6085495370370371 0.011881770833333357 0.06454351851851851
0 0.14194401041666668 0.6003351851851852 0.014522395833333323 0.05280740740740745
0 0.10926901041666666 0.6226319444444446 0.009901562499999997 0.06454351851851851
0 0.14227395833333334 0.5663037037037036 0.02838437500000001 0.015255555555555555
0 0.14689479166666666 0.6378875 0.023103125000000002 0.019949074074074143
0 0.46572291666666665 0.5974013888888889 0.02178333333333337 0.01877685185185185
2 0.4637427083333333 0.5950546296296296 0.03630520833333334 0.08449259259259255
4 0.1459046875 0.6150037037037037 0.09109374999999999 0.1384740740740741
0 0.7799296874999999 0.6543166666666668 0.019140625 0.015255555555555555
0 0.7555052083333333 0.6484490740740741 0.012541666666666628 0.01994999999999994
0 0.6172161458333334 0.6983231481481482 0.013203124999999953 0.016429629629629655
0 0.5934531249999999 0.6989101851851853 0.010562499999999985 0.022296296296296335
0 0.5191919270833334 0.6261523148148148 0.01254322916666665 0.01760277777777775
0 0.4904765625 0.6255657407407408 0.010561458333333343 0.018775925925925946
0 0.27363385416666663 0.7681472222222222 0.012541666666666687 0.022296296296296335
0 0.3063088541666667 0.7834027777777779 0.009241666666666681 0.017601851851851844
0 0.28287526041666666 0.7927907407407407 0.01650260416666664 0.015255555555555555
0 0.18881119791666667 0.34568333333333334 0.00924114583333333 0.015255555555555555
0 0.5918020833333333 0.519362962962963 0.013864583333333276 0.015255555555555555
0 0.5690286458333333 0.5117351851851852 0.00792187500000002 0.018775925925925946
0 0.6106145833333334 0.607962962962963 0.017166666666666566 0.018775925925925946
0 0.6145755208333334 0.588012962962963 0.01320312500000007 0.018775925925925946
0 0.5832213541666667 0.6085495370370371 0.01650520833333336 0.017602777777777853
0 0.42083619791666665 0.6642916666666666 0.020463020833333328 0.01173518518518527
3 0.6086354166666667 0.6906953703703704 0.05016666666666663 0.08097222222222226
3 0.7376848958333333 0.6607708333333333 0.04422395833333326 0.0704101851851852
3 0.7736588541666668 0.6384740740740741 0.05413020833333337 0.09622777777777772
3 0.5993932291666667 0.5850796296296297 0.0594114583333333 0.09270740740740743
3 0.5865208333333333 0.48767824074074073 0.05742708333333333 0.10913611111111109
3 0.4221565104166667 0.6613578703703703 0.04026614583333335 0.07627870370370368
3 0.28551562500000005 0.7722541666666667 0.054788541666666676 0.07510462962962969
0 0.4221565104166667 0.6842412037037038 0.0165026041666667 0.01877685185185185
3 0.51193046875 0.5956412037037038 0.07195156250000002 0.11617685185185186
3 0.18320026041666668 0.33570833333333333 0.04026614583333332 0.06571666666666671
