0 0.22610677083333333 0.7810555555555555 0.008581249999999999 0.0340314814814815
0 0.19508203125 0.8074597222222223 0.03366510416666667 0.030512037037037015
0 0.19772239583333334 0.8397310185185185 0.02574375 0.024643518518518526
0 0.39311197916666674 0.6537296296296297 0.01914270833333334 0.042246296296296275
0 0.4475703125 0.6842412037037038 0.006601041666666655 0.061023148148148125
0 0.34096406250000005 0.5903606481481483 0.011221874999999966 0.0328583333333333
0 0.3670380208333333 0.6648782407407408 0.02244374999999999 0.05515462962962964
0 0.3442645833333334 0.6889351851851852 0.011221874999999966 0.056327777777777734
0 0.309609375 0.7910305555555556 0.02244374999999999 0.06337037037037042
0 0.36736822916666667 0.5944675925925926 0.028384375000000024 0.02464444444444443
0 0.36274739583333326 0.6267393518518519 0.03234479166666665 0.0328583333333333
0 0.3442645833333334 0.6097231481481481 0.016502083333333376 0.04342037037037038
0 0.3799098958333333 0.7253138888888888 0.03234479166666665 0.039899999999999984
0 0.8050130208333334 0.5369657407407408 0.025744791666666583 0.019950000000000048
2 0.7934635416666667 0.5252305555555556 0.05544791666666669 0.09974814814814821
4 0.3709986979166667 0.7041907407407408 0.16370468750000006 0.2769481481481481
0 0.8621145833333334 0.5739314814814815 0.01452083333333339 0.018775925925925946
0 0.4604421875 0.3163458333333333 0.008581249999999999 0.012908333333333362
0 0.4465802083333333 0.3186925925925926 0.008581249999999999 0.012909259259259266
0 0.42908749999999996 0.44132453703703706 0.009241666666666681 0.01877685185185185
0 0.40994453124999997 0.450712962962963 0.019802604166666703 0.011735185185185218
0 0.4082942708333333 0.46714166666666673 0.020463541666666706 0.018775925925925946
0 0.5713385416666665 0.8725898148148148 0.01782291666666668 0.0340314814814815
0 0.5033486979166666 0.8919523148148149 0.020463020833333328 0.037552777777777796
0 0.47529453124999993 0.5434199074074074 0.014522395833333293 0.01877685185185185
0 0.45681171875000004 0.5246439814814815 0.011881770833333328 0.025817592592592628
0 0.4488903645833333 0.5398995370370371 0.010561979166666664 0.025817592592592628
3 0.36571796875 0.2606037037037037 0.025083854166666697 0.04694074074074077
3 0.8670625 0.5633699074074073 0.04686458333333334 0.07510462962962958
3 0.8997395833333334 0.5017601851851852 0.07657291666666666 0.1537296296296296
3 0.45483125 0.312825 0.033005208333333334 0.05046111111111116
3 0.41126458333333327 0.4372175925925926 0.05016770833333333 0.09270740740740738
3 0.46902343750000003 0.5258171296296296 0.05742916666666667 0.09388055555555552
3 0.5307440104166666 0.8268217592592593 0.1320223958333333 0.27107870370370357
3 0.20432369791666669 0.7992449074074075 0.08119218749999997 0.14786203703703696
