0 0.4304075520833333 0.6912819444444445 0.011881770833333328 0.014082407407407358
0 0.41126484375 0.6842412037037038 0.00924114583333336 0.014082407407407464
0 0.1201609375 0.6296731481481482 0.019803124999999994 0.015255555555555555
2 0.12049088541666668 0.6261523148148148 0.03762552083333334 0.07627870370370368
0 0.9086510416666668 0.48005046296296305 0.013864583333333395 0.014082407407407358
0 0.9145911458333332 0.4900250000000001 0.01122395833333331 0.015255555555555555
0 0.89346875 0.48767824074074073 0.013864583333333276 0.012908333333333362
0 0.50796953125 0.4894384259259259 0.009901562499999983 0.01642870370370375
0 0.48090520833333333 0.49706620370370375 0.012541666666666687 0.015256481481481565
0 0.34723515625 0.7106453703703705 0.009241145833333301 0.022296296296296335
0 0.35416614583333333 0.7194467592592594 0.007261458333333337 0.021123148148148137
0 0.33238281249999996 0.7241402777777778 0.017822916666666622 0.016428703703703647
0 0.5102796875000001 0.7364625 0.014521874999999972 0.01760277777777775
0 0.5380052083333333 0.7405694444444445 0.01584375000000004 0.016429629629629655
0 0.5013682291666667 0.7135787037037037 0.011221874999999966 0.018775925925925946
0 0.47430416666666664 0.7141657407407408 0.012541666666666628 0.019950000000000048
0 0.30168828124999997 0.706537962962963 0.014522395833333352 0.018775925925925946
0 0.28188515625 0.7124050925925927 0.01320156249999999 0.014082407407407358
3 0.9000677083333334 0.47887685185185186 0.04951041666666676 0.06571666666666666
3 0.4894864583333334 0.4782902777777778 0.06138958333333336 0.09505462962962968
3 0.29178671875 0.695976388888889 0.04488697916666666 0.0704101851851852
3 0.333703125 0.6989101851851852 0.052147916666666676 0.09270740740740743
3 0.42347656250000004 0.6772 0.04818749999999999 0.06102222222222222
3 0.48420572916666665 0.687762037037037 0.06270937499999996 0.10796296296296298
3 0.5231510416666667 0.7141657407407408 0.05742708333333327 0.09740185185185182
3 0.04556958333333333 0.7910305555555556 0.05148791666666666 0.06337037037037042
0 0.05745119791666666 0.7916175925925926 0.013201770833333336 0.015255555555555555
