2 0.020155677083333337 0.6396476851851852 0.0930740625 0.2675601851851852
0 0.7168906249999999 0.6073759259259259 0.05016666666666663 0.05046111111111116
0 0.6343776041666667 0.5880134259259259 0.04356770833333326 0.05632870370370374
0 0.515559375 0.7569986111111112 0.026402083333333336 0.03989907407407408
0 0.4937770833333333 0.8150875 0.034324999999999994 0.03637870370370369
0 0.42710703125 0.8068726851851852 0.027724479166666663 0.03637870370370369
0 0.6185364583333334 0.5334453703703703 0.02904166666666666 0.03872592592592599
0 0.53470390625 0.5275773148148148 0.0316859375 0.04107314814814808
3 0.5743098958333335 0.9993287037037039 0.0594114583333333 0.07862037037037045
3 0.5700177083333333 0.4518861111111111 0.19604791666666674 0.32623518518518513
3 0.676296875 0.5316847222222223 0.1749270833333334 0.27694907407407415
3 0.48288515625 0.7652134259259259 0.1485213541666667 0.22531388888888895
