0 0.9647578125 0.30343703703703706 0.021786458333333297 0.015255555555555555
0 0.4495505208333333 0.4917856481481482 0.01320208333333337 0.014082407407407358
0 0.85353125 0.4777032407407407 0.013197916666666741 0.014082407407407412
0 0.8413203125000001 0.46362129629629634 0.01122395833333331 0.014081481481481454
0 0.8337291666666666 0.4730092592592593 0.010562500000000105 0.018775925925925946
0 0.44988046875000004 0.7100583333333335 0.011221354166666645 0.023470370370370437
0 0.4416294270833333 0.7329416666666667 0.015842187499999955 0.015255555555555555
0 0.4218263020833333 0.7247273148148149 0.007921354166666639 0.019949074074074036
2 0.9624479166666667 0.3093046296296296 0.02772916666666667 0.05750185185185189
0 0.2168653645833333 0.6273259259259258 0.016502604166666667 0.01994999999999994
0 0.11686015625 0.7141657407407408 0.011881770833333328 0.019950000000000048
0 0.2719838541666667 0.6484490740740741 0.010561458333333284 0.01994999999999994
0 0.24921041666666668 0.6484490740740741 0.019142708333333314 0.012909259259259266
0 0.24755989583333332 0.6637046296296297 0.021122916666666686 0.012909259259259266
3 0.10794895833333333 0.715925925925926 0.049507291666666654 0.07275740740740749
3 0.8505625 0.4659680555555556 0.04290624999999994 0.06806388888888891
3 0.44790026041666664 0.46714166666666673 0.05874843749999995 0.0985740740740741
3 0.43865885416666667 0.7147523148148148 0.04818749999999999 0.06806388888888891
3 0.2544911458333334 0.6302597222222222 0.054788541666666676 0.09388055555555552
3 0.22610677083333333 0.5944675925925927 0.06006875 0.10209629629629631
