0 0.15338541666666666 0.5148148148148148 0.015104166666666667 0.020370370370370372
0 0.15885416666666666 0.5268518518518519 0.015625 0.022222222222222223
0 0.1265625 0.5347222222222222 0.019791666666666666 0.019444444444444445
0 0.7932291666666667 0.8296296296296297 0.010416666666666666 0.022222222222222223
0 0.7625 0.8365740740740741 0.017708333333333333 0.021296296296296296
0 0.34296875 0.4930555555555556 0.0078125 0.017592592592592594
0 0.3296875 0.4939814814814815 0.01875 0.01388888888888889
0 0.32890625 0.5115740740740741 0.0140625 0.017592592592592594
0 0.39348958333333334 0.7375 0.021354166666666667 0.021296296296296296
2 0.39869791666666665 0.737962962962963 0.03697916666666667 0.08333333333333334
3 0.7682291666666666 0.8037037037037037 0.071875 0.1388888888888889
3 0.33046875 0.49259259259259264 0.0484375 0.07222222222222223
3 0.13932291666666666 0.49768518518518523 0.0703125 0.11203703703703705
0 0.023697916666666666 0.7541666666666667 0.019270833333333334 0.06574074074074074
4 0.027604166666666666 0.7870370370370371 0.05416666666666667 0.15555555555555556
0 0.005208333333333333 0.725925925925926 0.009375 0.016666666666666666
3 0.9778645833333334 0.48888888888888893 0.044270833333333336 0.08518518518518518
