0 0.2069640625 0.5334449074074075 0.02574375 0.019949074074074143
0 0.19244166666666668 0.5240569444444444 0.007261458333333337 0.01760277777777775
0 0.26340234375 0.6296726851851852 0.007921354166666669 0.02933796296296302
0 0.20531354166666665 0.5821458333333334 0.014521874999999972 0.037552777777777796
0 0.18782109374999997 0.5803856481481481 0.009901562500000013 0.05280833333333335
0 0.16009661458333332 0.6525564814814815 0.009901562500000013 0.028164814814814823
0 0.21158463541666667 0.6155907407407407 0.027064062499999982 0.01994999999999994
4 0.21059427083333335 0.5974013888888889 0.1148572916666667 0.16663796296296302
0 0.5749713541666668 0.5721708333333334 0.02244270833333329 0.017602777777777853
2 0.5772812500000001 0.5727578703703704 0.037625000000000006 0.09857500000000001
0 0.5960911458333332 0.4606875 0.01716145833333336 0.01994907407407409
0 0.5356927083333333 0.6355407407407407 0.016499999999999914 0.019950000000000048
0 0.5139104166666667 0.6243921296296296 0.008581249999999999 0.01877685185185185
0 0.34459453125 0.6103101851851852 0.018482812499999984 0.018775925925925946
0 0.33205286458333333 0.6455152777777778 0.011881770833333328 0.0352046296296297
0 0.5584661458333334 0.8045259259259259 0.009244791666666667 0.022296296296296335
0 0.5380052083333333 0.7939643518518519 0.025083333333333315 0.01760277777777775
0 0.53503125 0.8168481481481482 0.017822916666666622 0.023470370370370332
0 0.6647447916666667 0.7980717592592593 0.01584375000000004 0.01877685185185185
0 0.6604505208333333 0.8268226851851852 0.015182291666666714 0.02229722222222224
0 0.6297578125 0.8244754629629629 0.011880208333333305 0.024643518518518526
3 0.5366848958333333 0.4430847222222223 0.05941145833333336 0.1161768518518519
3 0.5944427083333332 0.4360439814814815 0.06007291666666662 0.10209537037037035
3 0.9452838541666666 0.36328611111111114 0.0633697916666667 0.09974814814814816
3 0.8000624999999999 0.4471921296296296 0.0858125 0.12908611111111107
3 0.6512109375 0.8080467592592592 0.0732760416666667 0.09036018518518524
3 0.5297515625 0.6150041666666667 0.053465624999999996 0.07979907407407406
3 0.5436135416666665 0.7904439814814814 0.05610624999999996 0.08801388888888885
3 0.3455846354166667 0.6314328703703704 0.05346822916666666 0.08683981481481486
0 0.9551848958333333 0.3844092592592593 0.02244270833333329 0.022296296296296283
0 0.9334036458333334 0.3738476851851852 0.01583854166666659 0.01994907407407409
0 0.9248229166666666 0.39086388888888896 0.01584374999999992 0.023470370370370384
0 0.8251458333333334 0.46890185185185185 0.01584375000000004 0.019949999999999992
0 0.7829010416666667 0.4741828703703703 0.01584375000000004 0.018776851851851798
