0 0.1792395833333333 0.8925393518518518 0.04158645833333333 0.019949074074074143
0 0.14359427083333334 0.9471097222222223 0.019142708333333314 0.07276203703703711
0 0.17758932291666665 0.9471097222222223 0.04488697916666666 0.07276203703703711
0 0.2241265625 0.934200925925926 0.02574375 0.044598148148148095
0 0.30465859375000004 0.933613888888889 0.007260937499999957 0.026994444444444442
0 0.19112161458333332 0.9776203703703703 0.02706406250000001 0.04694444444444449
0 0.7749791666666667 0.135625 0.0066041666666667 0.015255555555555555
4 0.778609375 0.1438398148148148 0.02442708333333338 0.038725925925925914
4 0.21257473958333334 0.9488666666666667 0.20199010416666666 0.17954444444444448
0 0.6125963541666666 0.538725925925926 0.018484375000000004 0.02581666666666662
2 0.6007135416666666 0.5340319444444445 0.046208333333333344 0.1032694444444444
0 0.7759713541666665 0.14853333333333332 0.009901041666666662 0.008214814814814828
2 0.7759687500000001 0.14912037037037038 0.0112187500000001 0.018775925925925918
0 0.27363385416666663 0.42665555555555557 0.008581249999999999 0.015255555555555555
0 0.25020052083333333 0.4360435185185186 0.010561458333333343 0.015255555555555555
0 0.5805807291666667 0.7000837962962964 0.021786458333333415 0.024643518518518526
0 0.5894921874999999 0.7200333333333333 0.01583854166666671 0.022296296296296335
0 0.5601171875000001 0.717099537037037 0.012546874999999957 0.021123148148148137
0 0.38816119791666664 0.7775351851851853 0.01716302083333332 0.0340314814814815
0 0.3815604166666667 0.8244759259259259 0.010561458333333343 0.02699074074074072
0 0.36472786458333334 0.8256490740740742 0.009901562499999983 0.019950000000000048
0 0.2168653645833333 0.4172675925925926 0.009901562500000013 0.015255555555555555
0 0.19970260416666666 0.42020092592592595 0.015182291666666684 0.011735185185185166
0 0.19673229166666667 0.43135 0.014521874999999972 0.015255555555555555
0 0.42149609375 0.6361273148148148 0.013861979166666672 0.021123148148148137
0 0.42875729166666665 0.5176023148148149 0.011221874999999966 0.021123148148148137
0 0.44294947916666666 0.5340319444444445 0.01320208333333331 0.014082407407407464
0 0.42215624999999996 0.529337962962963 0.008581249999999999 0.01877592592592584
0 0.7429635416666667 0.4413240740740741 0.016499999999999914 0.011735185185185166
0 0.743625 0.45481944444444444 0.01121874999999998 0.015255555555555555
0 0.7294348958333332 0.4407375 0.007921874999999901 0.0176027777777778
0 0.4535111979166667 0.4706625 0.011881770833333328 0.014082407407407358
0 0.4280973958333333 0.4595138888888889 0.008581249999999999 0.015255555555555555
3 0.44691015624999997 0.4430847222222223 0.058089062499999976 0.09740092592592596
3 0.43865885416666667 0.5199495370370371 0.0442270833333333 0.0704101851851852
3 0.7390052083333333 0.43956388888888887 0.037625000000000006 0.05750185185185183
3 0.5723307291666666 0.7000833333333334 0.05808854166666677 0.09740185185185182
3 0.3908015625 0.7933777777777777 0.06733020833333334 0.12439259259259254
3 0.25647135416666667 0.4119870370370371 0.050828125000000016 0.0844925925925926
3 0.20630390625 0.4055324074074074 0.04422656249999998 0.07627777777777778
3 0.41654557291666666 0.6419949074074074 0.04488697916666666 0.058675000000000026
