0 0.16471744791666665 0.814500462962963 0.04422656249999998 0.021123148148148137
0 0.13204244791666667 0.8667222222222222 0.018482812499999998 0.069237037037037
0 0.1657078125 0.8626148148148148 0.04356666666666668 0.07041111111111109
0 0.29475703124999997 0.8450120370370371 0.007260937500000016 0.023470370370370437
0 0.214225 0.8532268518518519 0.028384374999999993 0.042246296296296275
0 0.1822098958333333 0.8972333333333333 0.030364583333333337 0.055155555555555645
0 0.15547630208333332 0.9541509259259261 0.027064062499999982 0.05867962962962965
0 0.214225 0.9482810185185186 0.03630520833333334 0.06571574074074081
0 0.7637578125 0.03470310185185185 0.00792187500000002 0.017602685185185186
4 0.7667291666666666 0.04115740740740741 0.023104166666666613 0.0422462962962963
4 0.201353125 0.9066203703703705 0.201990625 0.264037037037037
0 0.5970807291666667 0.4436717592592593 0.020463541666666647 0.025817592592592628
2 0.5855312499999998 0.43956388888888887 0.046208333333333344 0.09974814814814811
0 0.22115598958333335 0.4055324074074074 0.01320156249999999 0.015255555555555555
0 0.3752893229166666 0.6901083333333333 0.019143229166666664 0.03051111111111111
0 0.3700083333333333 0.7364620370370369 0.011221874999999966 0.02699074074074072
0 0.35317604166666666 0.7399828703703704 0.010561458333333343 0.019949074074074036
0 0.19046145833333336 0.34157592592592595 0.011221874999999996 0.016429629629629655
0 0.17230859375 0.34627037037037034 0.014522395833333323 0.011735185185185218
0 0.16999817708333334 0.3585916666666667 0.013861979166666672 0.015255555555555555
0 0.4663830729166667 0.5299245370370371 0.009901562499999983 0.02229722222222224
0 0.44327942708333334 0.5410731481481482 0.013861979166666672 0.018775925925925946
0 0.4254567708333333 0.4782902777777778 0.011221874999999966 0.024643518518518526
0 0.4343682291666666 0.4888518518518519 0.010561458333333343 0.01994999999999994
0 0.41291510416666666 0.501173611111111 0.015182291666666655 0.014082407407407358
0 0.43370807291666663 0.37795509259259263 0.011881770833333328 0.0164287037037037
0 0.40664401041666665 0.3644597222222222 0.007921354166666639 0.0176027777777778
0 0.46671302083333327 0.30519722222222223 0.006601041666666714 0.018775925925925946
0 0.4406390625 0.30402361111111115 0.008581249999999999 0.014082407407407412
0 0.4502106770833334 0.31575879629629633 0.015842187500000014 0.014082407407407412
3 0.6825651041666667 0.4102263888888889 0.039609374999999974 0.06688981481481486
3 0.4521908854166667 0.5211231481481482 0.05676822916666667 0.08449259259259255
3 0.45153072916666664 0.2963958333333333 0.03828541666666668 0.062195370370370366
3 0.42413671875 0.35096435185185193 0.054788020833333326 0.10326944444444446
3 0.41852578125 0.48005046296296294 0.04752760416666669 0.06806388888888885
3 0.3766096354166667 0.7041907407407408 0.06799010416666663 0.12439259259259254
3 0.17626927083333332 0.3310148148148148 0.040926041666666656 0.07745185185185183
3 0.22478645833333336 0.3767814814814815 0.05214791666666665 0.10326851851851855
