0 0.18518046875 0.7511310185185185 0.03630572916666666 0.016428703703703647
0 0.15514609375 0.7810555555555555 0.015842187499999986 0.050461111111111054
0 0.18254010416666666 0.78575 0.03894583333333334 0.045766666666666664
0 0.2914567708333333 0.8367972222222222 0.00462083333333337 0.023470370370370332
0 0.22082604166666667 0.8039393518518518 0.02178333333333334 0.05867499999999992
0 0.19079140625 0.8350375000000001 0.022443229166666672 0.05515462962962964
0 0.16339713541666664 0.8702425925925927 0.016502604166666667 0.069237037037037
0 0.21158463541666664 0.8901921296296297 0.03498489583333333 0.05515462962962964
0 0.8304270833333334 0.20720879629629632 0.0066041666666667 0.017602777777777773
4 0.8347187500000001 0.21366342592592594 0.029708333333333312 0.03989907407407406
4 0.19805260416666665 0.884325462962963 0.19803020833333335 0.2945527777777779
0 0.6043437500000001 0.5475273148148149 0.021781249999999967 0.017602777777777853
2 0.5944427083333332 0.5410726851851853 0.0442291666666667 0.09388055555555552
0 0.08880598958333333 0.8567472222222223 0.019143229166666664 0.03755185185185189
0 0.02642661458333333 0.9189412037037037 0.03168479166666666 0.030506481481481485
0 0.24888020833333335 0.49178518518518527 0.007920833333333347 0.018775925925925946
0 0.22940729166666665 0.5005870370370371 0.012541666666666658 0.015255555555555555
0 0.37726953125 0.7235537037037038 0.0165026041666667 0.02464444444444443
0 0.3676981770833333 0.7693208333333333 0.011881770833333328 0.03168425925925931
0 0.35317604166666666 0.7669740740740741 0.009241666666666681 0.026990740740740825
0 0.24788984374999998 0.4295893518518519 0.009901562500000013 0.014082407407407412
0 0.2313875 0.43017592592592596 0.012541666666666658 0.010561111111111117
0 0.22874713541666666 0.44132453703703706 0.011221354166666645 0.014082407407407412
0 0.8644244791666668 0.491199074074074 0.01122395833333331 0.015255555555555555
0 0.8449505208333333 0.4865046296296296 0.010557291666666658 0.015255555555555555
0 0.6769557291666667 0.4923722222222222 0.008578125000000015 0.015255555555555555
0 0.6845442708333334 0.5064541666666666 0.013203124999999953 0.012908333333333362
0 0.6690338541666667 0.4982398148148148 0.007265625000000024 0.01994999999999994
0 0.8304296875000001 0.8567472222222223 0.02244270833333329 0.028164814814814823
0 0.7786093749999999 0.7998319444444445 0.013864583333333395 0.03168425925925931
0 0.5000481770833333 0.4184407407407408 0.009901562499999983 0.015255555555555555
0 0.48552578125 0.41785462962962966 0.013861979166666672 0.011735185185185166
0 0.48222526041666663 0.4295893518518519 0.013861979166666613 0.014082407407407412
3 0.05250057291666666 0.8397319444444444 0.1260790625 0.2124064814814815
3 0.3782596354166667 0.7429166666666666 0.062049479166666664 0.11265740740740737
3 0.8231692708333334 0.7980717592592593 0.11881770833333327 0.19949722222222221
3 0.8525416666666668 0.48239722222222226 0.048187500000000105 0.05867592592592593
3 0.6832265625 0.4964796296296296 0.03828645833333333 0.06102222222222222
3 0.48915651041666663 0.4096398148148148 0.03828593749999995 0.06571666666666671
3 0.23666848958333334 0.4178541666666667 0.04026614583333335 0.06806388888888885
3 0.23501796875 0.4870912037037038 0.042246354166666666 0.058675000000000026
