0 0.15745651041666667 0.5275773148148148 0.024423437499999985 0.01760277777777775
0 0.14359427083333334 0.5170157407407407 0.011221874999999996 0.015255555555555555
0 0.21653515624999997 0.6261523148148148 0.007921354166666669 0.029337962962962913
0 0.15712630208333334 0.5809722222222223 0.014522395833333352 0.0352055555555556
0 0.14029375 0.5739310185185186 0.008581249999999999 0.04928796296296296
0 0.11256979166666667 0.6461018518518519 0.008581250000000014 0.03168518518518521
0 0.1630671875 0.6108967592592592 0.02640416666666668 0.02229722222222224
4 0.16339713541666664 0.5915337962962963 0.1181578125 0.16663796296296302
0 0.5290927083333333 0.5651296296296295 0.02178333333333331 0.015255555555555555
2 0.5307427083333334 0.5645430555555556 0.03828541666666663 0.09857500000000001
0 0.30102786458333336 0.6860013888888888 0.018482812499999984 0.024643518518518526
0 0.18353020833333336 0.3304277777777778 0.01320208333333334 0.017601851851851844
0 0.33007239583333337 0.3415763888888889 0.014521874999999972 0.02112314814814819
0 0.3072989583333333 0.3327745370370371 0.01782291666666668 0.01760277777777775
0 0.30168828125 0.3468569444444445 0.015842187500000014 0.019949074074074036
0 0.6871875000000001 0.5657162037037038 0.014520833333333271 0.021123148148148137
0 0.6680442708333333 0.5528078703703704 0.017161458333333237 0.021123148148148137
0 0.6588020833333333 0.5704106481481481 0.011885416666666633 0.01877685185185185
0 0.7373541666666666 0.4559935185185185 0.018479166666666675 0.022296296296296283
3 0.16702786458333332 0.3163453703703704 0.04752760416666666 0.06923703703703706
3 0.31753046875 0.31869305555555555 0.06336927083333338 0.10209537037037035
3 0.29871796875 0.6443416666666667 0.06402968749999995 0.138474074074074
3 0.6776145833333334 0.5563287037037038 0.06007291666666674 0.08449259259259266
3 0.7333932291666667 0.42665555555555557 0.06865104166666663 0.1208722222222222
