0 0.2099341145833333 0.6020953703703704 0.025083854166666666 0.018775925925925946
0 0.19673229166666667 0.5938810185185185 0.009241666666666681 0.014082407407407358
0 0.26703307291666667 0.7012574074074074 0.007260937499999986 0.02699074074074072
0 0.2086140625 0.6531430555555556 0.015842708333333337 0.04107314814814808
0 0.19211171875000002 0.6496222222222222 0.007921354166666669 0.05046111111111116
0 0.16405755208333334 0.7229666666666666 0.009901562499999983 0.03051111111111111
0 0.21488515625 0.6836546296296296 0.024423437500000016 0.02229629629629623
4 0.21554531249999997 0.6654648148148148 0.1128770833333333 0.16663888888888892
0 0.5792604166666666 0.6425814814814815 0.023104166666666613 0.01760185185185195
2 0.5809088541666666 0.6425814814814815 0.03696354166666668 0.09740185185185192
0 0.33304296875 0.6742662037037037 0.01782239583333336 0.019949074074074143
0 0.2584515625 0.5410726851851853 0.011221874999999996 0.021123148148148137
0 0.24062890625 0.5322712962962963 0.024423437500000016 0.015255555555555555
0 0.23666848958333334 0.5504611111111112 0.016502604166666667 0.01877592592592584
0 0.31687031250000003 0.5551550925925927 0.01320208333333337 0.01877685185185185
0 0.3838705729166667 0.4178541666666667 0.013861979166666672 0.02112314814814819
0 0.36208723958333333 0.4096398148148148 0.019143229166666664 0.016429629629629655
0 0.3581265625 0.4260689814814815 0.01914270833333334 0.021123148148148137
0 0.7155703125 0.6290861111111111 0.011880208333333305 0.018775925925925946
0 0.7281119791666666 0.647275462962963 0.01716145833333336 0.019949074074074143
0 0.3577966145833333 0.7998319444444446 0.015842187500000014 0.02229722222222224
0 0.3172005208333334 0.796311574074074 0.012541666666666687 0.02229722222222224
3 0.3690182291666667 0.39321064814814816 0.056768749999999986 0.10326944444444446
3 0.24425963541666662 0.5287509259259259 0.04884739583333332 0.07627777777777778
3 0.3152203125 0.5680634259259258 0.049507291666666654 0.08214537037037035
3 0.33205260416666665 0.6355402777777778 0.06468958333333337 0.13026018518518523
3 0.33964401041666664 0.7734282407407408 0.09043385416666669 0.15255648148148146
3 0.727453125 0.6331935185185186 0.0514895833333334 0.08566666666666665
