0 0.14270833333333333 0.5171296296296296 0.017708333333333333 0.019444444444444445
0 0.14921875 0.5291666666666667 0.015104166666666667 0.02314814814814815
0 0.11614583333333334 0.5347222222222222 0.017708333333333333 0.015740740740740743
0 0.9161458333333333 0.8833333333333334 0.017708333333333333 0.020370370370370372
0 0.8200520833333333 0.513888888888889 0.009895833333333333 0.018518518518518517
0 0.29401041666666666 0.5157407407407407 0.011979166666666666 0.018518518518518517
0 0.278125 0.5115740740740741 0.016666666666666666 0.017592592592592594
0 0.27291666666666664 0.5314814814814816 0.0125 0.016666666666666666
0 0.27734375 0.7291666666666667 0.0234375 0.017592592592592594
0 0.15598958333333332 0.4518518518518519 0.0109375 0.014814814814814815
0 0.13046875 0.43472222222222223 0.0109375 0.01388888888888889
2 0.28046875 0.7296296296296296 0.034895833333333334 0.08148148148148149
3 0.8312499999999999 0.5175925925925926 0.04791666666666666 0.07407407407407407
3 0.9158854166666667 0.8486111111111111 0.06614583333333333 0.14166666666666666
3 0.14375 0.4444444444444445 0.04479166666666667 0.06851851851851852
3 0.28489583333333335 0.513888888888889 0.06041666666666667 0.08333333333333334
3 0.1296875 0.5032407407407408 0.06979166666666667 0.10277777777777779
0 0.0140625 0.7578703703703704 0.017708333333333333 0.0638888888888889
4 0.022916666666666665 0.787962962962963 0.04479166666666667 0.15
