0 0.2940971354166667 0.5927074074074075 0.024423437500000016 0.018775925925925946
0 0.28056510416666663 0.5827324074074074 0.010561458333333284 0.012909259259259266
0 0.3511958333333334 0.6889351851851852 0.006601041666666714 0.028164814814814823
0 0.292446875 0.6466888888888889 0.01320208333333337 0.028164814814814823
0 0.27759453125 0.6402347222222223 0.009901562499999983 0.05280833333333335
0 0.2495403645833333 0.7100587962962963 0.00924114583333333 0.0328583333333333
0 0.2980575520833333 0.676026388888889 0.027064062499999982 0.021123148148148137
4 0.29904765625 0.6549032407407407 0.11353697916666669 0.17133240740740752
0 0.66078125 0.6390606481481482 0.019802083333333324 0.017602777777777853
2 0.6634244791666667 0.638474074074074 0.03828645833333333 0.1009222222222222
0 0.22346640625 0.815087962962963 0.011221354166666645 0.02699074074074072
0 0.45813177083333334 0.3550717592592592 0.019803125000000026 0.01290833333333331
0 0.46143229166666666 0.3726740740740741 0.014521874999999972 0.017601851851851844
0 0.44228932291666667 0.36328611111111114 0.00924114583333336 0.019949999999999992
0 0.3980627604166667 0.5445930555555555 0.014522395833333293 0.021123148148148137
0 0.3888213541666667 0.5774513888888889 0.01320208333333331 0.021123148148148137
0 0.9248203125 0.5240569444444445 0.013203124999999953 0.02229722222222224
0 0.8951197916666667 0.5328578703703704 0.019802083333333442 0.021123148148148137
0 0.8357083333333333 0.6490356481481482 0.011885416666666633 0.021123148148148137
0 0.8036927083333334 0.6255657407407408 0.012541666666666748 0.018775925925925946
0 0.8096328125 0.647275462962963 0.015182291666666596 0.019949074074074143
0 0.41390494791666665 0.6818944444444445 0.007921354166666698 0.023470370370370332
0 0.39014166666666666 0.6953893518518519 0.023763541666666655 0.02229722222222224
3 0.19805234375 0.7910305555555556 0.0726109375 0.13612777777777782
3 0.9079895833333332 0.5017601851851853 0.06666666666666667 0.10913703703703709
3 0.8165677083333333 0.6349537037037037 0.06072916666666662 0.08918703703703694
3 0.3911317708333333 0.6730925925925927 0.054788541666666704 0.09974814814814811
3 0.3980627604166667 0.5633694444444446 0.050167187500000016 0.08449259259259266
3 0.45549140625 0.3556578703703704 0.0435661458333333 0.07510462962962963
