0 0.2954171875 0.5927074074074075 0.024423958333333336 0.016429629629629655
0 0.28188515625 0.5839060185185185 0.010561979166666664 0.012908333333333362
0 0.3528458333333333 0.6889351851851852 0.007261458333333278 0.02581666666666662
0 0.294096875 0.6414083333333334 0.015182291666666655 0.03872592592592599
0 0.2779244791666667 0.6402342592592593 0.009241666666666622 0.05046111111111116
0 0.2495403645833333 0.7100583333333335 0.00924114583333333 0.028164814814814823
0 0.2997078125 0.6748532407407407 0.023763541666666655 0.021123148148148245
4 0.29904765625 0.6549032407407407 0.11353697916666669 0.17133240740740752
0 0.6627630208333334 0.6378875 0.021119791666666644 0.015256481481481565
2 0.6654036458333333 0.637300925925926 0.04224479166666673 0.09622777777777783
0 0.43271796875 0.37502083333333336 0.011221354166666645 0.01290833333333331
0 0.4482302083333333 0.38793009259259265 0.01320208333333331 0.0176027777777778
0 0.4261169270833333 0.3885166666666667 0.01254218749999995 0.018775925925925946
0 0.39905286458333333 0.5451800925925926 0.013861979166666672 0.019949074074074036
0 0.3888213541666667 0.5774518518518518 0.010561458333333343 0.016429629629629655
0 0.9254817708333333 0.5234699074074075 0.013203124999999953 0.021123148148148137
0 0.8961067708333333 0.5322712962962963 0.019140625 0.022296296296296335
0 0.8310885416666667 0.6543166666666668 0.017166666666666684 0.022296296296296335
0 0.8040234374999999 0.6437550925925926 0.011880208333333423 0.019949074074074143
0 0.34393463541666663 0.6167643518518519 0.022443229166666672 0.019949074074074143
3 0.9083203124999999 0.5011736111111111 0.06732812499999999 0.10326944444444446
3 0.8178880208333332 0.6396476851851852 0.05808854166666665 0.08214537037037035
3 0.40004296875 0.5604356481481482 0.050167187500000016 0.08566574074074075
3 0.3528458333333333 0.5915337962962963 0.06006875 0.09857500000000001
3 0.44096927083333337 0.3726740740740741 0.051487500000000054 0.08097222222222226
3 0.4320578125 0.803938888888889 0.06931041666666668 0.12673888888888882
