0 0.2921166666666667 0.5968148148148148 0.02574375 0.01994999999999994
0 0.27891484375 0.5862527777777778 0.009901562500000042 0.015255555555555555
0 0.3495455729166667 0.6942157407407407 0.007260937499999957 0.02699074074074072
0 0.29046640625000003 0.6496222222222223 0.011881770833333328 0.02699074074074072
0 0.2742940104166667 0.6431680555555556 0.009901562499999983 0.05163425925925925
0 0.24656979166666665 0.7141657407407408 0.008581249999999999 0.03168518518518521
0 0.2964072916666667 0.6783736111111112 0.02640416666666668 0.023469444444444428
4 0.29706744791666667 0.6584240740740741 0.11353697916666666 0.1689851851851852
0 0.6604505208333333 0.6431680555555556 0.020463541666666647 0.01642870370370375
2 0.6637526041666666 0.6414083333333334 0.038942708333333326 0.09270740740740743
0 0.6145755208333334 0.6378875 0.01583854166666671 0.019949074074074143
0 0.4261171875 0.37854166666666667 0.015182291666666655 0.017601851851851844
0 0.441959375 0.3937972222222223 0.013862499999999993 0.019949999999999992
0 0.41852578125 0.39438379629629633 0.00924114583333336 0.021123148148148137
0 0.399053125 0.5463537037037037 0.015182291666666655 0.019950000000000048
0 0.3908018229166667 0.5803856481481482 0.011881770833333328 0.01760277777777775
0 0.9225104166666667 0.5275773148148148 0.012541666666666628 0.024643518518518526
0 0.8924765624999998 0.5352055555555555 0.018484375000000004 0.023470370370370437
0 0.8386796874999999 0.6396476851851852 0.015182291666666596 0.01642870370370375
0 0.8360390624999999 0.657837037037037 0.015182291666666714 0.022296296296296335
0 0.8089739583333333 0.6607708333333334 0.012541666666666628 0.01877685185185185
0 0.45813203124999996 0.5721708333333334 0.011881770833333328 0.017602777777777853
0 0.42446692708333333 0.6056157407407408 0.018482812500000043 0.023470370370370437
3 0.4353583333333333 0.3767814814814815 0.049507291666666654 0.08214629629629631
3 0.90403125 0.5064541666666666 0.06798958333333331 0.10913611111111113
3 0.8244869791666666 0.6466888888888889 0.0594114583333333 0.08449259259259255
3 0.6314088541666666 0.6085495370370371 0.07063020833333328 0.13260648148148152
3 0.39839296875 0.5657166666666666 0.046867187500000004 0.09622777777777783
3 0.4406390625 0.578038425925926 0.06138958333333336 0.10444166666666659
