0 0.2729739583333333 0.6114837962962962 0.024423958333333336 0.021123148148148137
0 0.2594416666666667 0.6009217592592593 0.010561458333333343 0.014082407407407464
0 0.3294122395833333 0.7088847222222223 0.007921354166666698 0.025817592592592628
0 0.27165364583333335 0.6607708333333333 0.015182291666666655 0.03755277777777769
0 0.25548125 0.6560768518518518 0.010561458333333343 0.051635185185185256
0 0.22808723958333332 0.7270740740740741 0.009901562499999983 0.03403148148148139
0 0.2766044270833333 0.6930421296296296 0.02640364583333333 0.024643518518518526
4 0.27726432291666664 0.6730925925925927 0.11353697916666666 0.1725055555555555
0 0.6406510416666666 0.6549032407407407 0.02310416666666673 0.01642870370370375
2 0.6452708333333333 0.6560768518518518 0.04290624999999994 0.0985740740740741
0 0.8258072916666667 0.5745180555555555 0.01452083333333339 0.02229722222222224
0 0.7904895833333333 0.5704106481481481 0.012541666666666628 0.023469444444444428
0 0.4082942708333333 0.39321064814814816 0.013862499999999993 0.014082407407407412
0 0.4228166666666667 0.4072925925925926 0.015182291666666714 0.018775925925925894
0 0.4003729166666667 0.40787962962962965 0.011221875000000025 0.019949999999999992
0 0.3749591145833333 0.5621958333333333 0.015842187500000014 0.021123148148148137
0 0.3663778645833333 0.5962277777777778 0.011881770833333328 0.018775925925925946
0 0.9030390625 0.5381388888888889 0.013203124999999953 0.022296296296296335
0 0.8723463541666666 0.5463537037037037 0.015182291666666714 0.02229629629629623
0 0.8241588541666668 0.6590106481481482 0.009901041666666662 0.02229722222222224
0 0.802703125 0.6730925925925927 0.01584375000000004 0.022296296296296335
0 0.6003828124999999 0.4360435185185186 0.019140625 0.022296296296296283
0 0.5710078125 0.4360435185185186 0.018484375000000004 0.022296296296296283
3 0.8852161458333333 0.519362962962963 0.06600520833333334 0.10913703703703703
3 0.8135963541666666 0.5410726851851853 0.07591145833333333 0.12439166666666664
3 0.8060026041666667 0.6554902777777778 0.04884895833333332 0.08331944444444446
3 0.5848723958333333 0.4172675925925926 0.0633697916666667 0.09974814814814811
3 0.4172057291666667 0.3955578703703704 0.05016770833333333 0.07510462962962963
3 0.37627942708333334 0.5803851851851852 0.04620677083333338 0.08801296296296295
