0 0.6426276041666666 0.2717523148148148 0.00461979166666661 0.01760277777777775
4 0.6465885416666667 0.27820648148148147 0.027062500000000017 0.03990000000000004
0 0.49179687499999997 0.7564120370370371 0.021122916666666686 0.029337037037037116
2 0.4749643229166667 0.7505444444444445 0.05610885416666669 0.1302592592592592
0 0.37132864583333336 0.5134953703703704 0.008581249999999999 0.015255555555555555
0 0.35317604166666666 0.5258171296296296 0.01320208333333337 0.014082407407407358
0 0.8984192708333333 0.49530601851851846 0.00792187500000002 0.014082407407407358
0 0.885546875 0.4847444444444445 0.017822916666666563 0.01408148148148156
0 0.8838958333333333 0.49589259259259266 0.011885416666666633 0.015255555555555555
0 0.8413177083333333 0.3392291666666667 0.007260416666666695 0.009387962962962973
0 0.7353723958333334 0.5563282407407407 0.00792187500000002 0.014082407407407358
0 0.7188723958333334 0.5621958333333333 0.011880208333333423 0.01642870370370375
0 0.7373541666666665 0.43663055555555563 0.009239583333333337 0.011735185185185218
0 0.7201901041666666 0.43076296296296296 0.006598958333333253 0.011735185185185166
0 0.6337187499999999 0.36093888888888886 0.009239583333333337 0.008214814814814828
0 0.63371875 0.3679800925925926 0.010562500000000105 0.008213888888888871
3 0.3604372395833333 0.5046944444444446 0.042246354166666694 0.06571666666666666
3 0.7238229166666666 0.549874537037037 0.03894791666666677 0.05984907407407403
3 0.8865364583333334 0.4882648148148149 0.03696875000000001 0.04928703703703705
3 0.7327317708333333 0.4248953703703704 0.04224479166666673 0.06102222222222222
3 0.8436302083333334 0.332775 0.01584375000000004 0.02699074074074072
3 0.639 0.3550712962962963 0.026406250000000023 0.03872592592592594
