0 0.6894947916666666 0.22774583333333337 0.007260416666666695 0.03989907407407411
1 0.6802552083333334 0.204275 0.013864583333333395 0.011735185185185192
0 0.679265625 0.22539861111111112 0.0066041666666667 0.023469444444444428
0 0.6663932291666667 0.21718379629629628 0.01122395833333331 0.03285833333333333
4 0.6720052083333333 0.23889351851851853 0.04488541666666658 0.08097222222222224
0 0.5568151041666667 0.22187777777777778 0.015182291666666714 0.011735185185185192
2 0.5561562500000001 0.22598564814814817 0.01782291666666668 0.03637870370370372
0 0.06009192708333333 0.293462037037037 0.011881770833333334 0.011735185185185218
0 0.0676828125 0.2987430555555556 0.011221874999999996 0.01290833333333331
0 0.049860234375 0.3063703703703704 0.012542031250000004 0.011735185185185166
0 0.008933984375 0.924225462962963 0.02046307291666667 0.03638240740740731
0 0.8924791666666666 0.717099537037037 0.01584375000000004 0.01877685185185185
0 0.8673932291666666 0.6895217592592593 0.009244791666666667 0.024643518518518526
0 0.3650575520833333 0.5398995370370371 0.011881770833333328 0.025817592592592628
0 0.37396901041666664 0.5451800925925926 0.007260937500000016 0.024643518518518526
0 0.35713645833333335 0.5621958333333333 0.014521875000000031 0.014082407407407358
0 0.2508604166666667 0.5680638888888889 0.01320208333333334 0.018775925925925946
0 0.21818567708333336 0.5692370370370371 0.009901562500000013 0.016429629629629655
0 0.4337080729166667 0.3492037037037037 0.01320156249999999 0.015255555555555555
0 0.41852578124999995 0.3468569444444445 0.010561979166666664 0.012908333333333362
0 0.41390520833333333 0.3568319444444445 0.010561458333333343 0.014082407407407412
3 0.882578125 0.6936291666666667 0.05544791666666669 0.07275833333333329
3 0.0010128125000000007 0.9148337962962964 0.0600690625 0.0927027777777777
3 0.4251268229166667 0.3398157407407407 0.03960572916666667 0.06923703703703706
3 0.3568065104166667 0.5457671296296296 0.042906770833333316 0.06336944444444452
3 0.23831875 0.5422462962962963 0.071290625 0.11969814814814815
3 0.05052013020833333 0.28994166666666665 0.050827447916666664 0.05867592592592593
