0 0.9990833333333333 0.607962962962963 0.004625000000000057 0.0352055555555555
1 0.9872005208333333 0.5727578703703705 0.019140625 0.01642870370370375
0 0.9855520833333333 0.5968143518518519 0.010562500000000105 0.02933796296296302
0 0.9644270833333334 0.5833194444444445 0.019802083333333324 0.0352055555555555
4 0.9693776041666666 0.6150041666666667 0.07063020833333328 0.10326944444444451
0 0.045899557291666664 0.44895231481481485 0.008581302083333334 0.0176027777777778
0 0.0383084375 0.46538148148148145 0.013201979166666666 0.010561111111111117
4 0.04523942708333333 0.4595138888888889 0.05346802083333333 0.05750185185185189
2 0.12115104166666667 0.48239722222222226 0.021783333333333325 0.03755185185185189
0 0.7535286458333333 0.528750925925926 0.015182291666666596 0.012909259259259266
2 0.754515625 0.5322717592592592 0.019802083333333324 0.041073148148148185
0 0.37000859375 0.4712490740740741 0.005941145833333354 0.01056111111111117
0 0.3733091145833333 0.4765296296296297 0.007260937500000016 0.011735185185185218
0 0.36208723958333333 0.47887685185185186 0.009901562499999983 0.011735185185185166
0 0.2673630208333333 0.9154212962962963 0.015842708333333365 0.02112037037037032
0 0.24359947916666666 0.912488888888889 0.009241666666666681 0.01994999999999994
0 0.4452596354166667 0.6666384259259259 0.009901562499999983 0.014082407407407358
0 0.4224864583333333 0.6507962962962962 0.006601041666666655 0.015255555555555555
0 0.6670520833333333 0.6249787037037038 0.008583333333333342 0.015255555555555555
0 0.6449401041666667 0.6138305555555555 0.00792187500000002 0.01408148148148156
0 0.6492317708333334 0.6255657407407408 0.013859374999999948 0.01408148148148156
3 0.3650578125 0.46772824074074076 0.02640416666666668 0.041073148148148185
3 0.6538515625 0.6132435185185185 0.03763020833333333 0.06219629629629632
3 0.4403091145833333 0.6402342592592593 0.0435661458333333 0.08801296296296295
3 0.25779140624999997 0.9013425925925926 0.05346822916666666 0.09153703703703706
3 0.15745625000000002 0.44484490740740745 0.02178333333333334 0.02816388888888892
