0 0.32908229166666664 0.6155907407407407 0.02178333333333331 0.017601851851851844
0 0.31290989583333334 0.6554902777777778 0.009241666666666681 0.043419444444444476
0 0.2891463541666667 0.7235537037037038 0.007920833333333318 0.017601851851851844
0 0.33172265625 0.6877615740740741 0.024423437500000016 0.01877685185185185
0 0.9050182291666667 0.5487004629629629 0.018484375000000004 0.01760277777777775
0 0.8782838541666665 0.5475268518518518 0.01122395833333331 0.015255555555555555
0 0.6452708333333333 0.6560768518518518 0.016500000000000032 0.01408148148148156
0 0.41753567708333333 0.5751046296296297 0.013861979166666672 0.016429629629629655
4 0.33205260416666665 0.6707458333333334 0.09769479166666664 0.14199537037037038
2 0.6492291666666666 0.6549032407407407 0.037625000000000006 0.08214537037037035
3 0.4188559895833333 0.5927074074074075 0.04422656249999998 0.07745185185185188
3 0.8974270833333333 0.5269907407407407 0.058749999999999976 0.09388148148148154
0 0.31753046875 0.6062027777777779 0.007921354166666698 0.01056111111111117
0 0.45615156249999994 0.4524726851851852 0.01320208333333337 0.01760277777777775
0 0.4323880208333333 0.44895231481481485 0.009241666666666681 0.0176027777777778
0 0.6274479166666667 0.6848277777777778 0.012541666666666628 0.015255555555555555
0 0.6248046875 0.7053643518518519 0.015182291666666714 0.01877685185185185
0 0.6013749999999999 0.7053643518518519 0.010562499999999985 0.021123148148148245
0 0.40895442708333335 0.6020953703703703 0.009901562499999983 0.016429629629629655
0 0.46473281250000004 0.8274092592592593 0.01320208333333331 0.016429629629629655
0 0.4353583333333333 0.8068731481481481 0.011221874999999966 0.019950000000000048
0 0.43997890624999997 0.8326902777777777 0.01650260416666664 0.019949074074074036
3 0.44790026041666664 0.4254824074074074 0.05742864583333335 0.10444259259259255
3 0.6178750000000001 0.6930421296296296 0.05016666666666663 0.0715842592592592
3 0.44922057291666667 0.8180212962962963 0.05742864583333335 0.08214629629629626
