0 0.18815104166666666 0.6466888888888889 0.023763541666666655 0.016429629629629655
0 0.17296875 0.6889351851851852 0.009241666666666652 0.044592592592592566
0 0.14821484375 0.7593458333333333 0.007260937500000016 0.01642870370370375
0 0.19178151041666666 0.7212064814814815 0.02310364583333332 0.02229629629629623
0 0.17659947916666668 0.6396481481481481 0.008581249999999999 0.01173518518518527
4 0.19112135416666665 0.7036041666666666 0.09967500000000001 0.14434166666666667
0 0.50961953125 0.6772 0.01716302083333332 0.014081481481481454
2 0.5109388020833333 0.6772 0.0356432291666667 0.08449259259259255
0 0.32182135416666663 0.4847444444444445 0.015182291666666655 0.01642962962962955
0 0.25482109375 0.5797986111111111 0.010561979166666664 0.021123148148148245
0 0.23468802083333332 0.5868398148148148 0.013862499999999993 0.018775925925925946
0 0.2782546875 0.6026819444444446 0.012541666666666687 0.017602777777777853
0 0.2696734375 0.6314333333333334 0.011221875000000025 0.016429629629629655
0 0.735703125 0.5592625 0.01121874999999998 0.01760277777777775
0 0.760125 0.5633694444444445 0.01782291666666668 0.018775925925925946
0 0.6059921875000001 0.38323564814814814 0.01320312500000007 0.01760277777777775
0 0.6132552083333332 0.39321064814814816 0.010562499999999985 0.0164287037037037
0 0.6762942708333334 0.5398995370370371 0.015182291666666596 0.016428703703703647
0 0.8076536458333333 0.5099745370370371 0.019140625 0.01760277777777775
0 0.7888411458333333 0.5029337962962963 0.013203124999999953 0.015256481481481565
0 0.7825729166666666 0.5152555555555556 0.012541666666666628 0.018775925925925946
3 0.6056640625 0.3820625 0.03498437500000004 0.04811388888888886
3 0.5865208333333333 0.37854166666666667 0.029708333333333434 0.045766666666666664
3 0.8010546875000001 0.49295925925925926 0.05478645833333324 0.08449259259259266
3 0.7528645833333333 0.540486111111111 0.05742708333333345 0.08801296296296295
3 0.6772838541666667 0.5199495370370371 0.05413020833333325 0.10326944444444451
3 0.3247916666666667 0.45834027777777775 0.05280833333333336 0.09974907407407406
3 0.24392942708333334 0.5709972222222222 0.04158593749999998 0.06454259259259261
3 0.27891484375 0.618524537037037 0.042906770833333316 0.0727583333333334
