0 0.19079140625 0.6343671296296296 0.022443229166666672 0.01760277777777775
0 0.1732989583333333 0.6725060185185184 0.008581249999999999 0.04459351851851847
0 0.14953515624999997 0.7440902777777779 0.007260937499999986 0.01642870370370375
0 0.19409192708333334 0.7041912037037037 0.022443229166666672 0.021123148148148137
0 0.17758932291666665 0.6243921296296296 0.00924114583333333 0.011734259259259262
4 0.19409192708333334 0.6860013888888888 0.09769427083333332 0.14199537037037038
0 0.5106096354166667 0.6619444444444444 0.01650260416666664 0.011735185185185166
2 0.5122604166666667 0.6613578703703703 0.0356458333333333 0.08331944444444446
0 0.34162421875 0.4665550925925926 0.01254218749999995 0.01760277777777775
0 0.3139 0.46890185185185185 0.011221875000000025 0.019949999999999992
0 0.30531874999999997 0.479463425925926 0.008581249999999999 0.0176027777777778
0 0.29079661458333333 0.47476944444444447 0.019143229166666664 0.012909259259259266
0 0.2894763020833333 0.49002546296296295 0.013861979166666672 0.01760277777777775
0 0.2802348958333333 0.588012962962963 0.012541666666666687 0.018775925925925946
0 0.27099348958333336 0.6161777777777778 0.009901562499999983 0.018775925925925946
0 0.7373541666666665 0.5457671296296296 0.010562499999999985 0.016428703703703647
0 0.7607864583333334 0.548114351851852 0.01782291666666668 0.021123148148148137
0 0.8366979166666667 0.3621125 0.01121874999999998 0.01525648148148146
0 0.8439609375000001 0.3726740740740741 0.009901041666666662 0.012909259259259266
0 0.8241588541666667 0.3756078703703704 0.015182291666666714 0.014082407407407412
0 0.8673932291666666 0.7546518518518519 0.013203124999999953 0.018775925925925946
0 0.8512213541666666 0.7880967592592593 0.01122395833333331 0.019949074074074143
0 0.8112838541666666 0.7880967592592593 0.011880208333333305 0.01760277777777775
0 0.9195416666666666 0.4847444444444445 0.013197916666666741 0.01642962962962955
0 0.9268020833333334 0.49589259259259266 0.011885416666666633 0.01994999999999994
0 0.9020494791666667 0.4894384259259259 0.020463541666666647 0.01642870370370375
3 0.8277864583333333 0.36621990740740745 0.046208333333333344 0.056328703703703686
3 0.9066692708333334 0.4718356481481482 0.054786458333333364 0.08918611111111113
3 0.7561666666666668 0.5264037037037037 0.058749999999999976 0.09270740740740743
3 0.8277890625 0.7616930555555557 0.07260937499999992 0.12204537037037035
3 0.8594713541666666 0.7382226851851853 0.042244791666666615 0.07510462962962958
3 0.33172291666666665 0.44249768518518523 0.05874895833333333 0.09857500000000007
3 0.29343697916666667 0.4718361111111112 0.037626041666666644 0.06571666666666671
3 0.27957473958333334 0.6044421296296296 0.04290677083333335 0.07510462962962969
