0 0.8287760416666666 0.460100462962963 0.028385416666666666 0.03285833333333336
0 0.7881822916666666 0.44601851851851854 0.01584375000000004 0.03051111111111111
0 0.4673731770833333 0.44191111111111114 0.010561979166666664 0.0340314814814815
0 0.42743697916666673 0.4477787037037037 0.03894583333333331 0.02464444444444443
0 0.42479661458333334 0.479463425925926 0.04026614583333335 0.031684259259259204
0 0.45813177083333334 0.2946356481481482 0.02640416666666668 0.03520462962962959
0 0.7030286458333334 0.8227152777777779 0.013203124999999953 0.03520462962962959
0 0.6611119791666666 0.8391449074074074 0.028380208333333337 0.0328583333333333
0 0.29343697916666667 0.5211231481481482 0.016502083333333317 0.025816666666666724
0 0.214225 0.5569152777777777 0.02046354166666668 0.0363787037037038
3 0.8112838541666666 0.42665555555555557 0.09901562500000007 0.15138333333333331
3 0.6670520833333332 0.8033527777777778 0.09439583333333333 0.15372962962962966
3 0.43172786458333334 0.4143337962962963 0.10033489583333334 0.187762037037037
3 0.4644033854166667 0.23537361111111113 0.11683906250000001 0.1725064814814815
3 0.2640625 0.5099745370370371 0.12541875000000002 0.19128240740740746
0 0.18419036458333332 0.4325231481481482 0.033004687499999984 0.036379629629629595
2 0.20168307291666665 0.4237217592592593 0.07459114583333332 0.1572509259259259
