0 0.6353671875 0.5299245370370371 0.005942708333333257 0.019949074074074036
0 0.6208463541666667 0.5234699074074075 0.020463541666666647 0.014082407407407358
0 0.6201848958333334 0.5410731481481482 0.015182291666666596 0.018775925925925946
0 0.40004296875 0.8297564814814815 0.009241145833333301 0.023470370370370437
0 0.4723239583333333 0.5762782407407407 0.009901041666666662 0.01877685185185185
0 0.45186093750000006 0.578625 0.01914270833333334 0.016429629629629655
0 0.9307630208333334 0.4994134259259259 0.01583854166666671 0.01760277777777775
0 0.7885104166666667 0.7212064814814815 0.016500000000000032 0.019950000000000048
0 0.7670598958333333 0.7112319444444445 0.011880208333333423 0.023469444444444428
0 0.5736484374999999 0.6232189814814814 0.00792187500000002 0.021123148148148137
0 0.5353619791666666 0.6114833333333334 0.013203124999999953 0.018775925925925946
0 0.5479036458333333 0.6273259259259258 0.02244270833333329 0.015255555555555555
3 0.4195158854166667 0.479463425925926 0.06138906249999998 0.09505462962962963
3 0.38420052083333334 0.8197814814814816 0.047527083333333366 0.08097222222222226
3 0.45813177083333334 0.559849074074074 0.05016770833333333 0.08449259259259266
3 0.5502161458333333 0.5979884259259259 0.05610937500000001 0.09036018518518514
3 0.6198567708333333 0.5234703703703704 0.04356770833333338 0.07041111111111109
3 0.778609375 0.7024305555555556 0.04818749999999999 0.07862592592592588
3 0.9357135416666668 0.4618606481481482 0.06007291666666662 0.13260648148148152
0 0.24095885416666665 0.5451800925925926 0.010561458333333313 0.024643518518518526
2 0.25416093749999996 0.5428333333333334 0.03960624999999999 0.07627777777777778
1 0.08946614583333333 0.5874263888888889 0.023103125000000002 0.017602777777777853
0 0.11454999999999999 0.6214583333333333 0.017822916666666667 0.062196296296296215
0 0.09144635416666666 0.6091361111111111 0.008581249999999999 0.03051111111111111
0 0.0874859375 0.6320199074074074 0.008581249999999999 0.03637870370370369
0 0.07032317708333333 0.6144171296296297 0.009901562500000006 0.041073148148148185
4 0.09441700520833333 0.6455152777777778 0.09505453125 0.15255648148148157
