0 0.6271171875 0.520536574074074 0.01716145833333336 0.01760277777777775
0 0.6333906250000001 0.5375523148148149 0.012541666666666748 0.01877685185185185
0 0.6112734375 0.5357921296296296 0.013203124999999953 0.01760277777777775
0 0.342284375 0.8379708333333333 0.02178333333333331 0.01642870370370375
0 0.4736440104166667 0.5727578703703705 0.005941145833333354 0.021123148148148137
0 0.45615156249999994 0.5774513888888889 0.019803125000000026 0.014082407407407358
0 0.4551614583333334 0.5897736111111112 0.01914270833333334 0.012908333333333362
0 0.4304078125 0.49589259259259266 0.01320208333333337 0.01994999999999994
0 0.9307630208333334 0.49882638888888886 0.01583854166666671 0.01877685185185185
0 0.6871848958333333 0.6132439814814815 0.013203124999999953 0.01760277777777775
0 0.6657317708333332 0.6056157407407408 0.01122395833333331 0.01877592592592584
0 0.5396536458333334 0.6343666666666666 0.009901041666666662 0.019950000000000048
0 0.5162213541666667 0.6390611111111111 0.018484375000000004 0.015255555555555555
0 0.5023585937499999 0.617937962962963 0.011881770833333328 0.01994999999999994
3 0.9363723958333333 0.45188611111111116 0.060067708333333296 0.1525555555555556
3 0.6776145833333334 0.5968148148148148 0.053468749999999926 0.07393148148148149
3 0.6185364583333334 0.5258171296296296 0.05148958333333328 0.0727583333333334
3 0.4564815104166667 0.5610222222222222 0.04422656250000004 0.08918703703703704
3 0.5165510416666667 0.6138305555555555 0.05742916666666673 0.09622777777777772
3 0.4158854166666667 0.48357083333333334 0.0633697916666667 0.09857499999999997
3 0.34459453125 0.8326902777777777 0.04620677083333333 0.07862500000000007
0 0.27330390625 0.5944675925925927 0.018482812499999984 0.022296296296296335
2 0.281225 0.5874263888888889 0.036965624999999995 0.07627870370370368
1 0.09012630208333335 0.5856662037037037 0.0244234375 0.016428703703703647
0 0.11322968750000001 0.6196981481481482 0.017822916666666667 0.06102222222222222
0 0.09012630208333335 0.6050291666666666 0.007260937500000001 0.02229722222222224
0 0.08748567708333335 0.6331935185185185 0.007260937500000001 0.02699074074074072
0 0.07065338541666667 0.6144175925925925 0.009241145833333337 0.038725925925925886
4 0.09507708333333334 0.6466888888888889 0.09373437500000001 0.15020925925925926
