0 0.6878463541666666 0.558675462962963 0.013203124999999953 0.016428703703703647
0 0.695109375 0.5721708333333334 0.010562499999999985 0.019949074074074036
0 0.6729947916666668 0.5751046296296297 0.013864583333333395 0.01877592592592584
0 0.17527916666666665 0.7523046296296297 0.012541666666666687 0.018775925925925946
0 0.13963359375 0.7704939814814814 0.009901562499999983 0.02229722222222224
0 0.4749643229166666 0.5663032407407408 0.00858177083333332 0.019949074074074036
0 0.45549140625 0.5668902777777778 0.02112343750000001 0.014082407407407464
0 0.45252109375 0.5833194444444445 0.020463020833333328 0.01642962962962955
0 0.9327421875 0.4994134259259259 0.017161458333333237 0.01760277777777775
0 0.708640625 0.6801337962962963 0.013864583333333395 0.019949074074074036
0 0.7251432291666667 0.697149537037037 0.016505208333333243 0.01642870370370375
0 0.701046875 0.6936291666666667 0.010562500000000105 0.01877685185185185
0 0.4122549479166667 0.5733444444444444 0.019143229166666664 0.02229629629629623
0 0.38420078125 0.5762782407407407 0.015842187500000014 0.021123148148148137
3 0.9370338541666666 0.46303472222222225 0.06139062499999994 0.12556574074074078
3 0.6789348958333333 0.5627824074074075 0.05346354166666671 0.069237037037037
3 0.7185416666666666 0.6818939814814815 0.053468750000000044 0.07510462962962958
3 0.45879192708333333 0.5510476851851852 0.04884739583333335 0.09036018518518524
3 0.40400364583333326 0.5504611111111112 0.060729166666666674 0.09153333333333333
3 0.16174713541666663 0.7569986111111111 0.058089062500000004 0.08683981481481486
3 0.27990494791666665 0.4190277777777778 0.04488697916666666 0.05867592592592593
0 0.3363434895833333 0.6062027777777779 0.024423437500000016 0.015255555555555555
2 0.33865390625 0.5974013888888889 0.035645312499999984 0.07745092592592598
1 0.09045624999999999 0.5868398148148148 0.02376354166666667 0.018775925925925946
0 0.11454973958333332 0.6196981481481482 0.016502604166666667 0.058675925925925826
0 0.07032317708333333 0.6138305555555554 0.009901562500000006 0.039899999999999984
4 0.09540703125 0.6461018518518519 0.09439427083333335 0.15138333333333337
