0 0.5974140625000001 0.31693240740740747 0.00792187500000002 0.011735185185185218
0 0.5838802083333333 0.3163458333333333 0.008583333333333342 0.010562037037037073
0 0.5013682291666667 0.7974851851851852 0.008581249999999999 0.03872592592592599
0 0.45120078124999996 0.8015921296296296 0.0165026041666667 0.05163425925925925
0 0.43931875 0.8168476851851852 0.008581249999999999 0.03989907407407408
0 0.474634375 0.8432518518518519 0.019803124999999967 0.02464444444444443
0 0.6353697916666666 0.3703273148148148 0.016500000000000032 0.01056203703703702
0 0.6383385416666667 0.381475462962963 0.013197916666666623 0.011734259259259262
0 0.6182057291666666 0.3720875 0.009901041666666662 0.014082407407407412
0 0.5538463541666666 0.39614444444444447 0.011880208333333305 0.015255555555555555
0 0.7535286458333333 0.2840740740740741 0.009901041666666662 0.011735185185185166
0 0.5914713541666666 0.5181893518518519 0.009244791666666667 0.01760277777777775
0 0.5706770833333333 0.5222967592592593 0.012541666666666628 0.01877685185185185
0 0.6033541666666666 0.36269953703703706 0.009239583333333337 0.014082407407407412
0 0.6092942708333333 0.37326064814814813 0.009244791666666667 0.0164287037037037
0 0.5891614583333333 0.3720875 0.016500000000000032 0.0164287037037037
3 0.7522057291666667 0.2635375 0.03630729166666657 0.06454351851851851
3 0.47298411458333334 0.8115671296296297 0.07987239583333335 0.1373009259259259
3 0.5789296875000001 0.509387962962963 0.04489062500000003 0.07275740740740738
3 0.5901536458333333 0.3069574074074074 0.03300520833333328 0.045766666666666664
3 0.631078125 0.3638726851851852 0.03960416666666665 0.06336944444444446
3 0.5951015625 0.35272453703703704 0.04026562499999997 0.07158425925925929
3 0.5525260416666666 0.3750212962962963 0.046208333333333344 0.088012962962963
0 0.4663830729166667 0.4829837962962963 0.020463020833333328 0.024643518518518474
2 0.47628463541666666 0.4735958333333333 0.04290677083333338 0.09505462962962963
0 0.8677239583333333 0.17200370370370371 0.01121874999999998 0.010561111111111117
2 0.8657421875 0.17493750000000002 0.016505208333333243 0.02816388888888889
1 0.27330364583333333 0.5932944444444445 0.030364583333333337 0.015255555555555555
1 0.24722994791666666 0.6120703703703705 0.013861979166666642 0.04342037037037027
1 0.26868333333333333 0.6208717592592593 0.03432499999999997 0.037552777777777796
0 0.31059947916666664 0.6361273148148149 0.03102499999999999 0.06806388888888891
0 0.27891458333333335 0.6554902777777778 0.015182291666666655 0.05280833333333335
0 0.2455796875 0.6977361111111112 0.01320208333333334 0.09270740740740732
4 0.294096875 0.7124055555555556 0.12607916666666666 0.25817222222222225
0 0.9334036458333334 0.16026898148148147 0.010557291666666658 0.024643518518518526
4 0.9353828125 0.16730972222222223 0.03432812500000004 0.04811388888888889
