0 0.1 0.5185185185185185 0.014583333333333334 0.022222222222222223
0 0.10651041666666666 0.5291666666666667 0.0140625 0.02314814814814815
0 0.07395833333333333 0.537962962962963 0.020833333333333332 0.018518518518518517
0 0.8763020833333334 0.875 0.01614583333333333 0.024074074074074074
0 0.9231770833333334 0.9032407407407408 0.0171875 0.025
0 0.96171875 0.9078703703703704 0.009895833333333333 0.025
0 0.25859375 0.5185185185185185 0.011979166666666666 0.018518518518518517
0 0.24140625 0.5162037037037037 0.018229166666666668 0.01388888888888889
0 0.23671875 0.5319444444444444 0.013020833333333334 0.017592592592592594
0 0.3026041666666667 0.736574074074074 0.025 0.015740740740740743
2 0.30572916666666666 0.7324074074074074 0.03333333333333333 0.07407407407407407
3 0.8820312499999999 0.8384259259259259 0.0640625 0.13611111111111113
3 0.9338541666666667 0.8703703703703703 0.07291666666666667 0.14074074074074075
3 0.24921875 0.5166666666666667 0.0609375 0.08333333333333334
3 0.08411458333333333 0.500925925925926 0.06614583333333333 0.11296296296296297
3 0.0171875 0.4305555555555556 0.03333333333333333 0.07407407407407407
