0 0.29838776041666665 0.5052810185185185 0.007921354166666698 0.01760277777777775
0 0.2696731770833333 0.4929587962962964 0.009901562500000013 0.01642870370370375
0 0.2766044270833333 0.5076277777777779 0.01320156249999999 0.01760185185185195
0 0.8109557291666666 0.6255657407407408 0.013859374999999948 0.01642962962962955
0 0.7878515625000001 0.6202847222222223 0.01122395833333331 0.019949074074074036
0 0.18022968749999999 0.5997486111111111 0.019803125000000026 0.01642870370370375
0 0.1861708333333333 0.617350925925926 0.01320208333333334 0.018775925925925946
0 0.16240729166666668 0.6138305555555555 0.01320208333333331 0.018775925925925946
3 0.28056484374999996 0.4982393518518519 0.04884739583333332 0.05984907407407413
3 0.17461901041666666 0.6009217592592593 0.05874843749999998 0.07510462962962969
3 0.8043541666666667 0.6120699074074074 0.04951041666666676 0.07158425925925929
0 0.33172265625 0.32397361111111106 0.019143229166666664 0.0164287037037037
2 0.33040260416666667 0.33042777777777776 0.028384374999999965 0.05280740740740739
1 0.5710078125 0.244174537037037 0.01716145833333336 0.014082407407407412
0 0.5871796875000002 0.2758597222222222 0.009901041666666662 0.05163425925925925
0 0.5696875 0.2635375 0.005281249999999934 0.02229722222222224
0 0.572328125 0.27879305555555556 0.005281250000000052 0.03637870370370369
0 0.5521953125000001 0.27116527777777777 0.01122395833333331 0.04928796296296296
4 0.5673776041666667 0.29052824074074074 0.07195312500000005 0.11383055555555555
