0 0.127421875 0.08399055555555555 0.01320208333333334 0.022296666666666666
0 0.6013723958333334 0.6595976851851852 0.017161458333333237 0.02816388888888881
0 0.5832213541666665 0.6989097222222223 0.029703124999999986 0.03637870370370369
0 0.30927942708333334 0.22598564814814817 0.020463020833333328 0.024643518518518526
0 0.32644192708333336 0.253562962962963 0.01650260416666664 0.028164814814814823
0 0.28056484375 0.25825694444444447 0.025083854166666638 0.03285833333333336
0 0.23534791666666666 0.1761111111111111 0.015182291666666655 0.02112407407407407
3 0.5795911458333334 0.6654648148148148 0.08845312499999997 0.15020925925925926
3 0.36538776041666665 0.13621171296296297 0.09307447916666665 0.1642913888888889
3 0.26571276041666664 0.15264083333333334 0.09307447916666665 0.16194425925925926
3 0.11124947916666666 0.05876002314814815 0.07723125 0.1032688425925926
2 0.11223958333333334 0.5111481481481481 0.06997083333333334 0.15138333333333337
3 0.29046666666666665 0.2265722222222222 0.1016552083333333 0.13847407407407408
