0 0.19541223958333334 0.23067916666666669 0.02112343750000001 0.0176027777777778
0 0.20234322916666667 0.2500425925925926 0.013862500000000022 0.018775925925925946
0 0.17362890625 0.2471083333333333 0.014522395833333352 0.022296296296296283
0 0.20366328125 0.7229671296296296 0.016502604166666667 0.025817592592592524
0 0.15613619791666666 0.7200328703703703 0.013861979166666672 0.024643518518518526
0 0.7152421874999999 0.4823976851851852 0.015182291666666596 0.021123148148148085
0 0.025766510416666666 0.6390611111111111 0.029044374999999997 0.015255555555555555
0 0.028406927083333332 0.6648782407407408 0.019803020833333334 0.024643518518518526
3 0.18980130208333332 0.6402342592592593 0.1009953125 0.2476111111111111
3 0.7083072916666666 0.4407375 0.0858125 0.14903611111111112
3 0.1861708333333333 0.2289189814814815 0.06468958333333334 0.08918611111111109
3 0.025436390625 0.6414078703703704 0.06006888541666667 0.1020953703703703
