1 0.17956979166666667 0.6015087962962963 0.019803125000000026 0.012908333333333362
0 0.2000328125 0.6314328703703704 0.014521875000000002 0.05632870370370374
0 0.18055989583333332 0.618524537037037 0.0046208333333333405 0.021123148148148137
0 0.17791953125 0.6414078703703704 0.005941145833333354 0.024643518518518526
0 0.16207708333333332 0.6249787037037038 0.007261458333333337 0.0340314814814815
0 0.5248015625 0.5627824074074075 0.014521874999999972 0.015255555555555555
0 0.5614375 0.6290861111111111 0.00990624999999999 0.01408148148148156
0 0.31125937499999995 0.46186064814814815 0.015182291666666655 0.01290833333333331
0 0.3165403645833333 0.4735962962962963 0.009901562500000042 0.015255555555555555
0 0.2973973958333333 0.4741828703703703 0.011221874999999966 0.018776851851851798
0 0.6056640625 0.5903601851851852 0.019140625 0.01173518518518527
0 0.6050026041666666 0.6038555555555556 0.019140625 0.015255555555555555
0 0.3280921875 0.5932939814814815 0.009241666666666622 0.017602777777777853
0 0.6621015625000001 0.5616092592592593 0.006598958333333253 0.015255555555555555
0 0.6436197916666666 0.5680634259259258 0.018479166666666675 0.01642870370370375
0 0.6300885416666666 0.558088888888889 0.007260416666666695 0.015255555555555555
0 0.62315625 0.5668902777777778 0.005281249999999934 0.014082407407407464
0 0.5865208333333333 0.5686504629629631 0.005937499999999929 0.012908333333333362
0 0.5647369791666667 0.5815592592592593 0.01122395833333331 0.015255555555555555
0 0.4346981770833333 0.7317680555555557 0.01782239583333336 0.012908333333333258
0 0.4363486979166667 0.7476106481481481 0.011881770833333328 0.01642870370370375
0 0.41786588541666664 0.7411560185185185 0.007921354166666698 0.01760277777777775
0 0.7363645833333334 0.7012569444444444 0.013864583333333395 0.012908333333333362
0 0.7198593750000001 0.6901087962962963 0.0072604166666665765 0.016428703703703647
0 0.6703541666666666 0.538725925925926 0.01121874999999998 0.014081481481481454
4 0.18254036458333334 0.6490356481481482 0.0811921875 0.13378055555555562
2 0.3419541666666666 0.5886 0.03960624999999999 0.07158333333333329
3 0.6426302083333333 0.5492875 0.04951041666666676 0.08449351851851845
3 0.5667187499999999 0.5551550925925927 0.05479166666666669 0.09388055555555563
3 0.42941744791666664 0.7323550925925926 0.04818697916666667 0.0657157407407407
3 0.6059947916666667 0.5727574074074074 0.040927083333333295 0.08918703703703704
3 0.7333932291666667 0.6860013888888888 0.03960937500000009 0.06454351851851851
3 0.5241427083333333 0.5316847222222223 0.043568750000000024 0.09857500000000001
3 0.5512057291666667 0.6337800925925927 0.042244791666666615 0.058675000000000026
3 0.6660651041666666 0.5299245370370371 0.03300520833333328 0.057502777777777736
3 0.30564895833333333 0.4612740740740741 0.040926041666666656 0.061022222222222276
