0 0.42413671875 0.25297638888888896 0.034984895833333356 0.048113888888888914
0 0.34558489583333335 0.23478657407407408 0.03102499999999999 0.04693981481481478
0 0.8683828125 0.8849115740740742 0.04950520833333331 0.05632870370370363
0 0.9627786458333333 0.8397310185185185 0.015182291666666596 0.05515462962962964
0 0.5115989583333334 0.588012962962963 0.06468749999999997 0.0352055555555556
0 0.5221627604166666 0.657837037037037 0.058091145833333316 0.04342037037037027
0 0.4254567708333333 0.6138305555555555 0.03498541666666662 0.05632777777777784
0 0.12214088541666666 0.5950541666666667 0.025083854166666666 0.05163425925925935
0 0.39773255208333336 0.9377217592592592 0.020463020833333387 0.03755648148148152
0 0.5145697916666666 0.9881805555555557 0.024422916666666634 0.030509259259259302
3 0.8825755208333333 0.7446768518518518 0.22971354166666663 0.4283314814814815
3 0.061081770833333326 0.5046939814814816 0.20133020833333332 0.41072870370370373
3 0.4894854166666666 0.5217101851851852 0.20000833333333332 0.3813907407407408
3 0.38552083333333337 0.20192828703703705 0.18614791666666666 0.24878416666666667
3 0.44031015625 0.9324375 0.18086927083333335 0.21240277777777777
