0 0.6858645833333334 0.4671416666666667 0.009239583333333337 0.02581666666666662
0 0.6290963541666666 0.4847444444444445 0.022442708333333408 0.03051111111111111
0 0.5657291666666666 0.5727578703703705 0.009239583333333337 0.0328583333333333
0 0.5257916666666667 0.5680638888888889 0.03762500000000006 0.018775925925925946
0 0.52546171875 0.6056157407407408 0.03828489583333337 0.03051111111111111
0 0.12544140625 0.04761171296296296 0.02904427083333334 0.019949722222222226
0 0.48849635416666665 0.538725925925926 0.010561458333333343 0.02581666666666662
0 0.42413671875 0.5551546296296297 0.023103645833333353 0.03051111111111111
0 0.5703489583333333 0.46420787037037037 0.017166666666666684 0.03403240740740741
0 0.8284479166666666 0.6267393518518519 0.021125000000000088 0.025817592592592628
0 0.8466015625 0.6560768518518518 0.016505208333333243 0.025816666666666724
0 0.7980833333333334 0.6613578703703703 0.026406250000000023 0.024643518518518526
3 0.6422994791666667 0.4172675925925926 0.11618229166666663 0.21710000000000002
3 0.43766875000000005 0.5064546296296296 0.12541875 0.2311814814814815
3 0.5281026041666667 0.5346189814814816 0.09505520833333338 0.2100583333333334
3 0.8086432291666666 0.6343671296296296 0.10957812499999993 0.1396472222222222
3 0.5459244791666666 0.4178541666666667 0.08317187499999996 0.16429166666666667
3 0.12346145833333333 0.03763688425925926 0.07393124999999999 0.09153382407407407
3 0.44327942708333334 0.9828981481481481 0.09175364583333329 0.11148148148148146
