0 0.25647135416666667 0.2611902777777778 0.01782291666666668 0.0176027777777778
0 0.23732838541666668 0.2787935185185185 0.013861979166666672 0.019949999999999992
0 0.26340234375 0.2793800925925926 0.011881770833333328 0.01877685185185185
0 0.2369984375 0.696562962962963 0.015842708333333337 0.02229629629629623
0 0.19178151041666666 0.696562962962963 0.013861979166666672 0.02464444444444443
0 0.7000598958333333 0.49061203703703704 0.015182291666666714 0.018775925925925946
0 0.7591354166666666 0.47183564814814816 0.019802083333333324 0.016428703703703647
0 0.7310833333333332 0.46420787037037037 0.019145833333333327 0.019949074074074036
0 0.1330328125 0.7933777777777777 0.01782291666666668 0.018775925925925946
0 0.10596875 0.7787087962962963 0.011221874999999996 0.019949074074074143
3 0.22016588541666668 0.6267388888888888 0.09835468750000001 0.2112314814814815
3 0.687515625 0.44191111111111114 0.08383333333333336 0.15138333333333331
3 0.7498958333333334 0.44484490740740745 0.06864583333333331 0.11265648148148152
3 0.12577161458333333 0.7710810185185185 0.0666703125 0.1009212962962963
3 0.2469 0.2623638888888889 0.05808854166666665 0.08801296296296297
