0 0.1459046875 0.6150041666666667 0.02244374999999999 0.014082407407407358
0 0.16966822916666668 0.6431685185185185 0.01320208333333334 0.04928703703703705
0 0.14854505208333332 0.6326069444444445 0.005280729166666671 0.025817592592592628
0 0.14491458333333332 0.6537296296296297 0.007261458333333337 0.03051111111111111
0 0.1287421875 0.6402342592592593 0.006601041666666655 0.02699074074074072
0 0.3046588541666666 0.460100462962963 0.015182291666666655 0.014082407407407412
0 0.29013645833333335 0.4712490740740741 0.009901041666666662 0.015255555555555555
0 0.16273697916666666 0.4542328703703704 0.008581249999999999 0.014082407407407412
0 0.6086328124999999 0.6455152777777778 0.01716145833333336 0.009387962962962973
0 0.6106145833333334 0.6590106481481482 0.018479166666666557 0.01525648148148146
0 0.5888307291666667 0.647275925925926 0.009244791666666667 0.015255555555555555
0 0.2927768229166666 0.5956412037037038 0.00858177083333332 0.019949074074074143
0 0.5142401041666667 0.5991620370370371 0.006601041666666655 0.015255555555555555
0 0.5040088541666666 0.6103097222222222 0.01782291666666668 0.014082407407407464
0 0.4818953125 0.6044425925925926 0.006601041666666655 0.01642962962962955
0 0.4515307291666667 0.6003351851851852 0.007920833333333318 0.015255555555555555
0 0.4261169270833333 0.6103101851851852 0.01254218749999995 0.01642962962962955
0 0.6974192708333333 0.6654648148148148 0.019140625 0.011735185185185166
0 0.6977473958333333 0.6830675925925925 0.013203124999999953 0.016429629629629655
4 0.15118541666666668 0.6637046296296296 0.08449270833333333 0.1373
2 0.30564869791666666 0.5886000000000001 0.038285937500000006 0.06454259259259261
3 0.4990572916666667 0.5944675925925927 0.04488541666666664 0.07627777777777778
3 0.4304078125 0.5915337962962963 0.05412812500000002 0.1056157407407408
3 0.6634244791666667 0.8678953703703705 0.05808854166666665 0.08097222222222226
3 0.6040130208333333 0.627912962962963 0.047526041666666664 0.09622777777777783
3 0.5016971354166666 0.5528078703703704 0.04884531250000001 0.09153425925925923
3 0.6941171875 0.6654652777777778 0.038942708333333326 0.06336944444444452
3 0.151515625 0.4424981481481482 0.03630520833333331 0.05398148148148149
3 0.29772760416666666 0.45892731481481486 0.03960624999999999 0.06336944444444441
