0 0.14689479166666666 0.6132435185185187 0.02046354166666668 0.015255555555555555
0 0.16966822916666668 0.6443416666666667 0.01320208333333334 0.04928703703703705
0 0.14821510416666667 0.6308467592592593 0.005940625000000003 0.024643518518518526
0 0.14491458333333332 0.6531430555555556 0.007261458333333337 0.029337962962962913
0 0.1287421875 0.6414078703703704 0.006601041666666655 0.024643518518518526
0 0.16405729166666666 0.4536462962962963 0.011221874999999996 0.012909259259259266
0 0.6086328124999999 0.6461018518518519 0.018484375000000004 0.01056111111111117
0 0.5894921875 0.6455152777777778 0.009244791666666667 0.014082407407407358
0 0.6106145833333334 0.6590106481481482 0.01584374999999992 0.01525648148148146
0 0.43568828125000003 0.6361273148148148 0.02112343749999995 0.014082407407407358
0 0.5112697916666666 0.6114833333333334 0.012541666666666687 0.016429629629629655
0 0.4878361979166667 0.6167638888888889 0.015842187500000014 0.015255555555555555
0 0.4627526041666667 0.587426851851852 0.006601041666666655 0.015255555555555555
0 0.43502838541666666 0.5927074074074075 0.011881770833333328 0.014081481481481454
0 0.7030286458333334 0.6490356481481482 0.00792187500000002 0.014082407407407358
0 0.6753046875000001 0.6595972222222223 0.00792187500000002 0.01642962962962955
0 0.6977473958333333 0.6666388888888889 0.011880208333333305 0.011735185185185166
4 0.15085546875 0.6637046296296296 0.08515260416666667 0.1373
2 0.43799895833333335 0.6284995370370371 0.03234479166666665 0.0668898148148148
3 0.4983971354166667 0.5985750000000001 0.046205729166666626 0.07979814814814816
3 0.44096927083333337 0.5704106481481481 0.05808854166666671 0.09388055555555563
3 0.6601223958333333 0.8696560185185185 0.05676562500000001 0.0704101851851852
3 0.6040156250000001 0.6279125000000001 0.05016666666666663 0.09388055555555552
3 0.49707760416666663 0.5551550925925927 0.05016770833333333 0.09153425925925923
3 0.6918072916666667 0.6513828703703705 0.046208333333333344 0.06336944444444441
3 0.15184557291666667 0.44132453703703706 0.04092656250000002 0.05867499999999998
