0 0.08220494791666667 0.5029337962962963 0.012542187499999994 0.019949074074074143
0 0.08880624999999999 0.5152560185185185 0.015182291666666669 0.021123148148148137
0 0.05679122395833334 0.5246435185185185 0.019802968750000004 0.018775925925925946
0 0.7934635416666667 0.8667222222222222 0.01452083333333339 0.01994999999999994
0 0.8647526041666665 0.891952314814815 0.01716145833333336 0.021123148148148137
0 0.244259375 0.4994134259259259 0.010561458333333343 0.01760277777777775
0 0.22775703125 0.49413240740740744 0.018482812499999984 0.018775925925925946
0 0.22346640625 0.5111486111111112 0.011221354166666645 0.017602777777777853
0 0.29673750000000004 0.715925925925926 0.02574375 0.018775925925925946
2 0.2993778645833333 0.715925925925926 0.03630572916666666 0.07745185185185188
3 0.06867291666666667 0.49178518518518516 0.071290625 0.10796296296296298
3 0.235678125 0.4923722222222222 0.060729166666666674 0.07627777777777778
3 0.8624427083333334 0.8497060185185186 0.06535416666666667 0.12673981481481472
3 0.7957734375000001 0.8321037037037038 0.06667187499999999 0.13143333333333332
