0 0.1716484375 0.6108967592592592 0.021122916666666686 0.01525648148148146
0 0.19376197916666668 0.6414083333333334 0.012541666666666658 0.05046111111111116
0 0.17296875 0.6284995370370372 0.003960416666666659 0.02229722222222224
0 0.16999817708333334 0.6507958333333334 0.005941145833333354 0.024643518518518526
0 0.15316562499999997 0.6361273148148148 0.006601041666666685 0.025817592592592524
0 0.3967427083333333 0.676026388888889 0.01320208333333331 0.01642870370370375
0 0.37297890625 0.6689856481481482 0.007921354166666698 0.016428703703703647
0 0.4445997395833333 0.538725925925926 0.00858177083333332 0.016429629629629655
0 0.6323984374999999 0.6437550925925926 0.01583854166666671 0.012908333333333362
0 0.6340494791666667 0.6590106481481482 0.015182291666666714 0.01525648148148146
0 0.6129244791666667 0.6466888888888889 0.008578125000000015 0.016429629629629655
0 0.32512187499999995 0.607962962962963 0.011221874999999966 0.018775925925925946
0 0.47694453125 0.7253138888888888 0.012542187500000008 0.016429629629629655
0 0.4878361979166667 0.8291699074074075 0.00924114583333336 0.012908333333333362
0 0.4594518229166667 0.8109800925925926 0.007921354166666639 0.014082407407407358
0 0.46407265625 0.833863888888889 0.01320156249999999 0.015255555555555555
0 0.5997239583333334 0.6009217592592593 0.01121874999999998 0.014082407407407464
0 0.5822291666666667 0.5944675925925927 0.009239583333333337 0.015255555555555555
4 0.17626927083333332 0.6607712962962964 0.08185208333333334 0.1384740740740741
2 0.3363434895833333 0.5997481481481481 0.03762552083333333 0.06102222222222222
3 0.35284609375000003 0.657837037037037 0.04422656250000004 0.07627777777777778
3 0.4769447916666667 0.7018435185185186 0.05874895833333333 0.10796296296296298
3 0.4716638020833333 0.8191949074074074 0.05610885416666663 0.07275833333333329
3 0.6274453125000001 0.6284990740740741 0.05082812499999995 0.09270740740740743
3 0.5918020833333333 0.5856662037037037 0.040270833333333415 0.061023148148148125
3 0.3934419270833333 0.6419949074074074 0.058089062499999976 0.10561574074074069
3 0.43403828124999994 0.5316847222222222 0.037625520833333384 0.05632870370370363
