0 0.3478950520833333 0.5293375000000001 0.014522395833333293 0.025817592592592524
0 0.6673828125 0.40259861111111117 0.01583854166666659 0.02346944444444448
0 0.6403203125 0.38323564814814814 0.023765625000000058 0.019949074074074036
0 0.6307499999999999 0.4090532407407408 0.01782291666666668 0.024643518518518474
0 0.34921536458333335 0.049371990740740744 0.011881770833333328 0.018776203703703705
0 0.7878515625 0.5651296296296295 0.0323489583333334 0.015255555555555555
0 0.8205286458333333 0.568063425925926 0.00792187500000002 0.025817592592592628
0 0.7865312499999999 0.5932939814814816 0.032343750000000074 0.024643518518518526
0 0.6380104166666667 0.6807208333333333 0.007260416666666695 0.021123148148148137
0 0.5838828125000001 0.6953893518518519 0.020463541666666647 0.02933796296296302
0 0.32314140625 0.5545680555555557 0.013861979166666672 0.02229722222222224
0 0.29475703124999997 0.5768648148148149 0.03366510416666664 0.026990740740740825
0 0.10629869791666667 0.6619444444444446 0.019802604166666675 0.028164814814814823
0 0.06405234375 0.6496226851851852 0.017163020833333327 0.024643518518518526
0 0.7363645833333333 0.45305972222222224 0.01121874999999998 0.021123148148148137
0 0.7634270833333333 0.4642078703703704 0.016499999999999914 0.024643518518518582
2 0.2581216145833333 0.3638726851851852 0.05808906250000003 0.1220453703703704
3 0.7901614583333334 0.5363787037037037 0.08185416666666671 0.18072037037037042
3 0.5904817708333333 0.6537300925925926 0.11023437499999993 0.2065379629629629
3 0.2950872395833333 0.5346185185185185 0.0897734375 0.14903518518518516
3 0.08253515625 0.6331935185185186 0.0924140625 0.13495370370370371
3 0.6495598958333333 0.3838226851851852 0.08317187500000003 0.12204537037037035
3 0.33964374999999997 0.47535601851851855 0.10231562500000001 0.187762037037037
3 0.33964374999999997 0.03587662037037037 0.049507291666666654 0.06923712962962963
3 0.7561666666666668 0.4395638888888889 0.06270833333333325 0.11617777777777781
