0 0.2911268229166667 0.26412453703703703 0.018482812499999984 0.014082407407407412
0 0.2973973958333333 0.2840740740740741 0.012541666666666687 0.018775925925925946
0 0.27099348958333336 0.2799666666666667 0.012542187499999979 0.022296296296296283
0 0.22907734374999997 0.6437550925925926 0.015842187499999986 0.024643518518518526
0 0.1861708333333333 0.6443416666666666 0.010561458333333313 0.028164814814814823
0 0.6997291666666666 0.4906115740740741 0.01584375000000004 0.021123148148148245
0 0.74890625 0.47711666666666663 0.021781249999999967 0.019949999999999992
0 0.14260416666666667 0.7869231481481481 0.010561458333333343 0.022296296296296335
0 0.10431822916666667 0.7628666666666667 0.017162499999999997 0.018775925925925946
0 0.10992916666666668 0.7863365740740741 0.017822916666666667 0.023469444444444428
3 0.21488515625 0.6015087962962963 0.09439427083333332 0.16077129629629633
3 0.6786041666666667 0.4372171296296296 0.09769791666666663 0.16077129629629627
3 0.11818046874999999 0.7751884259259261 0.0778921875 0.1020953703703704
3 0.28452578125 0.2676449074074074 0.059408854166666664 0.08918611111111112
3 0.7429635416666667 0.45188611111111116 0.06403125000000003 0.11735185185185192
