0 0.12379114583333334 0.5974013888888889 0.02178333333333334 0.01642870370370375
0 0.17395885416666665 0.6619444444444444 0.005940625000000003 0.04928703703703705
0 0.12379140625000001 0.6279125 0.012542187499999994 0.04928796296296296
0 0.11025937499999999 0.6361273148148148 0.00660104166666667 0.04459351851851847
0 0.08715572916666667 0.6842412037037038 0.007920833333333332 0.05163425925925935
0 0.12874192708333335 0.666638425925926 0.022443229166666672 0.01877685185185185
0 0.38750104166666666 0.6155907407407407 0.010561458333333284 0.015255555555555555
0 0.16669791666666667 0.5680634259259258 0.015182291666666655 0.01642870370370375
0 0.16768802083333334 0.5551546296296297 0.019803124999999994 0.011735185185185166
0 0.44558984375 0.5627824074074075 0.011881770833333328 0.015255555555555555
0 0.4304075520833333 0.5533949074074075 0.00924114583333336 0.017602777777777853
0 0.5729895833333333 0.6320199074074074 0.009239583333333337 0.010562037037036969
0 0.5924609375000001 0.6331935185185185 0.016505208333333243 0.01056111111111117
0 0.5931223958333334 0.6502092592592593 0.013859374999999948 0.011735185185185166
0 0.43073750000000005 0.617937962962963 0.015182291666666655 0.01056111111111117
0 0.43997916666666664 0.7892703703703704 0.01782291666666668 0.01994999999999994
0 0.4115947916666666 0.7875097222222224 0.015182291666666655 0.021123148148148137
0 0.7007161458333333 0.4947194444444445 0.00990104166666678 0.015255555555555555
0 0.6723359375000001 0.5 0.009901041666666662 0.01642962962962955
0 0.4445997395833333 0.6883486111111112 0.00858177083333332 0.012908333333333258
0 0.43634843749999996 0.7082981481481482 0.01320208333333331 0.017601851851851844
0 0.4165455729166666 0.7018435185185186 0.007921354166666639 0.018775925925925946
4 0.12907213541666665 0.6502092592592593 0.09835468749999998 0.14551481481481476
2 0.43172786458333334 0.619111574074074 0.03432552083333332 0.07862499999999997
3 0.42842734375 0.7734277777777778 0.05940885416666669 0.09622777777777772
3 0.6842161458333335 0.4794638888888888 0.0640260416666667 0.09974814814814811
3 0.43271796875 0.6959763888888889 0.046867187500000004 0.061023148148148125
3 0.5861901041666667 0.6144175925925927 0.05280729166666672 0.09270740740740743
3 0.3931119791666666 0.5815587962962963 0.05478854166666664 0.1020953703703704
3 0.4416294270833333 0.5451800925925926 0.038285937500000006 0.06219537037037042
3 0.16669791666666667 0.5516347222222222 0.03234479166666665 0.06336944444444441
