0 0.11917057291666666 0.5997486111111111 0.020463020833333328 0.014082407407407358
0 0.16834817708333333 0.6637050925925927 0.005280729166666671 0.04811388888888886
0 0.11785052083333333 0.6302597222222222 0.012541666666666658 0.05163425925925925
0 0.10398828125 0.6373004629629629 0.007260937499999986 0.03989907407407408
0 0.08088489583333333 0.6848277777777778 0.008581249999999999 0.05280740740740745
0 0.12346119791666667 0.6678120370370371 0.022443229166666672 0.018775925925925946
0 0.39047161458333335 0.5932939814814815 0.011221354166666645 0.012908333333333258
0 0.22610677083333333 0.6678120370370372 0.01914270833333334 0.016429629629629655
0 0.22775703125 0.6824810185185186 0.014522395833333352 0.017602777777777853
0 0.21224479166666665 0.6730925925925927 0.008581249999999999 0.01994999999999994
0 0.5878411458333334 0.6331935185185186 0.01650520833333336 0.012909259259259266
0 0.5885 0.6496222222222223 0.012541666666666628 0.015255555555555555
0 0.5680390625 0.6349537037037037 0.008578124999999895 0.01408148148148156
0 0.4238065104166666 0.6196981481481482 0.015842187500000014 0.011735185185185166
0 0.3693484375 0.715925925925926 0.016502083333333317 0.016429629629629655
0 0.3888213541666667 0.7053643518518519 0.007920833333333318 0.01877685185185185
0 0.7456067708333334 0.4888518518518519 0.009901041666666662 0.015255555555555555
0 0.7178828125 0.5058675925925926 0.009901041666666662 0.01408148148148156
0 0.4373385416666667 0.6742666666666668 0.008581249999999999 0.015255555555555555
0 0.42941744791666664 0.697149537037037 0.009901562499999983 0.01642870370370375
0 0.40862421875 0.6906958333333334 0.007921354166666698 0.01760277777777775
4 0.12247135416666667 0.6496226851851852 0.09967500000000001 0.1373009259259259
2 0.4274369791666666 0.6167643518518519 0.03498541666666668 0.07862499999999997
3 0.37231875 0.6953898148148148 0.04752708333333331 0.08097222222222217
3 0.7291041666666667 0.48357083333333334 0.06798958333333344 0.09153425925925923
3 0.42578697916666663 0.6830675925925925 0.04620729166666664 0.06571666666666671
3 0.5815703125 0.6161773148148149 0.05017187499999996 0.09857500000000001
3 0.40136328125 0.5651300925925926 0.0554484375 0.1020953703703704
3 0.41423515625 0.5252305555555556 0.03894635416666669 0.06454259259259261
3 0.22610677083333333 0.6637050925925927 0.04026562499999997 0.07158425925925929
