0 0.12313125 0.5974013888888889 0.02046354166666668 0.014082407407407358
0 0.1719786458333333 0.6619444444444446 0.005940625000000003 0.05163518518518515
0 0.12247109375 0.6296731481481482 0.01122135416666666 0.05046111111111116
0 0.10794895833333333 0.6367138888888889 0.007261458333333337 0.04342037037037038
0 0.08418541666666667 0.6836541666666668 0.007261458333333337 0.05280833333333335
0 0.12709166666666669 0.6672250000000001 0.021783333333333325 0.01994999999999994
0 0.46539296874999997 0.5909472222222222 0.011881770833333328 0.015255555555555555
0 0.40994453124999997 0.538725925925926 0.007921354166666639 0.014081481481481454
0 0.4122549479166667 0.559849074074074 0.012542187500000008 0.016429629629629655
0 0.5904817708333333 0.6331935185185186 0.016505208333333243 0.012909259259259266
0 0.5921302083333333 0.6490356481481482 0.014520833333333271 0.014082407407407358
0 0.572328125 0.6343671296296296 0.010562499999999985 0.012908333333333362
0 0.42842734375 0.6202847222222223 0.01716302083333332 0.012908333333333362
0 0.33469322916666666 0.6912819444444445 0.01320208333333331 0.014082407407407358
0 0.8347187500000001 0.5111486111111112 0.008583333333333342 0.012908333333333258
0 0.8060026041666667 0.5164291666666667 0.011880208333333423 0.01642870370370375
0 0.539984375 0.7200328703703703 0.007916666666666572 0.01760277777777775
0 0.5472447916666667 0.7329416666666667 0.0066041666666667 0.019950000000000048
4 0.12676171875 0.6490356481481482 0.10033489583333333 0.1361268518518518
2 0.4300776041666667 0.619111574074074 0.03234479166666665 0.07862499999999997
3 0.3247916666666666 0.676026388888889 0.05016770833333333 0.08214537037037035
3 0.5337138020833333 0.7200333333333333 0.03894739583333327 0.06219629629629632
3 0.8159062499999999 0.49178518518518516 0.06733333333333331 0.1009222222222222
3 0.5858619791666667 0.6161773148148149 0.049505208333333425 0.09857500000000001
3 0.45846171874999997 0.5733444444444444 0.06006927083333332 0.09270740740740743
3 0.41522526041666663 0.5451800925925926 0.03432552083333332 0.0668898148148148
3 0.3597768229166667 0.8015921296296296 0.04224635416666664 0.0704101851851852
