0 0.4191859375 0.5176027777777777 0.009241666666666622 0.011735185185185166
0 0.39905286458333333 0.5164291666666667 0.007260937500000016 0.014082407407407358
0 0.6944479166666667 0.9488657407407407 0.0066041666666667 0.029342592592592538
0 0.6498906249999999 0.9089685185185186 0.013864583333333276 0.03168518518518521
0 0.6604531250000001 0.9564953703703705 0.019145833333333327 0.025824074074074062
0 0.6366875000000001 0.913074074074074 0.008583333333333342 0.02581481481481481
0 0.5178708333333333 0.5528078703703704 0.008581249999999999 0.01642870370370375
0 0.5234817708333334 0.5639564814814816 0.00792187500000002 0.015255555555555555
0 0.5023583333333334 0.5668902777777778 0.01320208333333331 0.014082407407407464
0 0.5175395833333333 0.6607712962962964 0.017160416666666657 0.023470370370370437
0 0.7561666666666668 0.49413240740740744 0.005937499999999929 0.011735185185185166
0 0.5736484374999999 0.3867564814814815 0.006598958333333371 0.008214814814814776
0 0.5531848958333333 0.39086342592592593 0.00792187500000002 0.009387962962962973
0 0.7423046874999999 0.4947189814814814 0.009901041666666662 0.010562037037037073
0 0.6690338541666667 0.244174537037037 0.004619791666666729 0.0164287037037037
0 0.84825 0.312825 0.0066041666666667 0.008214814814814776
4 0.6720026041666666 0.2506287037037037 0.02376562499999994 0.03872592592592594
2 0.5040096354166667 0.6525564814814815 0.04818906250000001 0.10796296296296298
3 0.41258489583333335 0.4947189814814815 0.04752708333333331 0.09036018518518518
3 0.5076390624999999 0.5434199074074074 0.04884687499999997 0.08449351851851845
3 0.665734375 0.9341995370370371 0.07722916666666665 0.13143425925925933
3 0.7482473958333333 0.4859180555555556 0.03498437500000004 0.05163425925925925
3 0.5620963541666666 0.3697402777777778 0.04026562500000009 0.0704101851851852
3 0.35416614583333333 0.8279962962962965 0.06931041666666668 0.10678888888888889
3 0.6693645833333334 0.3216263888888889 0.019802083333333324 0.028163888888888867
3 0.850890625 0.30754444444444445 0.018479166666666675 0.025816666666666672
