0 0.52678125 0.6402347222222222 0.009239583333333337 0.01760277777777775
0 0.5584661458333334 0.6490361111111111 0.01320312500000007 0.01877592592592584
0 0.7406536458333334 0.7294212962962963 0.006598958333333371 0.019950000000000048
0 0.7627682291666666 0.7564120370370371 0.016505208333333243 0.01994999999999994
0 0.22742682291666666 0.7716675925925927 0.013861979166666672 0.029337037037037116
0 0.23996901041666666 0.785162962962963 0.009901562499999983 0.025816666666666724
0 0.20927421875000002 0.8045259259259259 0.01848281250000001 0.01994999999999994
0 0.61490625 0.6079629629629629 0.0072604166666665765 0.014081481481481454
0 0.6069843749999999 0.6261527777777777 0.013864583333333395 0.015255555555555555
0 0.5795885416666666 0.6232185185185186 0.009239583333333337 0.016429629629629655
0 0.5082992187500001 0.7910305555555556 0.022443229166666672 0.0352055555555555
0 0.7297630208333333 0.5815587962962963 0.008578125000000015 0.017602777777777853
0 0.7083098958333333 0.5850791666666667 0.019807291666666654 0.01760277777777775
0 0.6786067708333333 0.34627037037037034 0.00792187500000002 0.007040740740740727
0 0.6835546875 0.3544847222222222 0.005942708333333376 0.007041666666666684
0 0.6706848958333333 0.3509638888888889 0.006598958333333253 0.011735185185185166
0 0.5211721354166666 0.40201203703703703 0.008582812500000021 0.010561111111111065
0 0.4967473958333334 0.4090532407407408 0.008581249999999999 0.01290833333333331
0 0.6158958333333333 0.22129120370370373 0.005281249999999934 0.02229722222222221
0 0.8211848958333333 0.2858342592592593 0.00792187500000002 0.008214814814814828
4 0.6211770833333332 0.2259851851851852 0.025083333333333374 0.0434203703703704
2 0.48981718750000003 0.7798819444444445 0.06601145833333337 0.14434166666666667
3 0.54922421875 0.6161773148148149 0.0699682291666667 0.12908611111111112
3 0.6000520833333333 0.6009217592592593 0.05940625000000009 0.1009212962962963
3 0.7594687499999999 0.7264875000000001 0.053468750000000044 0.09857500000000001
3 0.21356484374999998 0.7863365740740741 0.06799010416666666 0.09857500000000001
3 0.5059901041666667 0.3826490740740741 0.049509374999999994 0.08918703703703704
3 0.7139192708333333 0.5663032407407408 0.05082812499999995 0.09036018518518524
3 0.6753046875000001 0.34626990740740743 0.027723958333333344 0.037552777777777796
3 0.8234973958333334 0.28172685185185187 0.01650520833333336 0.023470370370370384
