0 0.5284322916666666 0.20603564814814818 0.00990624999999993 0.015256481481481485
0 0.5049986979166667 0.2160101851851852 0.007921354166666639 0.018775925925925946
0 0.5224903645833333 0.22070462962962964 0.012540104166666665 0.011735185185185192
0 0.29574739583333337 0.254149537037037 0.010561458333333343 0.0176027777777778
0 0.30003802083333336 0.2629509259259259 0.008581249999999999 0.011735185185185218
0 0.28584583333333335 0.26412453703703703 0.009241666666666681 0.014082407407407412
0 0.8231666666666667 0.244174537037037 0.011885416666666752 0.014082407407407412
0 0.6680442708333333 0.3327745370370371 0.009244791666666667 0.01760277777777775
0 0.6601223958333333 0.35155092592592596 0.011880208333333305 0.015255555555555555
0 0.64196875 0.3415763888888889 0.005937499999999929 0.02112314814814819
0 0.5446067708333333 0.4524726851851852 0.027723958333333344 0.019949074074074036
0 0.2891463541666667 0.6056157407407408 0.03696562500000002 0.06571666666666671
0 0.25284088541666666 0.6337800925925927 0.02112343750000001 0.05632870370370363
0 0.2700033854166667 0.6419949074074075 0.022443229166666672 0.06806388888888891
0 0.21587526041666666 0.6789601851851853 0.015842187500000014 0.09974814814814811
0 0.9413255208333333 0.07284217592592593 0.011880208333333305 0.021123240740740734
0 0.8782864583333333 0.08809800925925926 0.012541666666666628 0.011735462962962965
0 0.7733281249999999 0.332775 0.013864583333333276 0.015255555555555555
0 0.7541875 0.31693240740740747 0.013864583333333276 0.016429629629629603
0 0.7495651041666667 0.3286675925925926 0.013859375000000066 0.018775925925925946
0 0.5789296875000001 0.2641240740740741 0.010557291666666658 0.011735185185185218
0 0.5693567708333334 0.25649629629629633 0.009901041666666662 0.015255555555555555
0 0.5644062499999999 0.26412453703703703 0.009239583333333337 0.014082407407407412
0 0.5162192708333334 0.3110648148148148 0.01451979166666669 0.011735185185185166
0 0.4551614583333334 0.9518009259259261 0.015182291666666655 0.028157407407407485
0 0.5016984375 0.9858333333333335 0.023763541666666655 0.03755555555555551
1 0.24557968749999998 0.5604356481481483 0.033005208333333334 0.019949074074074036
1 0.24161927083333332 0.5932939814814815 0.036965624999999995 0.043419444444444365
1 0.21686536458333333 0.5821458333333334 0.012542187500000008 0.05163425925925925
3 0.51193046875 0.28994166666666665 0.0521494791666667 0.08214629629629626
3 0.2931067708333333 0.2576699074074074 0.034324999999999994 0.05280833333333335
3 0.5181997395833333 0.20896944444444446 0.040923437499999986 0.05867592592592593
3 0.5739791666666666 0.25532314814814816 0.034989583333333366 0.0504611111111111
3 0.6568203125000001 0.33746898148148147 0.04356770833333338 0.06454351851851851
3 0.762109375 0.31458564814814816 0.053468749999999926 0.08683981481481486
3 0.8403281249999999 0.22363842592592592 0.06601041666666667 0.08566574074074072
3 0.4792546875 0.9236374999999999 0.10033437500000003 0.1783731481481481
2 0.8763046875 0.08340388888888889 0.023098958333333405 0.03989962962962963
2 0.53767421875 0.43428379629629627 0.050828645833333394 0.09857499999999997
4 0.9452838541666667 0.07342916666666667 0.03696354166666668 0.05280833333333333
4 0.27462421875 0.6895217592592593 0.1439015625 0.2804694444444444
