1 0.23501822916666668 0.540486111111111 0.034324999999999994 0.022296296296296335
1 0.23039739583333332 0.5739310185185185 0.03960624999999999 0.03989907407407408
1 0.20762395833333336 0.5663032407407408 0.01782291666666665 0.04576759259259257
0 0.2822151041666666 0.5880134259259259 0.041586458333333305 0.0704101851851852
0 0.24524973958333332 0.6132439814814815 0.024423437500000016 0.05984907407407403
0 0.20597369791666667 0.6625310185185186 0.01848281250000001 0.1020953703703703
0 0.6274479166666667 0.41140000000000004 0.02442708333333338 0.019949999999999992
0 0.8466015625 0.24241435185185187 0.009901041666666662 0.012908333333333362
0 0.821515625 0.22715879629629632 0.008583333333333342 0.015256481481481485
0 0.6898281249999999 0.3310148148148148 0.010562499999999985 0.018775925925925894
0 0.684546875 0.34861712962962965 0.01584375000000004 0.011734259259259262
0 0.6650729166666667 0.3398162037037037 0.008583333333333342 0.0176027777777778
0 0.5327239583333333 0.1925402777777778 0.009239583333333337 0.0164287037037037
0 0.526121875 0.20779583333333335 0.011881249999999947 0.014082407407407412
0 0.5082992187500001 0.20427546296296298 0.007921354166666639 0.01877685185185185
0 0.29607734374999994 0.24241435185185187 0.007260937499999957 0.012908333333333362
0 0.3086192708333333 0.24300138888888892 0.011221875000000025 0.014082407407407412
0 0.5271127604166667 0.853813425925926 0.02178489583333333 0.03403240740740741
0 0.483215625 0.8309300925925927 0.017162499999999997 0.037552777777777796
0 0.49212682291666665 0.26236388888888884 0.007260937500000016 0.019949999999999992
0 0.51093984375 0.272925462962963 0.011881770833333328 0.012908333333333362
0 0.5310729166666667 0.3621125 0.007260416666666695 0.01760277777777775
0 0.5446041666666667 0.3621125 0.018479166666666675 0.010562037037037073
0 0.5459244791666666 0.37795509259259263 0.0145260416666666 0.014082407407407412
0 0.7545182291666668 0.3093046296296296 0.01716145833333336 0.012909259259259266
0 0.7538567708333335 0.32103981481481486 0.01716145833333336 0.015255555555555555
0 0.952875 0.06697462962962963 0.012541666666666628 0.028164259259259267
2 0.8789453125 0.08281685185185185 0.023098958333333287 0.038725555555555555
2 0.6175442708333333 0.3967310185185185 0.05082812499999995 0.09857500000000001
4 0.9578281249999999 0.06756138888888889 0.03564583333333336 0.055155
4 0.26637265625 0.6707453703703704 0.15512343750000002 0.29689814814814813
3 0.8396692708333333 0.21307685185185185 0.0633697916666667 0.1044425925925926
3 0.7522083333333334 0.29756944444444444 0.042906250000000055 0.09505370370370372
3 0.6789348958333333 0.3333615740740741 0.04158854166666662 0.06102314814814818
3 0.5432864583333334 0.36035231481481483 0.04092708333333336 0.0704101851851852
3 0.5053278645833333 0.8168481481481481 0.10231302083333335 0.18072037037037036
3 0.5215002604166666 0.1948875 0.039603645833333326 0.05163425925925925
3 0.30597890625 0.23713379629629633 0.03102447916666667 0.04693981481481481
3 0.5066494791666667 0.2512157407407407 0.04686770833333333 0.07979814814814815
