0 0.27594427083333334 0.6103101851851852 0.007920833333333377 0.05398148148148144
0 0.22808723958333332 0.5762782407407407 0.009901562499999983 0.04928796296296296
0 0.21356510416666666 0.5891865740740742 0.008581249999999999 0.044593518518518574
0 0.22610677083333333 0.5428333333333334 0.02574375 0.010561111111111065
0 0.23237760416666664 0.617937962962963 0.019803124999999994 0.01994999999999994
4 0.23237786458333334 0.5968143518518519 0.09901510416666669 0.13260648148148152
0 0.19013125 0.6314333333333333 0.009241666666666652 0.06102222222222222
0 0.41720572916666665 0.5663032407407408 0.021122916666666686 0.017602777777777853
2 0.42050625 0.559849074074074 0.033005208333333334 0.06337037037037031
0 0.5350338541666666 0.7106453703703705 0.01122395833333331 0.01994999999999994
0 0.5112690104166667 0.7012569444444445 0.020461979166666627 0.010562037037037073
0 0.5082994791666666 0.7165129629629631 0.019803125000000026 0.015255555555555555
0 0.3412942708333333 0.6948027777777778 0.017162499999999997 0.01877592592592584
0 0.34624479166666666 0.7129921296296297 0.012541666666666687 0.01525648148148146
0 0.32380156250000003 0.7053643518518519 0.012541666666666687 0.01877685185185185
0 0.3013580729166667 0.7652134259259259 0.011221354166666645 0.01642870370370375
0 0.27891458333333335 0.7569986111111111 0.011221874999999966 0.016428703703703647
0 0.3617572916666667 0.42548240740740745 0.007920833333333318 0.015255555555555555
0 0.34228437500000003 0.4360435185185186 0.01782291666666668 0.015255555555555555
0 0.5030184895833333 0.48005046296296305 0.011881770833333328 0.014082407407407358
0 0.904359375 0.32338657407407406 0.00791666666666669 0.01760277777777775
0 0.8901666666666666 0.3163458333333333 0.01782291666666668 0.012908333333333362
0 0.8871979166666667 0.3304277777777778 0.014520833333333271 0.012909259259259266
3 0.34789531250000005 0.4202013888888889 0.04092604166666671 0.061023148148148125
3 0.3353533854166667 0.6930421296296296 0.0554484375 0.07862499999999997
3 0.5165497395833333 0.6895222222222223 0.060067187500000035 0.1044425925925926
3 0.29376692708333335 0.7417430555555555 0.051488020833333314 0.07510462962962969
3 0.8941276041666666 0.31575879629629633 0.04026562500000009 0.06336944444444441
3 0.5314036458333333 0.6730930555555555 0.04884895833333337 0.09036018518518524
3 0.49971796874999996 0.48063703703703703 0.03300468750000001 0.05280740740740745
3 0.40169322916666667 0.4061189814814815 0.028384375000000024 0.05163425925925925
