0 0.2828755208333334 0.6144171296296297 0.008581249999999999 0.05280833333333335
0 0.234028125 0.578625462962963 0.015182291666666655 0.05163425925925925
0 0.22115598958333335 0.5886 0.007921354166666669 0.04342037037037038
0 0.1970625 0.6320199074074074 0.008581249999999999 0.05984907407407403
0 0.23831848958333335 0.617350925925926 0.022443229166666672 0.018775925925925946
0 0.23303776041666666 0.5451805555555557 0.02112343750000001 0.015255555555555555
4 0.23963880208333332 0.6003351851851851 0.10033489583333331 0.12791296296296292
0 0.4231463541666667 0.5680634259259258 0.019803125000000026 0.01642870370370375
2 0.42743697916666673 0.5621958333333333 0.03234479166666665 0.06806388888888891
0 0.5142403645833333 0.7323550925925926 0.009241145833333301 0.01877685185185185
0 0.5056588541666667 0.7458504629629629 0.009241666666666622 0.02229722222222224
0 0.5356927083333333 0.7974847222222222 0.013864583333333276 0.01760277777777775
0 0.5254617187499999 0.6660513888888889 0.01320156249999999 0.01760277777777775
0 0.3082890625 0.7663870370370371 0.01320208333333337 0.016429629629629655
0 0.28650572916666667 0.755825462962963 0.010561458333333343 0.021123148148148137
0 0.5449348958333333 0.5217097222222222 0.009901041666666662 0.01760277777777775
0 0.529421875 0.5146689814814814 0.019802083333333324 0.01760277777777775
0 0.5267838541666666 0.5293375000000001 0.011880208333333364 0.014082407407407358
0 0.9716901041666667 0.3398157407407407 0.013203124999999953 0.015255555555555555
0 0.9601380208333334 0.3298412037037038 0.013859374999999948 0.014082407407407412
0 0.9528776041666667 0.3404027777777778 0.01122395833333331 0.016429629629629655
0 0.42116614583333334 0.36739305555555557 0.010561458333333343 0.014082407407407412
0 0.40235338541666665 0.3703273148148148 0.009901562499999983 0.01290833333333331
0 0.3990528645833333 0.35331111111111113 0.00858177083333332 0.011735185185185218
0 0.38156015625 0.41316018518518516 0.018482812500000043 0.014081481481481507
0 0.36307734375 0.4061194444444445 0.007921354166666639 0.018775925925925894
3 0.9673984375 0.33101435185185185 0.04158854166666662 0.06336944444444441
3 0.5340421875000001 0.5129083333333334 0.044884375 0.07275740740740738
3 0.5264515625 0.6302592592592593 0.056107291666666725 0.09622777777777783
3 0.5300817708333333 0.7294212962962964 0.0633677083333333 0.09505370370370372
3 0.5310716145833333 0.7787087962962963 0.04554427083333342 0.06454351851851851
3 0.301028125 0.7411564814814816 0.047527083333333366 0.069237037037037
3 0.37858984374999993 0.40259861111111117 0.04950781249999997 0.06806388888888885
3 0.40961458333333334 0.3574185185185185 0.04290625 0.05750185185185183
