0 0.9027083333333332 0.3996648148148148 0.016500000000000032 0.015255555555555555
0 0.7914817708333333 0.5340314814814815 0.006598958333333371 0.018775925925925946
0 0.7842213541666666 0.5440064814814816 0.00792187500000002 0.022296296296296335
0 0.805015625 0.5481138888888889 0.01782291666666668 0.016429629629629655
0 0.5396536458333333 0.6261523148148148 0.013859375000000007 0.012908333333333362
0 0.5752994791666666 0.7634527777777778 0.01122395833333331 0.015255555555555555
0 0.5568151041666667 0.7587592592592594 0.009901041666666662 0.015255555555555555
0 0.5541770833333333 0.7323550925925927 0.008583333333333342 0.014082407407407358
0 0.08220520833333333 0.8637879629629631 0.011221874999999996 0.023470370370370437
0 0.07593411458333332 0.883737962962963 0.0158421875 0.011735185185185166
0 0.33832369791666667 0.7235537037037038 0.01254218749999995 0.019950000000000048
0 0.17659947916666668 0.6689856481481482 0.008581249999999999 0.016428703703703647
0 0.16966822916666666 0.6842407407407408 0.015842708333333337 0.011735185185185166
0 0.10167786458333333 0.578038425925926 0.00924114583333333 0.01525648148148146
0 0.08385520833333333 0.5803856481481482 0.013202083333333324 0.012908333333333362
2 0.9030390625 0.3937972222222223 0.02904687499999999 0.0504611111111111
3 0.8033645833333334 0.5281643518518518 0.048843749999999984 0.08214537037037035
3 0.5383351562500001 0.6003351851851851 0.05082968750000004 0.09740185185185182
3 0.5660572916666666 0.7528916666666667 0.04158333333333329 0.06454259259259261
3 0.33205286458333333 0.69715 0.062049479166666664 0.11500370370370366
3 0.16702786458333332 0.6730930555555557 0.040926562500000006 0.05515462962962964
3 0.08748567708333332 0.5745180555555555 0.044226562500000004 0.05984907407407413
3 0.07395369791666666 0.8673087962962963 0.047526979166666664 0.0657157407407407
3 0.5667187499999999 0.7188597222222223 0.04290624999999994 0.06219537037037031
