0 0.51325 0.40846620370370373 0.011221874999999966 0.011734259259259262
0 0.5026885416666667 0.3967314814814815 0.011221874999999966 0.011735185185185218
0 0.4970776041666667 0.40611898148148157 0.006601041666666655 0.014082407407407412
0 0.5033484375 0.7082981481481482 0.008581249999999999 0.019950000000000048
0 0.4898166666666666 0.7100583333333335 0.014521875000000031 0.01173518518518527
0 0.4901466145833333 0.7241402777777778 0.01650260416666664 0.014082407407407464
0 0.4710036458333333 0.42313518518518517 0.008581249999999999 0.010561111111111117
0 0.46671302083333327 0.43780416666666666 0.010561458333333284 0.014082407407407412
0 0.45021067708333334 0.43721712962962966 0.009241145833333301 0.01760277777777775
0 0.5277716145833333 0.6807208333333333 0.017821354166666716 0.014082407407407464
0 0.5442760416666667 0.6860013888888888 0.008583333333333342 0.02229722222222224
0 0.5277729166666667 0.6994967592592592 0.015183333333333356 0.014082407407407464
0 0.45912213541666663 0.755825462962963 0.013861979166666672 0.025817592592592524
0 0.43139765625 0.7669736111111112 0.020463020833333328 0.01760277777777775
0 0.3528458333333333 0.6689851851851852 0.008581249999999999 0.018775925925925946
0 0.32545156249999996 0.6713324074074074 0.01320208333333337 0.01642962962962955
0 0.053160546875 0.5844925925925926 0.02178307291666667 0.016429629629629655
2 0.05613098958333333 0.5762782407407407 0.03960572916666667 0.061023148148148125
3 0.5106106770833333 0.4008384259259259 0.040268229166666634 0.062195370370370366
3 0.4637427083333333 0.4278291666666667 0.04158645833333333 0.057502777777777785
3 0.3307325520833333 0.6490356481481482 0.06600989583333335 0.11031018518518518
3 0.4393190104166667 0.7393962962962963 0.061389062500000036 0.10796296296296289
3 0.4927869791666667 0.7135787037037037 0.04686666666666669 0.07041111111111109
3 0.53008203125 0.6801337962962963 0.04356510416666666 0.07158425925925929
3 0.04259903645833333 0.40494583333333334 0.05874880208333333 0.07979907407407406
