0 0.947265625 0.3022638888888889 0.02244791666666662 0.015255555555555555
0 0.4346981770833333 0.6719189814814815 0.011221354166666704 0.01760277777777775
0 0.41753567708333333 0.6842412037037038 0.013861979166666672 0.014082407407407464
0 0.3997130208333333 0.696562962962963 0.013862499999999993 0.019950000000000048
0 0.4013630208333333 0.7241402777777778 0.01320208333333337 0.016428703703703647
0 0.3719888020833333 0.7282476851851851 0.0165026041666667 0.019949074074074036
0 0.15976666666666667 0.717099537037037 0.015842708333333337 0.01642870370370375
0 0.5937812499999999 0.6730930555555555 0.012541666666666628 0.017602777777777853
0 0.5904817708333333 0.6942162037037037 0.013859374999999948 0.01760277777777775
0 0.5696875000000001 0.6901087962962963 0.010562499999999985 0.01877685185185185
0 0.4488903645833333 0.41140000000000004 0.007921354166666698 0.015255555555555555
0 0.4383286458333333 0.4260689814814815 0.01320208333333331 0.014082407407407412
3 0.44129921875 0.41316018518518516 0.03762552083333333 0.049287037037037004
3 0.16240703125 0.6912819444444445 0.06865052083333333 0.09857500000000001
3 0.38816119791666664 0.7018439814814816 0.062049479166666664 0.09388055555555552
3 0.42809739583333334 0.6642916666666666 0.04158645833333333 0.07275740740740749
3 0.5812421875 0.6807208333333333 0.04026562500000009 0.07510462962962969
2 0.9479270833333333 0.2969824074074074 0.030364583333333427 0.05398148148148149
