0 0.9541953125 0.3990782407407408 0.019140625 0.014082407407407412
0 0.24722994791666666 0.6167638888888889 0.013861979166666642 0.015255555555555555
0 0.17098854166666666 0.657837037037037 0.01320208333333331 0.015255555555555555
0 0.17461901041666666 0.6707458333333334 0.00858177083333335 0.01760277777777775
0 0.15514609375 0.676613425925926 0.01320156249999999 0.012908333333333258
0 0.09870755208333333 0.8725893518518519 0.016502604166666667 0.017602777777777853
0 0.077584375 0.8667217592592593 0.008581249999999999 0.017602777777777853
0 0.8703645833333332 0.6660518518518519 0.0072604166666665765 0.015255555555555555
0 0.8383489583333333 0.7012569444444445 0.011885416666666633 0.010562037037037073
0 0.8208567708333333 0.6936291666666667 0.009901041666666662 0.01877685185185185
0 0.813265625 0.5487009259259259 0.01452083333333339 0.015255555555555555
0 0.7941223958333334 0.5357916666666667 0.014526041666666718 0.015255555555555555
0 0.789171875 0.5481138888888889 0.013864583333333276 0.016429629629629655
0 0.5386640625000001 0.6144171296296297 0.01320312500000007 0.012908333333333362
2 0.09804739583333333 0.6906958333333334 0.03894583333333334 0.0715842592592592
2 0.9561770833333334 0.3937972222222223 0.029708333333333434 0.0504611111111111
3 0.8046848958333332 0.5275773148148148 0.05280729166666672 0.08566574074074075
3 0.8327395833333334 0.6860013888888888 0.03894791666666665 0.06219537037037031
3 0.5393252604166666 0.5868398148148148 0.05413072916666669 0.1032685185185185
3 0.24227916666666668 0.597987962962963 0.05412812499999999 0.08566666666666665
3 0.1660375 0.6660518518518519 0.045546874999999994 0.05750185185185183
3 0.09408671875 0.8608546296296297 0.046867187500000004 0.06454259259259261
3 0.8822447916666666 0.6549032407407407 0.03894791666666665 0.05632870370370363
