0 0.8617838541666667 0.40201203703703703 0.01650520833333336 0.015255555555555555
0 0.8152473958333334 0.5252305555555556 0.01716145833333336 0.010561111111111065
0 0.8149166666666666 0.5393125 0.016500000000000032 0.010562037037036969
0 0.8297682291666666 0.618524537037037 0.010557291666666658 0.01642870370370375
0 0.8119453124999999 0.6126569444444444 0.011880208333333305 0.01642870370370375
0 0.8017135416666666 0.775775 0.01121874999999998 0.01642962962962955
0 0.7822395833333333 0.7669736111111112 0.009239583333333337 0.01760277777777775
0 0.7822421875 0.7499574074074074 0.013203124999999953 0.01173518518518527
0 0.6703541666666666 0.6683986111111111 0.01121874999999998 0.019949074074074143
0 0.17989973958333336 0.6549037037037038 0.009901562500000013 0.01877592592592584
0 0.17230859375 0.6742666666666668 0.014522395833333323 0.015255555555555555
0 0.086165625 0.8590944444444445 0.008581249999999999 0.018775925925925946
0 0.07692421875 0.8790439814814816 0.016502604166666667 0.014082407407407358
3 0.8149166666666666 0.5158421296296297 0.03894791666666665 0.07862499999999997
3 0.8182161458333332 0.6044425925925926 0.04291145833333339 0.0657166666666666
3 0.7914817708333333 0.7599328703703704 0.04620312500000002 0.07158425925925929
3 0.6786067708333333 0.6525564814814815 0.0633697916666667 0.09388148148148143
3 0.17032838541666664 0.6642916666666666 0.040926562500000006 0.05867592592592593
3 0.07428380208333334 0.8596810185185185 0.04950739583333332 0.06219537037037042
2 0.8624427083333333 0.3949708333333333 0.0270624999999999 0.045767592592592624
