0 0.6924661458333333 0.5938810185185185 0.011880208333333305 0.01642870370370375
0 0.6726640624999999 0.5921203703703704 0.006598958333333253 0.02229629629629623
0 0.7832291666666666 0.7904439814814814 0.012541666666666628 0.02229722222222224
0 0.8135963541666666 0.8156745370370371 0.020463541666666647 0.014082407407407464
0 0.837359375 0.7528916666666667 0.013864583333333276 0.015255555555555555
0 0.8145859375000001 0.7276611111111112 0.014526041666666718 0.011735185185185166
0 0.6271171875 0.5610222222222222 0.018484375000000004 0.011735185185185166
0 0.6317369791666666 0.578038425925926 0.018484375000000004 0.017602777777777853
0 0.9779609374999999 0.559849074074074 0.013859374999999948 0.016429629629629655
0 0.9637682291666666 0.5475273148148149 0.010557291666666658 0.017602777777777853
0 0.9532083333333332 0.558088425925926 0.010562499999999985 0.01760277777777775
0 0.8112838541666666 0.657250462962963 0.011880208333333305 0.01642870370370375
0 0.7796015625 0.6531430555555556 0.011880208333333305 0.019949074074074143
0 0.23171770833333336 0.43076296296296296 0.009241666666666652 0.011735185185185166
0 0.22709713541666665 0.4618611111111111 0.011881770833333328 0.015255555555555555
0 0.20432369791666669 0.44895231481481485 0.009901562500000013 0.015256481481481511
0 0.8822473958333333 0.34098935185185186 0.015182291666666714 0.02229722222222224
2 0.8898359375 0.33922916666666664 0.0330052083333334 0.07275833333333334
3 0.21983567708333332 0.44484490740740745 0.04620677083333333 0.06806388888888891
3 0.6914765625 0.5821458333333334 0.0455468749999999 0.06806388888888891
3 0.7961041666666666 0.6279125000000001 0.0646874999999999 0.12439166666666664
3 0.8023723958333332 0.7781217592592593 0.06139062500000006 0.10561574074074069
3 0.9720182291666667 0.5539814814814814 0.05478645833333324 0.07510555555555548
3 0.6234869791666666 0.5369657407407408 0.05346354166666671 0.10678888888888899
3 0.8297682291666666 0.7405699074074074 0.04884895833333332 0.07510462962962958
3 0.37759947916666664 0.49413240740740744 0.060729166666666674 0.11500370370370372
