0 0.5713541666666666 0.8273148148148148 0.013541666666666667 0.017592592592592594
0 0.8401041666666667 0.8981481481481481 0.009375 0.020370370370370372
0 0.8716145833333333 0.9189814814814815 0.015104166666666667 0.019444444444444445
0 0.6546875 0.8615740740740742 0.010416666666666666 0.02314814814814815
0 0.6184895833333334 0.8657407407407408 0.015104166666666667 0.020370370370370372
0 0.99375 0.8111111111111111 0.0125 0.022222222222222223
0 0.98046875 0.7930555555555556 0.011979166666666666 0.02314814814814815
0 0.9736979166666666 0.8027777777777778 0.009895833333333333 0.022222222222222223
0 0.128125 0.47453703703703703 0.0125 0.021296296296296296
0 0.11067708333333333 0.46990740740740744 0.018229166666666668 0.017592592592592594
0 0.10651041666666666 0.4847222222222222 0.015104166666666667 0.017592592592592594
3 0.5786458333333333 0.7935185185185185 0.065625 0.13333333333333333
3 0.6268229166666667 0.8291666666666667 0.07239583333333333 0.13425925925925927
3 0.8624999999999999 0.8949074074074075 0.059375 0.08425925925925926
3 0.9822916666666667 0.800462962962963 0.035416666666666666 0.08055555555555556
3 0.11848958333333333 0.4666666666666667 0.06197916666666667 0.07777777777777778
