0 0.5268229166666667 0.825925925925926 0.015104166666666667 0.016666666666666666
0 0.8247395833333333 0.9115740740740741 0.015104166666666667 0.021296296296296296
0 0.7921875 0.8907407407407407 0.008333333333333333 0.024074074074074074
0 0.61015625 0.8583333333333334 0.009895833333333333 0.018518518518518517
0 0.5747395833333333 0.8615740740740742 0.0140625 0.019444444444444445
0 0.9914062499999999 0.8046296296296297 0.015104166666666667 0.018518518518518517
0 0.9778645833333334 0.788425925925926 0.013020833333333334 0.021296296296296296
0 0.9700520833333334 0.8009259259259259 0.008854166666666666 0.02592592592592593
0 0.07890625 0.47870370370370374 0.013020833333333334 0.016666666666666666
0 0.06015625 0.47500000000000003 0.019270833333333334 0.018518518518518517
0 0.05546875 0.49259259259259264 0.0140625 0.018518518518518517
3 0.98046875 0.7944444444444445 0.0390625 0.07962962962962963
3 0.8143229166666667 0.8875000000000001 0.05572916666666666 0.08796296296296297
3 0.5361979166666666 0.7939814814814815 0.06927083333333334 0.13425925925925927
3 0.5822916666666667 0.8287037037037037 0.06979166666666667 0.13518518518518519
3 0.06979166666666667 0.4726851851851852 0.06354166666666666 0.075
