2 0.14260416666666667 0.5997486111111111 0.07525104166666667 0.12439166666666664
0 0.9102994791666666 0.29287546296296296 0.021119791666666644 0.019949074074074036
0 0.9208619791666666 0.31693240740740747 0.018484375000000004 0.023470370370370384
0 0.8779557291666666 0.2987430555555555 0.02904687499999999 0.024643518518518526
0 0.5178697916666666 0.7235537037037038 0.016499999999999973 0.02229629629629623
0 0.45549140625 0.7253143518518519 0.019802604166666644 0.021123148148148137
0 0.10332812499999999 0.20896944444444446 0.019142708333333328 0.023470370370370357
0 0.29211692708333337 0.8068726851851852 0.03366510416666664 0.01760277777777775
0 0.2954171875 0.8414916666666666 0.01914270833333334 0.02581666666666662
0 0.09837760416666666 0.3263208333333334 0.017162499999999997 0.02112314814814819
3 0.2907966145833333 0.8004185185185185 0.07327135416666666 0.138474074074074
3 0.11686015625000001 0.312825 0.07921197916666667 0.10678888888888889
3 0.09012604166666667 0.18549907407407407 0.062709375 0.09153333333333333
3 0.8891770833333333 0.27996712962962966 0.10826041666666673 0.13260648148148146
3 0.4881658854166667 0.6901087962962963 0.13267864583333336 0.18306759259259256
