2 0.28551562500000005 0.6455152777777778 0.06666979166666664 0.11735092592592586
0 0.9367031249999999 0.3685671296296297 0.03036458333333331 0.014082407407407412
0 0.936703125 0.39086388888888896 0.03168750000000008 0.023470370370370384
0 0.62315625 0.7276611111111112 0.011885416666666633 0.028164814814814823
0 0.5786015624999999 0.7341152777777779 0.020463541666666647 0.024643518518518526
0 0.39476223958333334 0.8250625 0.03168489583333335 0.01877685185185185
0 0.3993828125 0.8555736111111112 0.017162499999999997 0.023469444444444428
0 0.6677135416666666 0.5739314814814815 0.021781250000000085 0.023470370370370332
0 0.6786041666666667 0.5950546296296296 0.014520833333333271 0.023470370370370332
0 0.6432916666666666 0.5921208333333333 0.01782291666666668 0.024643518518518526
3 0.39377213541666667 0.8197814814814816 0.06138906249999998 0.12321851851851855
3 0.6535208333333333 0.5733444444444444 0.0778958333333333 0.10913703703703699
3 0.5941119791666667 0.7088847222222223 0.10957812500000005 0.17837314814814817
3 0.9340625 0.3521375 0.06996874999999995 0.11735092592592591
