0 0.9030390625 0.391450462962963 0.018484375000000004 0.012908333333333362
2 0.9020468749999999 0.38440925925925923 0.023104166666666613 0.045766666666666664
2 0.028736979166666666 0.6619444444444446 0.031024687499999995 0.05867592592592593
0 0.02840692708333333 0.6707453703703704 0.021123229166666663 0.015255555555555555
0 0.19772239583333331 0.4067055555555556 0.011221874999999996 0.015255555555555555
0 0.2033333333333333 0.4143333333333334 0.009241666666666652 0.011735185185185218
0 0.18419036458333332 0.4137472222222222 0.014522395833333323 0.015255555555555555
0 0.2000328125 0.6144171296296297 0.007920833333333318 0.01760277777777775
0 0.1759390625 0.617350925925926 0.011221875000000025 0.016429629629629655
0 0.04193895833333333 0.49530601851851846 0.012541875 0.01642870370370375
0 0.04886997395833333 0.5070412037037036 0.009241302083333337 0.01642870370370375
0 0.029397083333333334 0.5082143518518518 0.013862083333333334 0.01642870370370375
0 0.5901536458333332 0.7000837962962964 0.01716145833333336 0.012908333333333362
0 0.5944427083333332 0.7129921296296297 0.012541666666666628 0.017602777777777853
0 0.5782708333333334 0.7082981481481482 0.010562499999999985 0.019950000000000048
0 0.3908015625 0.7147523148148148 0.007920833333333318 0.014082407407407464
0 0.38222031250000005 0.7294212962962963 0.014521874999999972 0.017601851851851844
0 0.7835625 0.5369652777777778 0.009239583333333337 0.012908333333333362
0 0.7941223958333333 0.5487009259259259 0.011880208333333305 0.015255555555555555
0 0.50367890625 0.7311814814814814 0.011881770833333328 0.016429629629629655
0 0.47958515625 0.7317685185185185 0.009901562499999983 0.022296296296296335
0 0.7010494791666666 0.7106453703703705 0.007921874999999901 0.015255555555555555
3 0.7918125 0.5363787037037037 0.03498958333333325 0.05398148148148144
3 0.7073177083333333 0.6930421296296296 0.0336666666666666 0.05984907407407403
3 0.5848723958333333 0.6989101851851852 0.042244791666666615 0.06219629629629632
3 0.49608854166666666 0.7094712962962963 0.06403125000000003 0.09270740740740743
3 0.38156015625 0.7165125 0.038285937500000006 0.05984907407407413
3 0.17989973958333336 0.6044421296296296 0.049507812500000005 0.08683981481481486
3 0.03434783854166667 0.49765277777777783 0.040926197916666664 0.05398148148148149
3 0.18848098958333334 0.40377222222222225 0.04422656250000001 0.06102222222222222
