0 0.7934635416666665 0.6989101851851852 0.010562499999999985 0.019950000000000048
0 0.7875234375 0.7100587962962963 0.00792187500000002 0.021123148148148137
0 0.8122760416666668 0.7165129629629631 0.013864583333333395 0.015255555555555555
0 0.8479192708333334 0.39321064814814816 0.015182291666666596 0.014082407407407412
2 0.8469322916666667 0.3873430555555556 0.025083333333333374 0.04693981481481481
0 0.19871250000000001 0.40787962962962965 0.010561458333333313 0.015255555555555555
0 0.20366328125 0.41668055555555555 0.012542187500000008 0.011735185185185166
0 0.18452057291666665 0.4137472222222222 0.01782239583333333 0.015255555555555555
0 0.20201302083333333 0.5868398148148148 0.01320208333333334 0.014081481481481454
0 0.22643671875000002 0.578625 0.011881770833333357 0.018775925925925946
0 0.040618776041666665 0.4953055555555556 0.012541927083333333 0.01173518518518527
0 0.046889609375 0.5035203703703703 0.01056140625 0.016429629629629655
0 0.0300571875 0.5082143518518518 0.01386208333333333 0.01642870370370375
0 0.36472786458333334 0.7399828703703705 0.009901562499999983 0.01760277777777775
0 0.3452546875 0.7423300925925926 0.010561458333333343 0.01760277777777775
0 0.5023583333333334 0.7446773148148148 0.010561458333333343 0.01760277777777775
0 0.8093046875 0.5563282407407407 0.011880208333333305 0.014082407407407358
0 0.8000624999999999 0.5440069444444445 0.010562499999999985 0.012908333333333362
0 0.21323489583333333 0.7435032407407408 0.009241666666666681 0.02229722222222224
0 0.18650078125 0.7540652777777778 0.013861979166666672 0.01760277777777775
0 0.8548515625 0.6161773148148149 0.00792187500000002 0.016428703703703647
0 0.8475911458333333 0.6279125000000001 0.013203124999999953 0.014082407407407358
3 0.8069947916666665 0.5428333333333334 0.03630208333333336 0.06219629629629632
3 0.8429687499999999 0.6167643518518519 0.040927083333333295 0.050460185185185254
0 0.8300989583333332 0.6243921296296296 0.007260416666666695 0.01642870370370375
3 0.8073255208333333 0.6948027777777778 0.05280729166666672 0.08214629629629626
3 0.3511958333333334 0.7335287037037037 0.04092604166666671 0.06102222222222222
3 0.4927869791666667 0.745263425925926 0.03630520833333334 0.05163425925925935
3 0.19409192708333337 0.7311819444444445 0.059408854166666664 0.09857500000000001
3 0.21092447916666668 0.5698240740740741 0.05874895833333333 0.08097222222222226
3 0.18881119791666665 0.40259861111111117 0.04488697916666666 0.05867499999999998
3 0.03335778645833333 0.49882638888888886 0.04158651041666667 0.056328703703703686
