0 0.7888411458333333 0.697149537037037 0.011880208333333305 0.021123148148148137
0 0.8951171875 0.3902768518518519 0.017161458333333237 0.015255555555555555
2 0.061411796875 0.6613574074074074 0.029044114583333336 0.05750185185185183
2 0.8944557291666667 0.38440925925925923 0.022442708333333408 0.04342037037037038
0 0.19178177083333334 0.4096398148148148 0.015182291666666655 0.014081481481481454
0 0.19607213541666665 0.4190277777777778 0.014522395833333323 0.011735185185185166
0 0.17791953125 0.4125736111111111 0.013861979166666672 0.01760277777777775
0 0.14986536458333333 0.6015087962962963 0.015842187499999986 0.012908333333333362
0 0.0383084375 0.49706620370370375 0.013201979166666666 0.015256481481481565
0 0.044579375 0.5052810185185185 0.01122166666666667 0.012908333333333362
0 0.025766510416666666 0.5099745370370371 0.014522187499999999 0.01760277777777775
0 0.25350078125 0.5363787037037037 0.011881770833333328 0.01642962962962955
0 0.25746145833333334 0.5492875 0.010561458333333313 0.01877685185185185
0 0.24029895833333334 0.5457671296296296 0.010561458333333313 0.016428703703703647
0 0.3036684895833333 0.7112319444444445 0.014522395833333352 0.01877685185185185
0 0.8000651041666667 0.5492875 0.011880208333333305 0.016428703703703647
0 0.7845494791666667 0.5422462962962963 0.009901041666666662 0.016429629629629655
3 0.7914817708333333 0.5346185185185186 0.03960937500000009 0.05515555555555554
3 0.8030338541666665 0.6824810185185186 0.05082812499999995 0.07862500000000007
3 0.30168828125 0.6989097222222223 0.03300468750000001 0.05984907407407403
3 0.24855026041666667 0.5375523148148148 0.03630572916666669 0.058675000000000026
3 0.14821510416666667 0.5856662037037037 0.05214791666666666 0.07979907407407406
3 0.01883546875 0.6642916666666666 0.05874885416666666 0.09622777777777783
3 0.030387213541666666 0.49882638888888886 0.040926197916666664 0.056328703703703686
3 0.18518046875000002 0.4037722222222222 0.04422656250000001 0.06571666666666666
