0 0.8386796874999999 0.6396476851851852 0.015182291666666596 0.01642870370370375
0 0.8568307291666666 0.6549032407407407 0.018484375000000004 0.01642870370370375
0 0.8324088541666667 0.6507958333333334 0.01320312500000007 0.01760277777777775
0 0.9769713541666666 0.39790462962962964 0.01716145833333336 0.014081481481481507
2 0.18022968749999999 0.6631180555555556 0.03696562500000002 0.06336944444444441
2 0.9766380208333333 0.39262407407407407 0.025744791666666583 0.045766666666666664
0 0.26505260416666665 0.40670601851851856 0.015182291666666655 0.012908333333333362
0 0.27132369791666666 0.41550740740740744 0.011881770833333298 0.018775925925925946
0 0.2518505208333333 0.41022685185185187 0.015182291666666655 0.015255555555555555
0 0.19904270833333335 0.6026824074074074 0.012541666666666658 0.015255555555555555
0 0.17032838541666667 0.6038555555555556 0.010561979166666664 0.015255555555555555
0 0.11653020833333333 0.4923722222222222 0.009901041666666662 0.015255555555555555
0 0.1201609375 0.5 0.010561458333333343 0.018775925925925946
0 0.10431822916666667 0.5017601851851853 0.01320208333333334 0.015255555555555555
0 0.32413177083333333 0.5522212962962963 0.017162499999999997 0.012909259259259266
0 0.3247916666666667 0.5645430555555556 0.01320208333333331 0.011734259259259262
0 0.3109296875 0.5545685185185185 0.009241666666666622 0.015255555555555555
0 0.27132369791666666 0.558675462962963 0.007921354166666698 0.016428703703703647
0 0.25548125 0.5639564814814816 0.01320208333333331 0.015255555555555555
0 0.25053046875 0.5522212962962962 0.009901562500000013 0.015255555555555555
0 0.8723437500000001 0.5487009259259259 0.01121874999999998 0.015255555555555555
0 0.8601328125 0.5398990740740741 0.01583854166666671 0.011735185185185166
0 0.8551822916666667 0.5522212962962963 0.012541666666666628 0.012909259259259266
0 0.9485859375 0.825649537037037 0.010557291666666658 0.01760277777777775
0 0.9581562499999999 0.8432518518518519 0.016500000000000032 0.019950000000000048
0 0.15646614583333332 0.6296726851851853 0.009241666666666652 0.012908333333333362
0 0.14260416666666664 0.6243921296296296 0.01320208333333334 0.014082407407407358
3 0.8637630208333333 0.5422462962962963 0.04158854166666662 0.06571666666666671
3 0.8472604166666666 0.6296731481481482 0.058750000000000094 0.08566666666666665
3 0.32083125 0.5504606481481481 0.03696562499999997 0.05632870370370363
3 0.25944192708333336 0.4002518518518519 0.044886979166666695 0.06571666666666666
3 0.10728880208333334 0.4870912037037037 0.04290677083333333 0.0516342592592593
3 0.18947109374999999 0.5803856481481482 0.062049479166666664 0.08566574074074075
3 0.2581216145833334 0.5516347222222222 0.03696510416666667 0.05163425925925925
3 0.14854505208333332 0.619111574074074 0.03168489583333335 0.05515462962962964
3 0.9611276041666666 0.8279962962962963 0.047526041666666664 0.06689074074074071
3 0.10959921874999999 0.6431685185185186 0.06336927083333332 0.09622777777777783
