0 0.33304296875 0.312825462962963 0.025744270833333378 0.0176027777777778
0 0.29706744791666667 0.31223842592592593 0.019802604166666644 0.02112314814814819
0 0.3327127604166667 0.5862527777777778 0.018482812499999984 0.02229629629629623
0 0.39014140625 0.5944675925925926 0.018482812500000043 0.02464444444444443
0 0.12709192708333333 0.6126569444444444 0.033665104166666654 0.021123148148148137
0 0.09903749999999999 0.6273259259259258 0.015842708333333323 0.02699074074074072
3 0.6314088541666666 0.5680638888888889 0.06667187499999999 0.08918703703703704
3 0.56275703125 0.5398990740740741 0.09967343750000002 0.15490370370370377
0 0.5624270833333332 0.5827328703703704 0.019802083333333324 0.01760277777777775
3 0.37330885416666665 0.5575018518518519 0.12343854166666669 0.16663888888888892
3 0.11818046874999999 0.6120703703703705 0.07393072916666667 0.12087222222222226
3 0.32116119791666664 0.2893550925925926 0.08779322916666665 0.118525
