0 0.6492317708333334 0.5709976851851852 0.01122395833333331 0.01760277777777775
0 0.67134375 0.5745180555555556 0.01452083333333339 0.01760277777777775
0 0.8845546874999999 0.41374675925925924 0.01716145833333336 0.012908333333333362
2 0.8838958333333333 0.40787962962962965 0.023760416666666728 0.0504611111111111
0 0.21158463541666667 0.4407375 0.011221354166666645 0.01290833333333331
0 0.19937265625 0.4442583333333333 0.015842187500000014 0.015255555555555555
0 0.35680651041666667 0.5569152777777777 0.009901562499999983 0.01525648148148146
0 0.3307325520833333 0.5668902777777779 0.010561979166666664 0.01642870370370375
0 0.06240208333333334 0.5440069444444445 0.009901041666666669 0.01760277777777775
0 0.054480911458333336 0.5569152777777777 0.01386213541666667 0.01525648148148146
0 0.1931015625 0.5827324074074075 0.008581249999999999 0.015255555555555555
0 0.18650078125 0.5956407407407407 0.013861979166666672 0.015255555555555555
3 0.47298411458333334 0.5111486111111112 0.046867187500000004 0.07158425925925929
3 0.34558489583333335 0.5487009259259259 0.05874895833333333 0.09270740740740743
3 0.2033333333333333 0.4325231481481482 0.04224687499999999 0.05984814814814812
3 0.05316075520833333 0.5422462962962963 0.04290661458333333 0.05163518518518515
3 0.6637552083333333 0.5533949074074075 0.04818749999999999 0.07627870370370368
3 0.18551067708333335 0.5844925925925926 0.043566145833333327 0.05867592592592593
0 0.17098854166666666 0.5938810185185185 0.006601041666666655 0.014082407407407358
