0 0.7931302083333333 0.6871745370370371 0.012541666666666628 0.01760277777777775
0 0.7865312499999999 0.6994967592592592 0.012541666666666748 0.023469444444444428
0 0.9697109374999999 0.3873430555555556 0.01716145833333336 0.014082407407407412
2 0.96871875 0.3844092592592593 0.028385416666666666 0.05280740740740739
0 0.20465364583333334 0.4137472222222222 0.009241666666666681 0.015255555555555555
0 0.19046119791666669 0.41961481481481483 0.016502604166666667 0.015255555555555555
0 0.45120052083333334 0.5510476851851852 0.015182291666666655 0.01525648148148146
0 0.04953013020833333 0.5275777777777778 0.010561614583333333 0.019950000000000048
0 0.03995869791666666 0.5398995370370371 0.015182291666666665 0.016428703703703647
0 0.16141692708333333 0.6384740740740741 0.019143229166666664 0.011735185185185166
0 0.16108697916666667 0.6502092592592593 0.014521875000000002 0.01408148148148156
0 0.07395364583333333 0.8708291666666667 0.010561458333333329 0.021123148148148137
0 0.06438229166666667 0.8878453703703705 0.015182291666666662 0.015255555555555555
2 -0.0016276041666666657 0.6772 0.03234489583333333 0.05867592592592593
0 0.7634270833333333 0.7370490740740742 0.008583333333333342 0.018775925925925946
0 0.7683776041666666 0.7528912037037037 0.01320312500000007 0.017602777777777853
0 0.7898307291666666 0.7528912037037037 0.01122395833333331 0.017602777777777853
3 0.8060052083333333 0.6783736111111112 0.05940624999999997 0.09388055555555563
3 0.7729973958333333 0.7417430555555555 0.047526041666666664 0.07510462962962969
3 0.4525208333333333 0.5228833333333334 0.04818749999999999 0.10444259259259266
3 0.19475182291666665 0.4072925925925926 0.04884739583333335 0.05867592592592593
3 0.16240703125 0.6361268518518519 0.031684895833333324 0.06571666666666671
3 0.04094885416666667 0.5252300925925926 0.04092625 0.05984907407407413
3 0.06636276041666667 0.8702425925925926 0.053468229166666666 0.06219629629629632
