0 0.8353802083333333 0.6167638888888889 0.01782291666666668 0.015255555555555555
0 0.8944557291666667 0.392037037037037 0.017161458333333237 0.014081481481481507
2 0.8951171875 0.38382222222222223 0.026401041666666694 0.04694074074074071
0 0.19937265625 0.4166810185185185 0.015842187500000014 0.014082407407407412
0 0.18254010416666666 0.41726712962962964 0.012541666666666658 0.0176027777777778
0 0.45120078125 0.5504611111111112 0.013861979166666672 0.016429629629629655
0 0.03566802083333333 0.5240569444444444 0.011881770833333334 0.019949074074074143
0 0.040948828125 0.5310981481481482 0.010561614583333333 0.019950000000000048
0 0.024446328124999996 0.5357921296296296 0.013202031250000001 0.01760277777777775
0 0.2033333333333333 0.42665555555555557 0.01320208333333334 0.015255555555555555
0 0.17395885416666665 0.6707458333333334 0.015182291666666684 0.01760277777777775
0 0.07329348958333333 0.8708291666666667 0.011881770833333328 0.021123148148148137
0 0.06570260416666666 0.8896055555555555 0.0138625 0.01408148148148156
0 0.7937942708333333 0.7106449074074074 0.009901041666666662 0.01760277777777775
0 0.8013854166666666 0.7247273148148149 0.01584374999999992 0.019949074074074036
3 0.16900807291666667 0.6730930555555557 0.04488697916666666 0.0668898148148148
2 0.08286510416666666 0.6901087962962963 0.04290625 0.07275833333333329
3 0.028737091145833334 0.5217101851851852 0.050827901041666665 0.06219629629629632
3 0.19343177083333335 0.4061189814814815 0.05280833333333333 0.06806388888888891
3 0.06471252604166666 0.8696555555555556 0.04620723958333333 0.05867592592592593
3 0.4521908854166667 0.5228833333333333 0.05016718749999995 0.11148333333333332
3 0.8370286458333334 0.5968148148148148 0.04489062500000003 0.08097222222222217
3 0.8040234374999999 0.7129921296296297 0.04620312500000002 0.06688981481481492
