0 0.9872005208333333 0.41609398148148147 0.013859375000000066 0.0176027777777778
0 0.5366848958333333 0.5850796296296297 0.011880208333333305 0.015255555555555555
0 0.7931328125 0.5340319444444445 0.009901041666666662 0.014082407407407464
0 0.8060026041666667 0.5498740740740741 0.01716145833333336 0.015255555555555555
0 0.8459427083333333 0.6261523148148148 0.01782291666666668 0.012908333333333362
0 0.8426406249999999 0.6419949074074074 0.013864583333333395 0.014082407407407358
0 0.6660625000000001 0.7528916666666667 0.014520833333333271 0.015255555555555555
0 0.6561614583333333 0.7417430555555555 0.013197916666666623 0.016428703703703647
0 0.34723489583333333 0.7053643518518519 0.010561458333333343 0.016428703703703647
0 0.37561927083333335 0.7088847222222223 0.01320208333333337 0.016428703703703647
0 0.17659921875 0.5686500000000001 0.009901562500000013 0.015255555555555555
0 0.17494921875000002 0.5815587962962963 0.011881770833333357 0.017602777777777853
0 0.15811666666666666 0.5827328703703704 0.011221875000000025 0.01760277777777775
0 0.15481588541666666 0.676026388888889 0.009901562500000013 0.01642870370370375
2 0.07989453124999998 0.6824810185185186 0.03828593749999999 0.05984907407407413
3 0.8046822916666666 0.5316847222222222 0.046208333333333226 0.08214537037037035
3 0.8462708333333334 0.6279125 0.03432291666666659 0.06806388888888891
3 0.6640833333333334 0.7399828703703704 0.040927083333333295 0.06454351851851851
3 0.5380036458333333 0.5604356481481482 0.04884687499999997 0.09740092592592592
3 0.37066875 0.6824805555555555 0.06931041666666668 0.11148333333333327
3 0.16933828125 0.5745175925925926 0.04158593750000002 0.05750185185185183
3 0.1459046875 0.6754398148148149 0.03960624999999999 0.04811481481481476
2 0.9934739583333332 0.41140000000000004 0.03036458333333331 0.05515555555555554
