0 0.8429713541666667 0.7041907407407408 0.018484375000000004 0.016429629629629655
0 0.8211848958333333 0.6912819444444445 0.00792187500000002 0.021123148148148137
0 0.8007239583333332 0.36445925925925926 0.013197916666666623 0.015255555555555555
2 0.8096354166666666 0.36035231481481483 0.03234374999999995 0.04928796296296296
2 0.04160903645833334 0.6807208333333333 0.03168505208333333 0.06806388888888891
0 0.03863846354166667 0.6877615740740741 0.021783281250000005 0.014082407407407358
0 0.47001354166666665 0.5580888888888889 0.009241666666666681 0.019950000000000048
0 0.4515307291666667 0.5680634259259258 0.015842708333333337 0.01642870370370375
0 0.047549869791666664 0.529924537037037 0.010561718750000004 0.01760277777777775
0 0.036328125 0.5422462962962963 0.011881770833333331 0.014081481481481454
0 0.16405755208333334 0.6601842592592593 0.009901562499999983 0.015255555555555555
0 0.1587765625 0.6754398148148149 0.013862499999999993 0.017601851851851844
0 0.802375 0.5363787037037037 0.012541666666666628 0.01642962962962955
0 0.8129348958333333 0.5475273148148149 0.01650520833333336 0.012908333333333258
0 0.7947838541666667 0.5457671296296296 0.011880208333333423 0.016428703703703647
0 0.8525416666666668 0.6349537037037037 0.01782291666666668 0.01642962962962955
0 0.8677239583333333 0.6425814814814815 0.01121874999999998 0.015255555555555555
0 0.7964348958333333 0.6824810185185186 0.015182291666666714 0.012908333333333258
0 0.7918098958333334 0.6942157407407407 0.015182291666666596 0.015255555555555555
0 0.05481083333333333 0.538725925925926 0.007921041666666665 0.016429629629629655
3 0.45087083333333333 0.5469402777777779 0.05412812500000002 0.10326944444444451
3 0.8604635416666667 0.6273259259259258 0.03894791666666665 0.05750185185185183
3 0.8396692708333333 0.6801337962962963 0.052807291666666596 0.07862499999999997
3 0.79478125 0.6795472222222223 0.03564583333333336 0.0680629629629629
3 0.8086432291666666 0.5340319444444445 0.04224479166666673 0.06336944444444452
3 0.1544859375 0.6642916666666666 0.047527083333333324 0.05867592592592593
0 0.13930364583333332 0.6748532407407407 0.009241666666666652 0.016428703703703647
3 0.03995875 0.5252305555555556 0.03894604166666667 0.05046111111111116
