0 0.23468802083333332 0.8215421296296297 0.013862499999999993 0.021123148148148137
0 0.6485703125000001 0.8954731481481482 0.013859374999999948 0.018775925925925946
0 0.6191953125 0.8772837962962964 0.00792187500000002 0.022297222222222135
0 0.7043489583333333 0.8186083333333334 0.025083333333333374 0.02229629629629623
0 0.6828958333333333 0.8051125000000001 0.013864583333333395 0.025817592592592524
0 0.19541223958333334 0.9083819444444445 0.015842187499999986 0.021123148148148137
0 0.3271018229166666 0.7769481481481482 0.013861979166666672 0.018775925925925946
0 0.30762890625 0.7740148148148148 0.011881770833333328 0.01994999999999994
0 0.3082893229166667 0.755825462962963 0.015842187500000014 0.014082407407407358
0 0.8677239583333334 0.3151722222222222 0.01782291666666668 0.019949999999999992
2 0.8746536458333334 0.3110648148148148 0.03696354166666668 0.07510555555555559
3 0.22940729166666665 0.7933777777777777 0.07723125000000003 0.14316851851851847
3 0.19640234374999999 0.8749370370370371 0.07195052083333335 0.1419962962962963
0 0.16966822916666668 0.8972333333333333 0.006601041666666685 0.024644444444444538
3 0.3185205729166667 0.7716675925925927 0.06006927083333332 0.07862592592592597
3 0.6987395833333333 0.7822291666666668 0.06270833333333325 0.10678981481481489
3 0.6399895833333334 0.8708291666666667 0.05479166666666669 0.08214537037037047
