0 0.8350494791666667 0.7364625 0.009244791666666667 0.01760277777777775
0 0.8475885416666666 0.7575856481481482 0.019802083333333442 0.01760277777777775
0 0.8815859375 0.391450462962963 0.01650520833333336 0.012908333333333362
2 0.8822473958333333 0.38558287037037037 0.0257447916666667 0.048113888888888914
2 0.07725416666666667 0.6801337962962963 0.04752708333333334 0.05984907407407413
0 0.4696833333333333 0.5733444444444444 0.008581249999999999 0.019950000000000048
0 0.45120078124999996 0.5833189814814815 0.012542187500000008 0.014082407407407464
0 0.047549869791666664 0.5287509259259259 0.010561718750000004 0.015255555555555555
0 0.03665817708333333 0.5410726851851853 0.011221666666666663 0.014082407407407358
0 0.16603776041666668 0.6537300925925926 0.009901562500000013 0.016428703703703647
0 0.15811640625 0.6701592592592592 0.013861979166666672 0.01877592592592584
0 0.8033619791666666 0.5375523148148148 0.01320312500000007 0.014082407407407358
0 0.8165677083333333 0.5457671296296296 0.010562499999999985 0.016428703703703647
0 0.7987421875 0.5487009259259259 0.011880208333333305 0.015255555555555555
0 0.8300989583333332 0.6619444444444446 0.013864583333333276 0.016429629629629655
0 0.84528125 0.6695722222222222 0.01121874999999998 0.012909259259259266
0 0.7832317708333333 0.7417430555555555 0.013859374999999948 0.01877685185185185
0 0.05481098958333333 0.5369657407407408 0.009241562499999996 0.015255555555555555
3 0.03962856770833333 0.5252305555555556 0.04488661458333333 0.05046111111111116
3 0.15811640624999998 0.6590106481481481 0.04026614583333332 0.05750277777777784
3 0.8083151041666667 0.5375523148148149 0.044223958333333376 0.05632870370370374
3 0.8360364583333334 0.6584240740740741 0.042906250000000055 0.06102222222222222
3 0.84825 0.7323550925925927 0.054124999999999916 0.09388055555555552
3 0.7855416666666667 0.7259004629629631 0.03432291666666672 0.05984907407407413
3 0.4535111979166667 0.5557416666666667 0.05280781249999998 0.09740185185185182
3 0.9281223958333332 0.6273259259259258 0.05676562500000001 0.09036111111111114
