0 0.802375 0.745850462962963 0.013864583333333276 0.01760277777777775
0 0.7951119791666666 0.7288342592592593 0.008578124999999895 0.018775925925925946
0 0.45318098958333336 0.5727578703703705 0.012542187500000008 0.014082407407407358
0 0.47001354166666665 0.5627828703703703 0.007920833333333318 0.02229722222222224
0 0.047879765624999994 0.528751388888889 0.008581093750000001 0.01760277777777775
0 0.036328125 0.5416592592592593 0.014522187499999999 0.015255555555555555
0 0.13138229166666668 0.6161773148148149 0.013202083333333324 0.016428703703703647
0 0.13567317708333335 0.626738888888889 0.01122135416666666 0.018775925925925946
0 0.1175203125 0.6284995370370371 0.013202083333333324 0.01760277777777775
0 0.16570755208333332 0.6660513888888889 0.00924114583333333 0.01760277777777775
0 0.15679635416666665 0.6595972222222223 0.012541666666666658 0.01642962962962955
0 0.14623463541666665 0.6730925925925927 0.012542187499999979 0.015255555555555555
0 0.6452682291666666 0.5005865740740741 0.009901041666666662 0.012908333333333362
0 0.6495598958333333 0.5129087962962964 0.013203124999999953 0.014082407407407464
0 0.6677135416666666 0.5123217592592593 0.00990624999999999 0.01760277777777775
0 0.6393307291666666 0.7247273148148149 0.015182291666666596 0.01760277777777775
0 0.5970833333333334 0.7376356481481482 0.008583333333333342 0.017602777777777853
0 0.6951067708333334 0.775187962962963 0.009244791666666667 0.019950000000000048
3 0.4561513020833334 0.5498740740740741 0.0554484375 0.10913703703703709
3 0.6399895833333334 0.6989097222222223 0.05610416666666668 0.09036018518518514
3 0.6089635416666667 0.7405699074074074 0.0442291666666667 0.06336944444444441
3 0.7040182291666668 0.774601388888889 0.041588541666666735 0.0704101851851852
3 0.6541822916666666 0.5035208333333333 0.03960416666666665 0.05632870370370374
3 0.15085546875 0.6595976851851852 0.040266145833333336 0.05632870370370374
3 0.12544166666666667 0.617350925925926 0.04092604166666667 0.05398148148148144
0 0.055471093750000006 0.5375523148148149 0.007921354166666662 0.01877685185185185
3 0.8116171875 0.7235537037037038 0.05610937500000001 0.09036111111111104
3 0.03962864583333334 0.5275777777777778 0.04356666666666666 0.05046111111111116
