0 0.8432994791666667 0.39086388888888896 0.01650520833333336 0.011735185185185218
2 0.8423098958333334 0.38440925925925923 0.026401041666666576 0.045766666666666664
0 0.8291067708333334 0.646102314814815 0.018484375000000004 0.012908333333333258
0 0.8096354166666666 0.6326064814814816 0.007260416666666695 0.018775925925925946
0 0.04919997395833334 0.5868398148148148 0.01254171875 0.014081481481481454
0 0.20564375000000001 0.4155069444444444 0.011221874999999996 0.014082407407407412
0 0.21191458333333332 0.4237217592592593 0.009241666666666652 0.014082407407407412
0 0.19244166666666668 0.420787962962963 0.016502083333333317 0.015255555555555555
0 0.06933307291666665 0.7863365740740741 0.007921354166666662 0.023469444444444428
0 0.05382065104166667 0.7980717592592593 0.013861822916666666 0.016428703703703647
0 0.08847604166666667 0.5217101851851851 0.007920833333333332 0.015255555555555555
0 0.0789046875 0.5140819444444444 0.012541666666666673 0.01642870370370375
0 0.07032317708333333 0.5252305555555556 0.013861979166666672 0.015255555555555555
0 0.7244817708333334 0.5293375000000001 0.007265625000000024 0.014082407407407358
0 0.708640625 0.528163888888889 0.012541666666666748 0.011735185185185166
0 0.7258020833333333 0.6067893518518519 0.00990624999999999 0.014082407407407464
0 0.7000572916666667 0.6050291666666667 0.0112187500000001 0.012908333333333362
3 0.7132604166666667 0.5181893518518519 0.03894791666666665 0.05280833333333324
3 0.7112812499999999 0.5874263888888889 0.053468750000000044 0.07862500000000007
3 0.8251458333333334 0.6208717592592593 0.04488541666666658 0.0704101851851852
3 0.07329374999999999 0.5123217592592593 0.03960625 0.04576759259259267
3 0.19706223958333335 0.4102263888888889 0.04686718749999998 0.062195370370370366
3 0.04622953125 0.5657166666666666 0.04884718749999999 0.07041111111111109
3 0.05712114583333333 0.7834027777777779 0.03762541666666667 0.06689074074074082
3 -0.0019576562499999998 0.8332773148148148 0.036965625 0.05632870370370363
