0 0.7865312499999999 0.3685666666666667 0.013864583333333395 0.018775925925925894
2 0.7924739583333333 0.3621125 0.03234374999999995 0.04811388888888886
0 0.7838906250000001 0.5252305555555556 0.016500000000000032 0.015255555555555555
0 0.7640885416666666 0.5170162037037038 0.007260416666666695 0.017602777777777853
0 0.06108203125 0.6672254629629629 0.009901562499999997 0.017602777777777853
0 0.032697578124999994 0.6719189814814815 0.01254192708333333 0.01760277777777775
0 0.20828411458333332 0.4172675925925926 0.011221354166666675 0.012909259259259266
0 0.21356484374999998 0.42430833333333334 0.009901562500000013 0.015255555555555555
0 0.19376171874999998 0.420787962962963 0.013861979166666672 0.015255555555555555
0 0.016525130208333332 0.7376356481481482 0.007921197916666668 0.017602777777777853
0 0.0043133046875 0.7481976851851851 0.009901515625 0.01760277777777775
0 0.08847604166666667 0.5211231481481482 0.00660104166666667 0.01408148148148156
0 0.08055468750000001 0.5129087962962964 0.009241666666666667 0.016428703703703647
0 0.06999322916666667 0.5246435185185185 0.01320208333333334 0.01642962962962955
0 0.7063281250000001 0.5616092592592593 0.01584374999999992 0.012909259259259266
0 0.6941171875 0.5668902777777779 0.007265625000000024 0.01642870370370375
0 0.7168906249999999 0.6249791666666666 0.013197916666666623 0.012908333333333362
3 0.04820981770833333 0.6484490740740741 0.06204911458333333 0.08331851851851856
3 0.004973411458333333 0.7335282407407407 0.03630546875 0.05632870370370374
3 0.7030286458333334 0.5580888888888889 0.03300520833333328 0.05280740740740734
3 0.7795989583333333 0.5046939814814816 0.046208333333333344 0.0704101851851852
3 0.7178802083333333 0.6026819444444446 0.04290624999999994 0.07862500000000007
3 0.07329374999999999 0.5111486111111112 0.03960625 0.04811388888888896
3 0.19937291666666668 0.4108134259259259 0.04752708333333334 0.056328703703703686
