0 0.9733385416666667 0.40025138888888884 0.012541666666666628 0.0164287037037037
2 0.9809296875 0.3949708333333333 0.03300520833333328 0.048113888888888914
0 0.7660703125 0.5105615740740741 0.009901041666666662 0.01642870370370375
0 0.7759687500000001 0.5264041666666667 0.01782291666666668 0.012908333333333258
0 0.05217044270833333 0.5733444444444444 0.013201822916666665 0.015255555555555555
0 0.21290468750000002 0.4149203703703704 0.012541666666666658 0.012909259259259266
0 0.21818567708333333 0.42430833333333334 0.012542187500000008 0.015255555555555555
0 0.1997028645833333 0.4178541666666667 0.01782239583333333 0.0164287037037037
0 0.059431770833333335 0.8508796296296297 0.013202083333333333 0.016429629629629655
0 0.07560416666666667 0.8362106481481483 0.008581249999999999 0.017602777777777853
0 0.08649583333333333 0.5228833333333333 0.006601041666666655 0.015255555555555555
0 0.07923463541666667 0.5158421296296297 0.010561979166666664 0.01760277777777775
0 0.06867317708333333 0.5275773148148148 0.011881770833333328 0.012908333333333362
0 0.8772968749999999 0.6020953703703703 0.010562499999999985 0.016429629629629655
0 0.8640911458333334 0.5932944444444445 0.013203124999999953 0.015255555555555555
0 0.8598020833333333 0.6050291666666666 0.012541666666666628 0.01525648148148146
0 0.7040182291666668 0.6736796296296297 0.009901041666666662 0.014081481481481454
3 0.7796015625 0.509387962962963 0.04884895833333332 0.07745185185185183
3 0.8697031249999999 0.5927074074074075 0.04290624999999994 0.05398148148148144
3 0.7096302083333333 0.6502092592592593 0.05016666666666675 0.09153333333333333
3 0.07164348958333333 0.5123217592592593 0.040266145833333336 0.04811388888888886
3 0.052170546875 0.5528078703703704 0.04884744791666667 0.0704101851851852
3 -0.0022877083333333326 0.835037037037037 0.0349853125 0.05750185185185183
3 0.20597369791666664 0.40494583333333334 0.04620677083333333 0.058675000000000026
3 0.06372221354166667 0.8326902777777777 0.04026598958333334 0.06219537037037031
