0 0.8211875000000001 0.3896902777777778 0.01584375000000004 0.014082407407407412
2 0.8251484375 0.3855824074074074 0.027723958333333344 0.045766666666666664
0 0.7994036458333333 0.5516347222222222 0.017161458333333237 0.014082407407407464
0 0.7990729166666666 0.5657166666666666 0.01782291666666668 0.014081481481481454
0 0.7819114583333333 0.5498740740740741 0.007260416666666695 0.01994999999999994
0 0.03896854166666666 0.5827328703703704 0.013201979166666666 0.01760277777777775
0 0.20564375000000001 0.41198657407407413 0.011221874999999996 0.014082407407407412
0 0.21389505208333331 0.41844120370370375 0.00924114583333333 0.01290833333333331
0 0.19376197916666668 0.4155069444444444 0.015182291666666684 0.014082407407407412
0 0.06834296875 0.8555736111111112 0.012542187499999994 0.014082407407407464
0 0.086165625 0.5234703703703704 0.007261458333333322 0.016429629629629655
0 0.07857447916666667 0.5164291666666667 0.010561458333333343 0.01642870370370375
0 0.06735260416666666 0.5275773148148148 0.01320208333333334 0.01760277777777775
0 0.8413177083333333 0.6015083333333333 0.012541666666666628 0.015255555555555555
0 0.8466015625 0.6114833333333334 0.01122395833333331 0.016429629629629655
0 0.8294374999999999 0.6062027777777779 0.01121874999999998 0.015255555555555555
0 0.71953125 0.6660518518518519 0.010562500000000105 0.012909259259259266
0 0.7452734375 0.6631180555555556 0.011880208333333305 0.014082407407407464
3 0.7984140624999999 0.538725925925926 0.044223958333333376 0.08449259259259266
3 0.83471875 0.5950541666666667 0.0402708333333333 0.05867499999999992
3 0.73009375 0.6455152777777778 0.06072916666666662 0.08683981481481474
3 0.07065317708333334 0.5134953703703704 0.0409259375 0.050461111111111054
3 0.19805260416666665 0.40494583333333334 0.04356666666666665 0.058675000000000026
3 0.06999322916666667 0.8385574074074075 0.036965624999999995 0.05750185185185183
3 -0.005258151041666666 0.8268226851851852 0.03696557291666667 0.05280833333333335
3 0.043919270833333336 0.5610226851851853 0.05214791666666666 0.0704101851851852
