0 0.026096588541666663 0.6625314814814816 0.007261093749999999 0.05046111111111116
4 -0.004598046875 0.6502092592592594 0.06997057291666667 0.11969814814814815
2 0.15844635416666666 0.60855 0.030364583333333337 0.06219629629629632
0 0.6205156249999999 0.6912824074074074 0.009239583333333337 0.018775925925925946
0 0.6327291666666668 0.7088847222222223 0.019145833333333327 0.014082407407407464
0 0.18683072916666665 0.7845763888888889 0.017162499999999997 0.01760277777777775
0 0.23798854166666666 0.5352050925925926 0.013862499999999993 0.014082407407407358
0 0.37165885416666666 0.36915370370370376 0.017162499999999997 0.010561111111111117
0 0.36274739583333326 0.3638726851851852 0.008581249999999999 0.014082407407407412
0 0.26307239583333336 0.7763615740740741 0.013862500000000022 0.019949074074074143
0 0.26868333333333333 0.470075462962963 0.01716249999999997 0.0176027777777778
0 0.25548125 0.479463425925926 0.01320208333333331 0.0176027777777778
0 0.2729736979166667 0.4818101851851852 0.013861979166666672 0.015255555555555555
0 0.4957575520833333 0.7235537037037038 0.00924114583333336 0.017601851851851844
0 0.4452596354166667 0.7012574074074074 0.009901562499999983 0.015255555555555555
0 0.4541710937499999 0.7141657407407408 0.011881770833333328 0.012909259259259266
0 0.9819218749999999 0.519362962962963 0.016500000000000032 0.015255555555555555
3 0.5046682291666666 0.7247273148148149 0.038944791666666666 0.06219537037037042
3 0.4551614583333333 0.7041912037037037 0.04158645833333333 0.06336944444444441
3 0.25614114583333336 0.7728412037037037 0.04752708333333334 0.05984907407407403
0 0.24491953125 0.7763615740740741 0.014522395833333352 0.01760277777777775
3 0.19343203125 0.7722541666666667 0.042246354166666666 0.06806388888888891
3 0.2637322916666667 0.46831527777777776 0.03894583333333334 0.04928796296296291
3 0.3742989583333333 0.3574185185185185 0.03696562499999997 0.05515555555555554
3 0.24194921875 0.5164291666666667 0.05346822916666663 0.08214537037037035
3 0.9865416666666665 0.5017601851851852 0.05610416666666668 0.08097222222222221
3 0.6333880208333333 0.6836541666666668 0.0455468749999999 0.08331944444444446
