0 0.19508203125 0.6331930555555556 0.023103645833333353 0.017602777777777853
0 0.18815104166666666 0.5956412037037038 0.01320208333333331 0.05280833333333335
0 0.17626927083333332 0.6044421296296296 0.007920833333333318 0.044593518518518574
0 0.15217552083333336 0.6490361111111111 0.008581249999999999 0.06571666666666671
0 0.23930859375 0.6273259259259258 0.007260937499999986 0.05750185185185183
4 0.19508203125 0.617937962962963 0.09703489583333334 0.13495370370370371
2 0.3861809895833333 0.578038425925926 0.03300468750000001 0.0692379629629629
0 0.47529453124999993 0.6613578703703703 0.018482812499999984 0.010562037037037073
0 0.47232395833333335 0.6795472222222223 0.01914270833333334 0.01877592592592584
0 0.49674765625 0.6648782407407408 0.007260937500000016 0.024643518518518526
0 0.39740286458333335 0.7792958333333334 0.011881770833333328 0.021123148148148245
0 0.42347656250000004 0.7587592592592594 0.013862499999999993 0.01994999999999994
0 0.4218263020833333 0.7798824074074074 0.014522395833333293 0.019950000000000048
0 0.5016984375 0.5932944444444445 0.014521874999999972 0.015255555555555555
0 0.4795848958333333 0.4865046296296296 0.015182291666666714 0.017601851851851844
0 0.49509739583333334 0.7763615740740741 0.014521875000000031 0.019949074074074143
0 0.47232395833333335 0.7722546296296297 0.012541666666666687 0.023470370370370332
3 0.502028125 0.5751046296296297 0.06006875 0.09153333333333344
3 0.4861861979166666 0.6953898148148148 0.05346822916666666 0.069237037037037
3 0.47892500000000005 0.6484490740740741 0.05214791666666662 0.09974814814814811
0 0.5248015625 0.4248953703703704 0.00924062499999998 0.018775925925925946
0 0.5142414062499999 0.43839074074074075 0.013204687499999975 0.017601851851851844
0 0.5320625 0.4336967592592593 0.0066041666666667 0.0176027777777778
3 0.5152317708333334 0.42313518518518517 0.04158854166666668 0.05750185185185183
3 0.46572291666666665 0.47124861111111116 0.046866666666666626 0.07158425925925929
3 0.48453593749999996 0.7652134259259259 0.04752708333333331 0.0727583333333334
3 0.41357499999999997 0.7663865740740741 0.052147916666666676 0.07510462962962969
0 0.49575729166666666 0.7135787037037037 0.010561458333333343 0.018775925925925946
0 0.47694479166666665 0.7065375 0.011221874999999966 0.021123148148148137
0 0.44525989583333325 0.6507962962962962 0.008581249999999999 0.015255555555555555
0 0.42710729166666667 0.6637046296296296 0.01320208333333337 0.015255555555555555
3 0.43172786458333334 0.647275462962963 0.042246354166666694 0.07393055555555558
