0 0.16900833333333332 0.6502092592592593 0.023763541666666683 0.01642962962962955
0 0.16438723958333332 0.6120703703703705 0.011881770833333328 0.05280740740740745
0 0.1501953125 0.6202847222222223 0.007261458333333337 0.043419444444444476
0 0.12643151041666664 0.6625310185185186 0.009901562499999997 0.05984907407407403
0 0.21389479166666667 0.6431685185185185 0.006601041666666655 0.06102222222222222
4 0.16933828125 0.6361273148148148 0.09835468750000001 0.14551574074074078
2 0.3607671875 0.5897731481481481 0.03234479166666671 0.069237037037037
0 0.4531809895833333 0.6390606481481482 0.013861979166666672 0.017602777777777853
0 0.48024505208333335 0.6243921296296296 0.007260937500000016 0.021123148148148137
0 0.4307377604166666 0.6725060185185185 0.009901562500000042 0.023469444444444428
0 0.40664401041666665 0.677787037037037 0.018482812499999984 0.019950000000000048
0 0.42017604166666667 0.8004189814814815 0.013862500000000052 0.014082407407407464
0 0.39971276041666665 0.7945513888888889 0.009901562499999983 0.021123148148148245
0 0.5927916666666666 0.5117351851851852 0.013197916666666623 0.018775925925925946
0 0.5703489583333333 0.5187763888888889 0.01584375000000004 0.016428703703703647
0 0.49443723958333335 0.7904439814814814 0.015842187500000014 0.019949074074074036
0 0.5082992187500001 0.4471921296296296 0.007921354166666639 0.0164287037037037
0 0.5000481770833333 0.43721712962962966 0.009901562499999983 0.01760277777777775
0 0.48981666666666673 0.4512990740740741 0.015842708333333337 0.015255555555555555
0 0.6330598958333333 0.6953898148148148 0.011880208333333423 0.015255555555555555
0 0.6271171875 0.7124055555555555 0.01583854166666671 0.016429629629629655
0 0.6046718749999999 0.7129921296296297 0.010562499999999985 0.017602777777777853
3 0.6201875 0.7018435185185186 0.05214583333333327 0.08449259259259255
3 0.4908067708333333 0.774601388888889 0.04290625 0.07745092592592598
3 0.41258489583333335 0.7816425925925926 0.04752708333333331 0.07745185185185188
3 0.4558213541666667 0.6208717592592593 0.05874895833333333 0.09857500000000001
3 0.40994453124999997 0.6507962962962962 0.05676822916666667 0.08801296296296295
3 0.5799192708333334 0.5041074074074073 0.05082812499999995 0.069237037037037
3 0.49113697916666665 0.43545694444444444 0.04356666666666668 0.061023148148148125
