0 0.49476744791666666 0.5897736111111112 0.024423437500000016 0.029337962962962913
0 0.48816640624999996 0.6167643518518519 0.03102447916666667 0.029337962962962913
0 0.47232395833333335 0.5991620370370371 0.015182291666666655 0.038725925925925886
0 0.4941072916666666 0.7124050925925927 0.028384374999999965 0.021123148148148137
0 0.5119296875 0.647275462962963 0.008581249999999999 0.043419444444444476
0 0.48684609375 0.6519699074074075 0.013861979166666672 0.04811388888888896
0 0.4663830729166667 0.6683986111111111 0.009901562499999983 0.05515462962962964
0 0.4300776041666667 0.7652134259259259 0.008581249999999999 0.023469444444444532
4 0.49245755208333336 0.6742662037037037 0.1465432291666667 0.2593453703703705
0 0.7779505208333333 0.6443421296296297 0.0257447916666667 0.021123148148148245
2 0.7749791666666667 0.6161777777777778 0.0448854166666667 0.10796296296296298
0 0.5389947916666666 0.3486171296296296 0.0072604166666665765 0.0164287037037037
0 0.5036786458333333 0.37971481481481484 0.01320208333333331 0.015255555555555555
0 0.48750625 0.392037037037037 0.017822916666666622 0.011735185185185218
0 0.4878361979166667 0.4072925925925926 0.018482812499999984 0.016429629629629603
0 0.5614375 0.4055324074074074 0.007260416666666695 0.017601851851851844
0 0.5442734375 0.4090532407407408 0.01122395833333331 0.01290833333333331
0 0.5551640624999999 0.972337962962963 0.027723958333333344 0.055157407407407454
0 0.5155614583333333 0.9793796296296297 0.02508541666666666 0.043425925925926014
3 0.529421875 0.3310148148148148 0.04488541666666664 0.07745185185185183
3 0.503678125 0.36328611111111114 0.046206250000000004 0.07627777777777778
3 0.5502135416666666 0.400837962962963 0.037625000000000006 0.06923703703703706
3 0.48816640624999996 0.38147546296296303 0.04422656249999998 0.08918611111111109
0 0.4475700520833333 0.5181898148148149 0.011881770833333328 0.02699074074074072
0 0.42578697916666663 0.5369652777777778 0.01320208333333331 0.01760277777777775
0 0.6013723958333335 0.8884324074074075 0.018484375000000004 0.05398148148148155
0 0.5868515625 0.8901925925925926 0.009244791666666667 0.03872592592592599
0 0.6135833333333333 0.944175925925926 0.023104166666666613 0.02464814814814815
0 0.8043541666666666 0.3257333333333333 0.00990624999999999 0.015255555555555555
0 0.7964322916666667 0.3398157407407407 0.01121874999999998 0.015255555555555555
0 0.775640625 0.3257333333333333 0.009239583333333337 0.015255555555555555
0 0.44096901041666664 0.4072925925925926 0.011881770833333328 0.016429629629629603
0 0.42083619791666665 0.4149203703703704 0.009901562499999983 0.015255555555555555
0 0.35746666666666665 0.7804689814814816 0.015182291666666655 0.03051203703703712
0 0.32512161458333333 0.8080467592592593 0.0165026041666667 0.024643518518518526
3 0.6149036458333333 0.9154240740740741 0.08119270833333327 0.1431703703703704
3 0.53833359375 0.9183574074074075 0.10891614583333335 0.18189629629629628
3 0.34459453125 0.775187962962963 0.07657135416666663 0.12791296296296292
3 0.43634843749999996 0.5170157407407407 0.05016770833333333 0.09270740740740738
3 0.43271796874999996 0.40142546296296294 0.04818697916666667 0.07510462962962963
3 0.7921406249999999 0.32573379629629634 0.046208333333333344 0.059849074074074075
