0 0.9211927083333333 0.302850462962963 0.01782291666666668 0.021123148148148137
2 0.9334036458333334 0.3016768518518519 0.04356770833333338 0.06571666666666666
0 0.2828755208333334 0.7834027777777779 0.015182291666666655 0.022296296296296335
0 0.23930859375 0.7781222222222223 0.013861979166666642 0.023470370370370437
0 0.0300571875 0.7194467592592594 0.01122166666666667 0.021123148148148137
0 0.010914294270833331 0.7165129629629631 0.02310349479166667 0.015255555555555555
0 0.008273903645833334 0.7393962962962963 0.017822713541666667 0.018775925925925946
0 0.9469348958333333 0.5457666666666667 0.015182291666666714 0.018775925925925946
0 0.9277916666666667 0.5340314814814815 0.019145833333333327 0.018775925925925946
0 0.9218515625 0.5528078703703704 0.015182291666666596 0.021123148148148137
0 0.5677083333333334 0.6560768518518518 0.01584375000000004 0.018775925925925946
3 0.2660427083333333 0.7405694444444445 0.088453125 0.16194444444444442
3 0.5690286458333333 0.6150041666666667 0.06865104166666663 0.15255648148148157
3 0.9353854166666666 0.5363787037037037 0.05544791666666669 0.08449259259259255
3 0.011574401041666665 0.717099537037037 0.05082765625 0.09153425925925923
