0 0.2993778645833333 0.7998319444444446 0.0165026041666667 0.02229722222222224
0 0.25878151041666664 0.7945513888888889 0.011881770833333328 0.025817592592592628
0 0.15910677083333333 0.5768648148148148 0.01320208333333334 0.015255555555555555
0 0.15382578125000002 0.5974013888888889 0.014522395833333323 0.021123148148148137
0 0.12874192708333335 0.5968148148148148 0.011881770833333341 0.01994999999999994
0 0.42413671875 0.49882638888888886 0.011221354166666645 0.01877685185185185
0 0.43898880208333335 0.5129083333333334 0.014522395833333293 0.018775925925925946
0 0.41753567708333333 0.5076277777777779 0.00858177083333338 0.01994999999999994
0 0.9951249999999999 0.5393125 0.012541666666666748 0.024643518518518526
0 0.8723437500000001 0.7681472222222222 0.012541666666666748 0.022296296296296335
0 0.8320781250000001 0.775187962962963 0.01782291666666668 0.022296296296296335
3 0.8436302083333334 0.7481976851851851 0.08317708333333323 0.13730092592592602
3 0.43634843749999996 0.49354583333333335 0.05016770833333333 0.06454351851851857
3 0.14755494791666665 0.587426851851852 0.054788020833333326 0.08097222222222217
3 0.2881559895833333 0.774601388888889 0.09043385416666669 0.14316759259259257
3 1.0126171874999998 0.5240569444444445 0.05280729166666672 0.08331944444444446
