0 0.8281171875000001 0.3756078703703704 0.013859374999999948 0.0164287037037037
2 0.8360390625 0.37560787037037036 0.031026041666666632 0.05163425925925925
0 0.0492 0.6924560185185185 0.019142708333333328 0.021123148148148137
2 0.05910145833333333 0.6848277777777778 0.040265833333333334 0.06219629629629632
0 0.15415598958333335 0.6560768518518518 0.009901562500000013 0.01642962962962955
0 0.14722473958333335 0.6719194444444445 0.014522395833333323 0.015255555555555555
0 0.05877161458333333 0.8725893518518519 0.014522395833333332 0.017602777777777853
0 0.22577682291666665 0.5886 0.007921354166666669 0.017601851851851844
0 0.19904270833333335 0.5979884259259259 0.012541666666666658 0.01760277777777775
0 0.9083203124999999 0.6419949074074074 0.009244791666666667 0.01642870370370375
0 0.9020494791666667 0.6560768518518518 0.013859374999999948 0.01642962962962955
0 0.8812552083333335 0.6525564814814815 0.009239583333333337 0.018775925925925946
0 0.8175572916666667 0.529924537037037 0.016500000000000032 0.012908333333333362
0 0.8159062499999999 0.5445935185185186 0.011885416666666633 0.014081481481481454
0 0.9466041666666667 0.4976532407407408 0.010562499999999985 0.014082407407407464
0 0.9578255208333334 0.5088009259259261 0.01320312500000007 0.015255555555555555
0 0.9400052083333333 0.5058675925925926 0.009239583333333337 0.01642962962962955
3 0.2043234375 0.5674768518518519 0.054788541666666676 0.10678888888888899
3 0.14491432291666667 0.6619444444444444 0.0442265625 0.06337037037037042
3 0.053160546875 0.8602675925925926 0.04554661458333333 0.07041111111111109
3 0.9558463541666666 0.4958930555555555 0.042244791666666615 0.05984907407407413
3 0.8178854166666667 0.5275773148148148 0.03036458333333331 0.05984907407407403
3 0.8957786458333333 0.6437550925925926 0.04356770833333338 0.06219537037037042
