0 0.7838932291666667 0.9025143518518519 0.015182291666666714 0.021123148148148137
0 0.4888265625 0.774601388888889 0.011221875000000025 0.025817592592592524
0 0.450540625 0.7599324074074075 0.012541666666666628 0.022296296296296335
0 0.4604419270833333 0.7734282407407408 0.020463020833333328 0.021123148148148137
0 0.34822500000000006 0.8784569444444446 0.015182291666666655 0.017602777777777853
0 0.3142302083333333 0.8649615740740741 0.010561458333333343 0.021123148148148245
0 0.1732989583333333 0.6097236111111111 0.008581249999999999 0.01760277777777775
0 0.14491432291666667 0.6020953703703704 0.013861979166666672 0.018775925925925946
0 0.1501953125 0.618524537037037 0.013862499999999993 0.01642870370370375
3 0.46605286458333334 0.7476111111111112 0.062049479166666664 0.10796296296296298
3 0.7739895833333333 0.8784569444444446 0.053468750000000044 0.07862500000000007
0 0.7548463541666666 0.8819777777777779 0.008578125000000015 0.022296296296296335
3 0.33469322916666666 0.8379712962962963 0.07129062499999997 0.13143333333333332
3 0.3353533854166667 0.7611060185185186 0.06600989583333335 0.12087129629629624
3 0.15580625 0.6056157407407408 0.05808854166666667 0.07275740740740749
