0 0.14029375 0.5874263888888889 0.008581249999999999 0.019949074074074036
0 0.10761901041666666 0.5909467592592592 0.00924114583333333 0.01760277777777775
0 0.1175203125 0.5968148148148148 0.01980312500000001 0.015255555555555555
0 0.16438750000000002 0.6549032407407407 0.009241666666666652 0.01642870370370375
0 0.15613619791666666 0.6707458333333334 0.013861979166666672 0.01760277777777775
0 0.042929140624999994 0.5322712962962963 0.007921197916666671 0.015255555555555555
0 0.035007916666666666 0.5240569444444445 0.0105615625 0.01525648148148146
0 0.024116302083333332 0.5381393518518518 0.013862083333333334 0.017602777777777853
0 0.059431770833333335 0.8702425925925926 0.013202083333333333 0.017601851851851844
0 0.05151049479166667 0.8884319444444444 0.015842552083333333 0.01877685185185185
0 0.1888109375 0.5850791666666667 0.006601041666666655 0.01760277777777775
0 0.16669765625 0.5927074074074075 0.013861979166666672 0.016429629629629655
0 0.7941223958333334 0.6243921296296296 0.014526041666666718 0.01642870370370375
0 0.9036979166666667 0.7974847222222222 0.010562499999999985 0.01760277777777775
0 0.9109583333333333 0.8168481481481482 0.01452083333333339 0.018775925925925946
0 0.8297682291666666 0.5340319444444445 0.00792187500000002 0.016428703703703647
0 0.8159062499999999 0.5269907407407407 0.017166666666666684 0.011735185185185166
0 0.8119453124999999 0.5398995370370371 0.011880208333333305 0.016428703703703647
0 0.9469348958333332 0.49706620370370375 0.009901041666666662 0.012908333333333362
0 0.9591484375 0.5082143518518518 0.013203124999999953 0.01642870370370375
0 0.9406640625 0.5052805555555555 0.009244791666666667 0.015255555555555555
3 0.027086718750000002 0.5228833333333333 0.042246354166666666 0.05280740740740745
3 0.05250059895833333 0.8725893518518519 0.04158630208333333 0.06454351851851851
3 0.15547630208333332 0.657250462962963 0.04026614583333335 0.058675000000000026
3 0.12181119791666667 0.5809722222222223 0.046867187500000004 0.07979814814814816
3 0.17197864583333333 0.5639564814814815 0.05346770833333334 0.10913703703703699
3 0.9145911458333332 0.8027657407407407 0.044223958333333376 0.068062962962963
3 0.7964322916666667 0.6038555555555556 0.04951041666666676 0.08801296296296304
3 0.8201953125 0.5269907407407408 0.04026562500000009 0.05867592592592593
3 0.9558463541666666 0.4964796296296296 0.04356770833333326 0.06102222222222222
