0 0.8076536458333334 0.3603523148148149 0.013859374999999948 0.014082407407407412
2 0.8142552083333333 0.3574185185185185 0.028385416666666666 0.05046111111111116
2 -0.0032778385416666667 0.6818939814814815 0.040926197916666664 0.06336944444444441
0 0.18419036458333332 0.4102263888888889 0.00924114583333333 0.01290833333333331
0 0.17428906249999998 0.4178541666666667 0.017162499999999997 0.018776851851851902
0 0.16075703125000002 0.6607708333333333 0.020463020833333328 0.014082407407407358
0 0.1630671875 0.6754398148148147 0.014521874999999972 0.015255555555555555
0 0.04028872395833334 0.5164291666666667 0.01188182291666667 0.014082407407407358
0 0.030717291666666667 0.5305115740740741 0.013862083333333334 0.014082407407407464
0 0.07461406250000001 0.874936574074074 0.010561458333333329 0.019949074074074036
0 0.06438229166666667 0.894299537037037 0.017822916666666657 0.01642870370370375
0 0.1525057291666667 0.627912962962963 0.014521875000000002 0.018775925925925946
0 0.7390026041666666 0.7247273148148149 0.015182291666666714 0.01760277777777775
0 0.9086484375 0.8051125000000001 0.011223958333333428 0.01642870370370375
0 0.9162421875 0.8221287037037036 0.013203124999999953 0.015255555555555555
0 0.8294374999999999 0.5322717592592592 0.007260416666666695 0.012908333333333258
0 0.8380208333333333 0.5451805555555557 0.012541666666666628 0.015255555555555555
0 0.9182213541666667 0.5381388888888889 0.011880208333333423 0.015255555555555555
0 0.899078125 0.5322712962962963 0.010562499999999985 0.015255555555555555
0 0.8766354166666666 0.6637046296296296 0.013197916666666623 0.01994999999999994
3 0.17131848958333334 0.4055324074074074 0.04158593749999998 0.05984814814814817
3 0.031377369791666665 0.5176023148148149 0.038945885416666666 0.05163425925925925
3 0.1501953125 0.6038560185185187 0.050828125 0.1020953703703704
3 0.16207708333333332 0.6590106481481481 0.03762604166666668 0.05984907407407403
3 0.907328125 0.5258171296296296 0.04290624999999994 0.06102314814814823
3 0.8400000000000001 0.5369652777777778 0.03894791666666665 0.05984907407407403
3 0.7353723958333334 0.7000833333333334 0.052807291666666596 0.09740185185185182
3 0.9198723958333335 0.8098069444444445 0.04950520833333331 0.0704101851851852
3 0.8871979166666667 0.6543166666666668 0.05677083333333333 0.08801296296296295
3 0.06306205729166667 0.8772837962962964 0.045546718750000006 0.05984907407407403
