0 0.8357083333333333 0.3820625 0.01452083333333339 0.01760277777777775
2 0.8432994791666667 0.3785416666666667 0.03102604166666675 0.04811481481481482
2 -0.007568515625 0.6836546296296296 0.034985260416666664 0.06219629629629632
0 0.18584088541666666 0.40787962962962965 0.009901562499999983 0.015255555555555555
0 0.17296875 0.41609398148148147 0.017162499999999997 0.015256481481481511
0 0.16570755208333332 0.6519699074074075 0.011881770833333328 0.012908333333333258
0 0.16108671875 0.6695722222222222 0.011881770833333328 0.017601851851851844
0 0.14128385416666667 0.6695722222222222 0.010561458333333343 0.012909259259259266
0 0.024446328124999996 0.5152555555555556 0.01056161458333333 0.01642962962962955
0 0.03203747395833333 0.5258171296296296 0.008581302083333334 0.01642870370370375
0 0.012564531249999998 0.5275777777777779 0.013201979166666667 0.015255555555555555
0 0.07296354166666667 0.8901921296296297 0.015182291666666662 0.019949074074074036
0 0.17032838541666664 0.617937962962963 0.007921354166666669 0.015255555555555555
0 0.14623463541666665 0.6273259259259258 0.012542187499999979 0.01760185185185195
0 0.7723385416666666 0.6631180555555556 0.010562499999999985 0.016428703703703647
0 0.7449427083333333 0.6713324074074074 0.012541666666666628 0.01642962962962955
0 0.9518854166666666 0.8227152777777779 0.009239583333333337 0.01877685185185185
0 0.9317526041666667 0.8215416666666667 0.009901041666666662 0.018775925925925946
0 0.8126067708333333 0.5328583333333334 0.00792187500000002 0.014081481481481454
0 0.821515625 0.5457671296296296 0.012541666666666628 0.014082407407407464
0 0.8535312500000001 0.6073763888888889 0.010562499999999985 0.01760277777777775
0 0.8858750000000001 0.6302597222222223 0.010562499999999985 0.01877685185185185
0 0.8601328125 0.6284995370370371 0.018484375000000004 0.019949074074074143
3 0.06966315104166668 0.8708296296296296 0.04818723958333334 0.0657166666666666
3 0.017185236979166667 0.5158425925925926 0.03960598437499999 0.05750185185185183
3 0.17263854166666667 0.4031856481481482 0.045546874999999994 0.059849074074074075
3 0.15118541666666663 0.6015087962962963 0.05412812499999999 0.08566574074074075
3 0.15712630208333334 0.657250462962963 0.04488697916666666 0.06806388888888891
3 0.9337317708333333 0.8092199074074075 0.05082812499999995 0.07393055555555558
3 0.8667343750000001 0.6091365740740742 0.05677083333333333 0.08214537037037035
3 0.8218463541666667 0.5328583333333334 0.03696354166666668 0.05867592592592593
3 0.7561666666666667 0.6478625 0.06403125000000003 0.09153425925925923
