0 0.9310937499999999 0.39673101851851855 0.01782291666666668 0.014082407407407412
2 0.9291119791666667 0.3873430555555556 0.025744791666666583 0.04459351851851852
0 0.184190625 0.420787962962963 0.010561458333333343 0.015255555555555555
0 0.19211145833333332 0.42782870370370374 0.010561458333333343 0.015255555555555555
0 0.1699984375 0.42665555555555557 0.01782291666666668 0.017601851851851844
0 0.14656458333333333 0.6637046296296297 0.010561458333333343 0.012909259259259266
0 0.14029401041666667 0.6807203703703704 0.013861979166666672 0.018775925925925946
0 0.07593411458333332 0.9048611111111111 0.017163020833333334 0.018775925925925946
0 0.22016588541666668 0.5657166666666666 0.007260937500000016 0.016429629629629655
0 0.19607239583333333 0.5704106481481481 0.01320208333333331 0.016428703703703647
0 0.7710182291666666 0.6595972222222223 0.011880208333333305 0.018775925925925946
0 0.740984375 0.6601837962962963 0.01121874999999998 0.01760277777777775
0 0.8069947916666667 0.5451805555555557 0.008583333333333342 0.015255555555555555
0 0.8314192708333332 0.558675462962963 0.009901041666666662 0.016428703703703647
0 0.813265625 0.5580888888888889 0.011885416666666752 0.012909259259259266
0 0.8954479166666667 0.6296726851851853 0.01121874999999998 0.01760277777777775
0 0.9040286458333333 0.6513828703703705 0.019140625 0.01877685185185185
3 0.9093098958333333 0.6314333333333334 0.054786458333333364 0.08214629629629626
3 0.07527395833333334 0.8890185185185187 0.046207291666666664 0.06454259259259261
3 0.13666328125000002 0.6713324074074074 0.042246354166666666 0.06102222222222222
3 0.20168307291666665 0.5528078703703704 0.05346822916666666 0.08918611111111113
3 0.17395885416666665 0.4143337962962963 0.046866666666666654 0.06336944444444441
3 0.8162369791666666 0.5481138888888889 0.04158854166666662 0.05867592592592593
3 0.7541875 0.6431685185185186 0.06403125000000003 0.09622777777777783
