0 0.3185208333333333 0.6155907407407407 0.02178333333333331 0.01994999999999994
2 0.32149114583333327 0.6073763888888889 0.029044791666666646 0.0668898148148148
1 0.03203747395833333 0.5944675925925927 0.02310348958333333 0.015255555555555555
0 0.057121197916666665 0.6267388888888888 0.016502395833333336 0.05867592592592593
0 0.034677890625000006 0.6155907407407407 0.005940885416666667 0.02933703703703701
0 0.03038721354166667 0.6384740740740741 0.007921197916666668 0.03755185185185189
0 0.013224635416666667 0.6214583333333333 0.009241354166666665 0.038725925925925886
4 0.03896856770833334 0.6525564814814815 0.08845348958333334 0.14786296296296297
0 0.5419661458333332 0.332187962962963 0.01716145833333336 0.014081481481481507
0 0.5432864583333332 0.3468564814814815 0.019802083333333324 0.015255555555555555
0 0.5244713541666667 0.32984074074074077 0.009901041666666662 0.018775925925925946
0 0.13996380208333334 0.4260689814814815 0.011881770833333328 0.014082407407407412
0 0.13699322916666665 0.4442578703703704 0.012541666666666673 0.01760277777777775
0 0.11520989583333334 0.44367129629629626 0.011221874999999996 0.016429629629629603
0 0.16834817708333336 0.5627828703703703 0.00924114583333333 0.02229722222222224
0 0.1501953125 0.5633694444444446 0.020463541666666647 0.016429629629629655
0 0.1501953125 0.5850796296296297 0.01782291666666668 0.01994999999999994
0 0.34723489583333333 0.8332773148148148 0.017162499999999997 0.021123148148148137
0 0.5215020833333334 0.5739310185185185 0.007922916666666661 0.021123148148148137
0 0.3960825520833333 0.6625314814814816 0.011881770833333328 0.019950000000000048
0 0.36439765625 0.6584240740740741 0.01320156249999999 0.018775925925925946
0 0.6284375 0.5985750000000001 0.010562499999999985 0.01642962962962955
0 0.6215052083333333 0.6138305555555555 0.012541666666666628 0.01642962962962955
0 0.5990625 0.6114833333333334 0.008583333333333342 0.018775925925925946
0 0.27957473958333334 0.8326902777777777 0.01782239583333336 0.017602777777777853
0 0.26340234375 0.8391444444444446 0.00924114583333336 0.016429629629629655
0 0.500378125 0.6144171296296297 0.010561458333333343 0.02229722222222224
0 0.4766145833333333 0.6079629629629629 0.01848229166666666 0.016429629629629655
0 0.4733143229166667 0.6238050925925925 0.018482812499999984 0.017602777777777853
3 0.49641848958333334 0.5627824074074075 0.06337135416666667 0.09270740740740732
3 0.2742940104166667 0.8238888888888889 0.04422656249999998 0.07041111111111109
3 0.5380046875 0.3204532407407408 0.040928124999999996 0.07510462962962963
3 0.15646640624999997 0.5610226851851852 0.042246354166666666 0.07979907407407406
3 0.6172161458333334 0.6026819444444446 0.04620312500000002 0.07158425925925929
3 0.48420572916666665 0.5921208333333333 0.05874895833333333 0.1020953703703703
3 0.37627942708333334 0.6378875 0.07393072916666667 0.11383055555555546
3 0.34624505208333334 0.814500925925926 0.046867187500000004 0.07745185185185188
3 0.1317125 0.4360439814814815 0.04818750000000002 0.0668898148148148
