0 0.32512187499999995 0.6050291666666666 0.02178333333333331 0.01525648148148146
2 0.32776223958333334 0.5968143518518518 0.03366510416666664 0.0668898148148148
1 0.09936770833333333 0.587426851851852 0.023103125000000002 0.015255555555555555
0 0.12247135416666666 0.618524537037037 0.015182291666666669 0.061023148148148125
0 0.10002786458333332 0.6091361111111111 0.007260937500000001 0.03051111111111111
0 0.09573723958333333 0.6302597222222222 0.007921354166666653 0.03755277777777769
0 0.07890442708333334 0.6132435185185185 0.009901562499999997 0.03872592592592599
4 0.10200807291666666 0.6443416666666667 0.09043385416666669 0.14551481481481476
0 0.6218359375000001 0.31927962962962964 0.018484375000000004 0.011735185185185166
0 0.6211770833333333 0.33394814814814816 0.019802083333333324 0.015255555555555555
0 0.14029375 0.35976527777777784 0.008581249999999999 0.0176027777777778
0 0.22907734375 0.6543166666666668 0.011881770833333328 0.017601851851851844
0 0.22280625 0.676613425925926 0.016502083333333317 0.02229722222222224
0 0.19937291666666665 0.6736796296296296 0.010561458333333343 0.018775925925925946
0 0.45483125 0.7435037037037037 0.01320208333333337 0.01994999999999994
0 0.43139791666666666 0.7423296296296297 0.015182291666666714 0.019950000000000048
0 0.5855312499999998 0.5680638888888889 0.00791666666666669 0.018775925925925946
0 0.3455846354166667 0.6496226851851852 0.013861979166666672 0.01760277777777775
0 0.3185205729166667 0.6373009259259259 0.007260937499999957 0.018775925925925946
0 0.5970807291666667 0.6813074074074075 0.009901041666666662 0.017601851851851844
0 0.6089635416666667 0.6983231481481482 0.013864583333333276 0.016429629629629655
0 0.5634192708333332 0.6073763888888889 0.015182291666666596 0.022297222222222135
0 0.539984375 0.5950541666666667 0.01584375000000004 0.016428703703703647
0 0.5343723958333333 0.6114837962962962 0.015182291666666655 0.021123148148148137
3 0.13006223958333332 0.3538976851851852 0.0330046875 0.04811388888888886
3 0.5607786458333333 0.5557416666666667 0.060067708333333296 0.09505370370370372
3 0.3399739583333333 0.6249787037037037 0.06601041666666667 0.11148333333333338
3 0.620515625 0.30871759259259257 0.03696875000000001 0.07041111111111115
3 0.21752552083333332 0.6648782407407409 0.052147916666666676 0.07627870370370368
3 0.44063932291666663 0.7352888888888889 0.046867187500000004 0.06689074074074071
3 0.5512046875000001 0.5839060185185185 0.06600729166666669 0.10913611111111118
3 0.6076432291666668 0.6854148148148149 0.046869791666666674 0.07275740740740749
