0 0.32083125 0.8045259259259259 0.017162499999999997 0.022296296296296335
0 0.2785846354166666 0.7980717592592593 0.014522395833333293 0.025817592592592628
0 0.10596874999999999 0.5727578703703705 0.012541666666666673 0.021123148148148137
0 0.11554010416666666 0.5844930555555556 0.009241666666666667 0.021123148148148137
0 0.09012630208333333 0.5897736111111112 0.016502604166666667 0.01760277777777775
0 0.96871875 0.322799537037037 0.01782291666666668 0.021123148148148137
0 0.558796875 0.5921203703703704 0.01782291666666668 0.019950000000000048
2 0.97928125 0.3198662037037037 0.042906250000000055 0.07158425925925924
3 0.5594583333333334 0.5545680555555556 0.07327083333333331 0.14903611111111117
3 0.30927942708333334 0.7704944444444445 0.09703489583333334 0.16546481481481481
3 0.09309661458333333 0.5768652777777779 0.055448437499999996 0.07862499999999997
