0 0.8746536458333334 0.39731805555555555 0.01716145833333336 0.012908333333333362
2 0.8739947916666667 0.39145 0.025083333333333374 0.045766666666666664
0 0.19871276041666666 0.4290027777777778 0.00924114583333333 0.015255555555555555
0 0.20465364583333334 0.4360439814814815 0.009241666666666681 0.012908333333333362
0 0.1861708333333333 0.4336962962962963 0.015842708333333337 0.015255555555555555
0 0.19112135416666665 0.6414083333333334 0.012541666666666658 0.015255555555555555
0 0.18881119791666665 0.657837037037037 0.011881770833333328 0.015255555555555555
0 0.16966848958333333 0.6601842592592593 0.011881770833333328 0.015255555555555555
0 0.03962861979166667 0.7792953703703704 0.013202031250000005 0.018775925925925946
0 0.783890625 0.5457671296296296 0.007260416666666695 0.016428703703703647
0 0.7974244791666667 0.5575023148148148 0.011880208333333305 0.014082407407407358
3 0.19112135416666665 0.4225481481481481 0.04290625 0.05867592592592593
3 0.18419036458333332 0.6502092592592593 0.042246354166666666 0.058675925925925826
3 0.038308359374999996 0.7616925925925926 0.054128072916666665 0.08449259259259266
3 0.7954427083333333 0.5434194444444445 0.03168750000000008 0.05398148148148144
