0 0.9066718749999999 0.390863425925926 0.01782291666666668 0.014082407407407412
2 0.907 0.3849962962962963 0.02376041666666661 0.042246296296296275
0 0.1997028645833333 0.42137500000000006 0.011221354166666675 0.011735185185185218
0 0.20498359374999997 0.4290023148148148 0.009901562500000013 0.012908333333333362
0 0.18551067708333333 0.42665555555555557 0.015842187500000014 0.015255555555555555
0 0.1716484375 0.6449287037037037 0.017162499999999997 0.015255555555555555
0 0.17626901041666668 0.6584240740740741 0.011881770833333357 0.016429629629629655
0 0.15712630208333334 0.656663425925926 0.011881770833333328 0.01760277777777775
0 0.003983255208333333 0.5134953703703704 0.010561614583333332 0.012909259259259266
0 0.009594088541666667 0.5234703703703704 0.008581302083333332 0.016429629629629655
0 0.06933307291666667 0.7165125 0.009241145833333337 0.017602777777777853
0 0.044579375 0.7270745370370371 0.013862083333333334 0.01760277777777775
0 0.7845494791666667 0.5170157407407407 0.009901041666666662 0.015255555555555555
0 0.7951119791666666 0.5287509259259259 0.011223958333333428 0.015255555555555555
0 0.7779479166666667 0.5264037037037038 0.007260416666666695 0.015255555555555555
0 0.8254765625 0.6144175925925925 0.01122395833333331 0.015255555555555555
0 0.8076536458333334 0.5927069444444444 0.009901041666666662 0.009387962962962973
0 0.807984375 0.6067893518518519 0.010562499999999985 0.014082407407407464
3 0.18947135416666666 0.4143337962962963 0.04356666666666665 0.058675000000000026
3 0.16669791666666667 0.647275925925926 0.04158645833333333 0.057501851851851936
3 0.05019020833333333 0.7012569444444445 0.056768541666666665 0.08801388888888885
3 0.7918125000000001 0.5187763888888889 0.037625000000000006 0.05632870370370374
3 0.8152473958333334 0.6009217592592593 0.042244791666666615 0.05632870370370374
3 -0.0019576562499999998 0.5140819444444444 0.035645416666666666 0.05163425925925925
