0 0.8630208333333333 0.2967592592592593 0.019791666666666666 0.01388888888888889
2 0.8622395833333333 0.2884259259259259 0.028645833333333332 0.05648148148148149
0 0.09635416666666667 0.9805555555555556 0.014583333333333334 0.02777777777777778
0 0.0640625 0.800462962962963 0.011458333333333333 0.019444444444444445
0 0.07135416666666666 0.8106481481481482 0.008333333333333333 0.017592592592592594
0 0.048177083333333336 0.826388888888889 0.015104166666666667 0.015740740740740743
0 0.2635416666666667 0.7310185185185185 0.007291666666666667 0.017592592592592594
0 0.24036458333333333 0.7550925925925926 0.015104166666666667 0.017592592592592594
0 0.8533854166666667 0.5032407407407408 0.021354166666666667 0.01388888888888889
0 0.8322916666666667 0.487962962962963 0.007291666666666667 0.018518518518518517
0 0.6591145833333333 0.4462962962962963 0.009895833333333333 0.014814814814814815
0 0.63125 0.45416666666666666 0.0125 0.015740740740740743
0 0.9239583333333333 0.612037037037037 0.013541666666666667 0.016666666666666666
0 0.9018229166666667 0.6018518518518519 0.0109375 0.016666666666666666
3 0.8507812499999999 0.48055555555555557 0.0546875 0.08333333333333334
3 0.6427083333333333 0.4277777777777778 0.06458333333333333 0.10740740740740741
3 0.9158854166666667 0.5935185185185186 0.049479166666666664 0.06851851851851852
3 0.240625 0.7115740740740741 0.06354166666666666 0.12685185185185185
3 0.07526041666666666 0.951388888888889 0.08385416666666666 0.09722222222222222
3 0.052083333333333336 0.8046296296296297 0.059375 0.07777777777777778
