0 0.81640625 0.2662037037037037 0.013020833333333334 0.01388888888888889
2 0.8236979166666667 0.2611111111111111 0.03177083333333333 0.05185185185185186
0 0.026822916666666665 0.7976851851851852 0.0109375 0.021296296296296296
0 0.03567708333333333 0.8092592592592593 0.008854166666666666 0.018518518518518517
0 0.011197916666666667 0.8245370370370371 0.015104166666666667 0.019444444444444445
0 0.26510416666666664 0.712962962962963 0.00625 0.016666666666666666
0 0.24192708333333332 0.7356481481481482 0.018229166666666668 0.017592592592592594
0 0.14791666666666667 0.5583333333333333 0.01875 0.016666666666666666
0 0.15546875 0.5726851851851852 0.011979166666666666 0.015740740740740743
0 0.13046875 0.5750000000000001 0.013020833333333334 0.014814814814814815
0 0.8606770833333334 0.47685185185185186 0.011979166666666666 0.014814814814814815
0 0.8380208333333333 0.46944444444444444 0.01875 0.014814814814814815
0 0.8333333333333334 0.4851851851851852 0.021875 0.018518518518518517
0 0.6638020833333333 0.4708333333333333 0.013020833333333334 0.015740740740740743
0 0.6346354166666667 0.46481481481481485 0.009895833333333333 0.014814814814814815
0 0.9046875 0.600925925925926 0.015625 0.012962962962962964
0 0.8903645833333333 0.5865740740740741 0.009895833333333333 0.017592592592592594
0 0.8815104166666666 0.5990740740740741 0.009895833333333333 0.016666666666666666
3 0.84453125 0.45925925925925926 0.0640625 0.10185185185185186
3 0.6515625 0.44537037037037036 0.0625 0.10555555555555556
3 0.8997395833333334 0.5893518518518519 0.050520833333333334 0.06759259259259259
3 0.24348958333333334 0.6949074074074074 0.06614583333333333 0.1287037037037037
3 0.13411458333333334 0.9231481481481482 0.06927083333333334 0.12222222222222223
3 0.1375 0.5597222222222222 0.05416666666666667 0.075
3 0.021354166666666667 0.8023148148148148 0.041666666666666664 0.08055555555555556
