0 0.09817708333333333 0.9680555555555556 0.0234375 0.021296296296296296
0 0.058333333333333334 0.9694444444444444 0.014583333333333334 0.022222222222222223
0 0.15 0.8092592592592593 0.011458333333333333 0.018518518518518517
0 0.16041666666666665 0.8231481481481482 0.008333333333333333 0.018518518518518517
0 0.13671875 0.8384259259259259 0.01614583333333333 0.017592592592592594
0 0.2869791666666667 0.8092592592592593 0.014583333333333334 0.016666666666666666
0 0.34322916666666664 0.7337962962962963 0.0125 0.019444444444444445
0 0.35078125 0.7481481481481482 0.0078125 0.016666666666666666
0 0.32734375 0.7555555555555555 0.015104166666666667 0.016666666666666666
0 0.859375 0.45925925925925926 0.0125 0.014814814814814815
0 0.8380208333333333 0.45416666666666666 0.019791666666666666 0.015740740740740743
0 0.8351562499999999 0.46805555555555556 0.0203125 0.017592592592592594
0 0.68828125 0.4615740740740741 0.008854166666666666 0.017592592592592594
0 0.6609375 0.45787037037037037 0.011458333333333333 0.015740740740740743
0 0.8752604166666667 0.6226851851851852 0.0140625 0.015740740740740743
0 0.8588541666666667 0.611574074074074 0.015625 0.017592592592592594
0 0.8520833333333333 0.625462962962963 0.010416666666666666 0.021296296296296296
3 0.840625 0.4393518518518519 0.06145833333333333 0.10092592592592593
3 0.6708333333333333 0.43194444444444446 0.065625 0.10648148148148148
3 0.8684895833333334 0.6129629629629629 0.0515625 0.07407407407407407
3 0.28229166666666666 0.7652777777777778 0.06354166666666666 0.13240740740740742
3 0.08697916666666666 0.9393518518518519 0.084375 0.1212962962962963
3 0.33359375 0.737037037037037 0.0515625 0.06666666666666667
3 0.13854166666666667 0.8194444444444445 0.05625 0.07407407407407407
