0 0.6858645833333334 0.24124074074074076 0.01584374999999992 0.015255555555555581
2 0.692796875 0.24006759259259264 0.03366666666666672 0.05280740740740739
0 0.4719940104166666 0.7575851851851853 0.014522395833333293 0.015255555555555555
0 0.6634244791666667 0.7769481481481482 0.00792187500000002 0.018775925925925946
0 0.6320703125 0.7775351851851853 0.015182291666666714 0.01760185185185195
0 0.5901536458333333 0.766387037037037 0.013203124999999953 0.018775925925925946
0 0.7373541666666665 0.4466055555555556 0.009239583333333337 0.015255555555555555
0 0.7165598958333333 0.4413240740740741 0.019140625 0.011735185185185166
0 0.7159010416666668 0.45716712962962963 0.01782291666666668 0.01760277777777775
0 0.6356979166666666 0.5481138888888889 0.0066041666666667 0.016429629629629655
0 0.6092942708333333 0.559849074074074 0.0145260416666666 0.016429629629629655
0 0.8419791666666666 0.5322717592592592 0.008583333333333342 0.012908333333333258
0 0.8234973958333334 0.5463537037037036 0.013859375000000066 0.015255555555555555
0 0.8241588541666668 0.6103101851851852 0.009901041666666662 0.01642962962962955
0 0.8033645833333334 0.6196981481481482 0.01452083333333339 0.01642962962962955
3 0.7198593750000001 0.4284157407407408 0.058749999999999976 0.09622777777777783
3 0.6162239583333333 0.5316851851851853 0.058749999999999976 0.1196981481481481
3 0.8291067708333333 0.5252305555555556 0.04356770833333338 0.06689074074074071
3 0.639328125 0.7446768518518518 0.06798958333333331 0.13495370370370371
3 0.8129348958333333 0.6050291666666667 0.04554687500000002 0.0668898148148148
3 0.48222552083333337 0.735875462962963 0.04818749999999999 0.07510462962962969
3 0.5957630208333332 0.7481972222222224 0.046869791666666674 0.07627777777777778
