0 0.5868515625 0.2611907407407408 0.01716145833333336 0.015255555555555555
0 0.8980859374999999 0.20368842592592593 0.009901041666666662 0.04811388888888889
0 0.88290625 0.2083824074074074 0.005937500000000047 0.022296296296296283
0 0.861453125 0.19899490740740738 0.01452083333333339 0.04811388888888889
1 0.8815859375 0.1725902777777778 0.020463541666666647 0.014082407407407412
4 0.8779557291666668 0.21718379629629628 0.07260937500000005 0.11265648148148147
2 0.5914739583333334 0.25532314814814816 0.03036458333333331 0.0504611111111111
0 0.6993984374999999 0.5809722222222223 0.008578125000000015 0.014081481481481454
0 0.6789348958333332 0.5839060185185185 0.01122395833333331 0.01525648148148146
0 0.7020390624999999 0.4900250000000001 0.01122395833333331 0.015255555555555555
0 0.6753046875000001 0.49589259259259266 0.011880208333333305 0.015255555555555555
0 0.6442786458333333 0.6701587962962964 0.006598958333333253 0.01642870370370375
0 0.6267890625 0.6801337962962963 0.015182291666666714 0.01760277777777775
0 0.5822317708333334 0.4436717592592593 0.018484375000000004 0.009387962962962973
0 0.5835520833333334 0.4583407407407407 0.019802083333333324 0.015255555555555555
0 0.5584661458333334 0.44836574074074076 0.011880208333333423 0.016429629629629655
0 0.5198513020833333 0.5252305555555556 0.009901562499999983 0.015255555555555555
0 0.48816640625 0.5228833333333333 0.012542187500000008 0.01994999999999994
0 0.6736562500000001 0.3984912037037037 0.007260416666666695 0.010562037037037073
0 0.6601223958333333 0.41198657407407413 0.011880208333333305 0.014082407407407412
3 0.5752994791666667 0.4325231481481482 0.05874479166666665 0.09974814814814816
3 0.5040075520833334 0.5029337962962963 0.06930781250000001 0.11148425925925928
3 0.6627630208333334 0.3949708333333333 0.03432812500000004 0.059849074074074075
3 0.6947786458333333 0.4647944444444444 0.07063020833333328 0.11265740740740743
3 0.6878463541666666 0.5692370370370371 0.04620312500000002 0.0680629629629629
3 0.6284375 0.6590106481481481 0.04225000000000006 0.07393055555555558
