0 0.6261249999999999 0.2523888888888889 0.01782291666666668 0.011735185185185166
0 0.8076536458333334 0.20075462962962964 0.008578125000000015 0.04928703703703705
0 0.7739895833333333 0.1954736111111111 0.012541666666666628 0.04811388888888889
1 0.7918125 0.17141666666666666 0.016499999999999914 0.011735185185185192
0 0.7931328125 0.20779583333333335 0.00461979166666661 0.021123148148148137
4 0.7881822916666666 0.21483703703703705 0.06733333333333331 0.1126574074074074
2 0.622828125 0.24769537037037034 0.028385416666666666 0.05398148148148149
0 0.3442645833333334 0.7399828703703704 0.012541666666666687 0.01525648148148146
0 0.31984088541666666 0.745850462962963 0.013861979166666672 0.01760277777777775
0 0.37561953124999997 0.8027657407407407 0.011881770833333328 0.018775925925925946
0 0.35119557291666664 0.8103935185185186 0.014522395833333293 0.019950000000000048
0 0.5096195312499999 0.4471921296296296 0.014522395833333293 0.014082407407407412
0 0.5158893229166667 0.4583407407407407 0.015179687500000049 0.015255555555555555
0 0.48816640624999996 0.4589273148148148 0.01782239583333336 0.0164287037037037
0 0.4967473958333333 0.5663032407407408 0.015182291666666714 0.017602777777777853
3 0.4993872395833333 0.4336967592592593 0.06402760416666667 0.10209537037037035
3 0.49641718749999997 0.5445935185185186 0.06072812499999997 0.10796296296296298
3 0.33238281249999996 0.7282476851851851 0.05742916666666667 0.07862500000000007
3 0.3617572916666667 0.7916175925925927 0.05412812500000002 0.08566666666666665
3 0.6251380208333333 0.4624476851851852 0.03828645833333333 0.06806388888888885
3 0.6439505208333334 0.5017606481481481 0.054786458333333364 0.1020953703703704
