0 0.6621041666666667 0.24828194444444446 0.01584375000000004 0.012908333333333362
0 0.8069947916666667 0.20016805555555556 0.008583333333333342 0.048113888888888914
0 0.7729999999999999 0.19488703703703705 0.011885416666666633 0.04694074074074074
1 0.7918125000000001 0.17200370370370371 0.01782291666666668 0.012909259259259266
4 0.7881796875 0.21483703703703705 0.06865104166666663 0.11030925925925927
2 0.6654036458333333 0.24182777777777778 0.027723958333333344 0.05163518518518521
0 0.39410208333333335 0.6883481481481482 0.010561458333333343 0.015255555555555555
0 0.37000859375 0.6948027777777778 0.013861979166666672 0.016429629629629655
0 0.3759494791666667 0.7658 0.012541666666666687 0.012909259259259266
0 0.37132864583333336 0.7916171296296297 0.013862499999999993 0.01760277777777775
0 0.34723489583333333 0.7910310185185185 0.010561458333333343 0.021123148148148137
0 0.5073091145833333 0.44660509259259257 0.01782239583333336 0.01056203703703702
0 0.5116 0.460100462962963 0.017162499999999997 0.0164287037037037
0 0.48486588541666664 0.4559930555555555 0.013861979166666672 0.0176027777777778
0 0.5769505208333333 0.5762782407407407 0.01320312500000007 0.016428703703703647
0 0.5498854166666668 0.5751046296296297 0.009239583333333337 0.016429629629629655
3 0.4990591145833333 0.43487037037037035 0.06337135416666667 0.09974814814814816
3 0.5719973958333334 0.5516342592592592 0.06667187499999999 0.11265740740740748
3 0.3818903645833333 0.6754398148148147 0.05346822916666666 0.07627777777777778
3 0.3643976562499999 0.774601388888889 0.05412864583333334 0.08214537037037035
