0 0.6812447916666666 0.2588435185185185 0.01452083333333339 0.015255555555555555
0 0.8066640625 0.20134120370370373 0.009244791666666667 0.04811388888888889
0 0.7928020833333332 0.2066222222222222 0.005281250000000052 0.023470370370370357
0 0.7729999999999999 0.19723425925925925 0.010562499999999985 0.04694074074074074
1 0.7908203125 0.17083009259259263 0.017161458333333237 0.012908333333333336
4 0.7875234375 0.21366342592592594 0.06865104166666663 0.1126564814814815
2 0.6885078124999999 0.25590972222222225 0.031682291666666626 0.04928796296296296
0 0.4604421875 0.6120703703703705 0.007261458333333337 0.012909259259259162
0 0.44228932291666667 0.6220449074074074 0.014522395833333293 0.014082407407407464
0 0.4452598958333333 0.7593458333333333 0.016502083333333317 0.01642870370370375
0 0.6182057291666666 0.5258171296296296 0.009901041666666662 0.01642870370370375
0 0.507309375 0.44601851851851854 0.015182291666666714 0.011735185185185166
0 0.51127109375 0.4618611111111111 0.019145312500000008 0.015255555555555555
0 0.4851958333333333 0.4577537037037037 0.01320208333333331 0.018775925925925894
0 0.5304140625 0.5563287037037038 0.015182291666666655 0.018775925925925946
0 0.5538463541666666 0.5381393518518518 0.00792187500000002 0.017602777777777853
3 0.4970786458333334 0.43545694444444444 0.06205104166666668 0.10092129629629636
3 0.5347044270833334 0.5211231481481482 0.05809114583333338 0.11735185185185186
3 0.44558984375 0.6050291666666666 0.042246354166666694 0.07158425925925929
3 0.4452598958333333 0.736462037037037 0.037626041666666644 0.08097222222222226
3 0.6340468749999999 0.49941296296296295 0.058749999999999976 0.1044425925925926
