1 0.7904921874999999 0.16906990740740743 0.016505208333333243 0.014082407407407384
0 0.8060052083333334 0.19840787037037036 0.009239583333333337 0.04693981481481481
0 0.7713489583333333 0.1937138888888889 0.012541666666666628 0.04694074074074074
4 0.7855416666666667 0.21131666666666668 0.06996875000000008 0.11500370370370372
0 0.7921432291666667 0.20544861111111112 0.003963541666666733 0.021123148148148137
0 0.5706796875 0.2606037037037037 0.01650520833333336 0.011735185185185166
2 0.5677083333333334 0.2523893518518519 0.026406249999999905 0.051634259259259276
0 0.41423515625 0.6390611111111111 0.013861979166666672 0.015255555555555555
0 0.51325 0.6414083333333334 0.008581249999999999 0.015255555555555555
0 0.5205098958333333 0.6531430555555556 0.005938541666666689 0.01760277777777775
0 0.5013684895833334 0.6619444444444446 0.013861979166666613 0.016429629629629655
0 0.6300885416666666 0.5164291666666667 0.007260416666666695 0.01642870370370375
0 0.6056640625 0.5187763888888889 0.013859375000000066 0.016428703703703647
0 0.50532890625 0.45012592592592593 0.019143229166666664 0.010561111111111117
0 0.5059890625 0.4671416666666667 0.01914270833333334 0.014081481481481454
0 0.40235312500000003 0.5316847222222222 0.015182291666666655 0.01642870370370375
3 0.5046684895833333 0.4360435185185186 0.04950677083333333 0.09740185185185186
0 0.48717604166666667 0.4507125 0.006601041666666655 0.014082407407407412
3 0.4003731770833333 0.5064546296296296 0.054788020833333326 0.1044425925925926
3 0.41489531249999995 0.6202847222222223 0.03630520833333334 0.07393055555555558
3 0.50235859375 0.6431680555555556 0.04488697916666666 0.07510462962962958
3 0.612265625 0.4894384259259259 0.05742708333333333 0.11031018518518512
