0 0.4322916666666667 0.6138888888888889 0.009375 0.020370370370370372
0 0.4046875 0.6226851851851852 0.013541666666666667 0.019444444444444445
0 0.33203125 0.8023148148148148 0.015104166666666667 0.02314814814814815
0 0.31875 0.8356481481481481 0.019791666666666666 0.017592592592592594
0 0.8875 0.9152777777777779 0.014583333333333334 0.021296296296296296
0 0.8567708333333334 0.8944444444444445 0.008333333333333333 0.020370370370370372
0 0.3768229166666667 0.6060185185185185 0.019270833333333334 0.021296296296296296
0 0.35260416666666666 0.5893518518518519 0.0125 0.025
0 0.45651041666666664 0.6138888888888889 0.013020833333333334 0.014814814814814815
0 0.48411458333333335 0.6083333333333334 0.009895833333333333 0.022222222222222223
0 0.08697916666666666 0.9018518518518519 0.015625 0.022222222222222223
0 0.058854166666666666 0.888888888888889 0.015625 0.018518518518518517
0 0.06067708333333333 0.9055555555555556 0.0140625 0.024074074074074074
2 0.00546875 0.675 0.009895833333333333 0.07407407407407407
3 0.365625 0.575925925925926 0.05625 0.09444444444444444
3 0.4627604166666667 0.5833333333333334 0.058854166666666666 0.10740740740740741
3 0.40989583333333335 0.5930555555555556 0.0625 0.1212962962962963
3 0.32447916666666665 0.8115740740740741 0.05 0.08425925925925926
3 0.0671875 0.8930555555555556 0.059375 0.08611111111111111
3 0.8786458333333333 0.8907407407407407 0.057291666666666664 0.08518518518518518
