1 0.7904921874999999 0.16906990740740743 0.016505208333333243 0.014082407407407384
0 0.8060052083333334 0.19840787037037036 0.009239583333333337 0.04693981481481481
0 0.7918125 0.20368842592592593 0.003302083333333409 0.02229722222222221
0 0.7713489583333333 0.1937138888888889 0.012541666666666628 0.04694074074074074
4 0.7855416666666667 0.21131666666666668 0.06996875000000008 0.11500370370370372
0 0.5155598958333333 0.2641240740740741 0.01716145833333336 0.011735185185185218
2 0.5172098958333333 0.25590972222222225 0.02838229166666662 0.05163425925925925
0 0.49410729166666667 0.5352050925925926 0.007261458333333337 0.014082407407407358
0 0.4772747395833334 0.5445935185185186 0.014522395833333293 0.016429629629629655
0 0.5059890625 0.6390611111111112 0.011221875000000025 0.012909259259259266
0 0.5046690104166667 0.6625310185185186 0.013861979166666672 0.01760277777777775
0 0.4818955729166666 0.6613578703703703 0.011881770833333328 0.017602777777777853
0 0.6092942708333333 0.5463537037037036 0.006598958333333371 0.015255555555555555
0 0.5201799479166667 0.44484490740740745 0.0065984375000000504 0.01877685185185185
0 0.50103828125 0.4424976851851852 0.01716302083333332 0.009387962962962973
0 0.49971796874999996 0.4589273148148148 0.018482812499999984 0.014082407407407412
0 0.4307377604166666 0.6108967592592592 0.012542187500000008 0.01525648148148146
0 0.40202343749999997 0.5985750000000001 0.009241666666666622 0.018775925925925946
3 0.50268828125 0.4254824074074074 0.05346718750000002 0.09974814814814816
3 0.4218263020833333 0.5809722222222223 0.06336927083333332 0.12204444444444444
3 0.48024505208333335 0.5264041666666667 0.042906770833333316 0.06454351851851851
3 0.49542734375 0.647275462962963 0.04950781250000003 0.07627870370370378
3 0.6284375 0.5234703703703704 0.05809374999999998 0.10796296296296298
