0 0.6347083333333332 0.27468611111111113 0.01782291666666668 0.014081481481481454
1 0.9109609375000001 0.18256527777777778 0.018484375000000004 0.012908333333333336
0 0.9274635416666667 0.21366342592592594 0.010562499999999985 0.049287962962962985
0 0.8911588541666667 0.20779583333333335 0.01320312500000007 0.04928796296296296
4 0.9056796874999999 0.22481203703703706 0.07128645833333327 0.1161777777777778
2 0.6327291666666666 0.2658847222222222 0.027062500000000017 0.0504601851851852
0 0.601703125 0.5463537037037036 0.007260416666666695 0.015255555555555555
0 0.5848697916666665 0.5950541666666667 0.009239583333333337 0.016428703703703647
0 0.5545078125 0.6026819444444446 0.011880208333333305 0.017602777777777853
0 0.6957682291666667 0.5733444444444444 0.011880208333333305 0.017601851851851844
0 0.6607838541666666 0.5528078703703704 0.011880208333333305 0.014082407407407358
0 0.6677135416666667 0.578038425925926 0.019145833333333327 0.017602777777777853
3 0.6799244791666667 0.5539814814814814 0.06732812499999999 0.09388148148148143
3 0.5660598958333334 0.5727574074074074 0.0706302083333334 0.11969814814814815
3 0.5904817708333333 0.5334453703703703 0.036307291666666686 0.06219629629629632
