0 0.8376901041666667 0.579212037037037 0.011880208333333305 0.012909259259259266
0 0.8571614583333333 0.5698240740740742 0.007260416666666695 0.015255555555555555
0 0.2455796875 0.4935453703703704 0.01320208333333334 0.015255555555555555
0 0.2168653645833333 0.501173611111111 0.011221354166666675 0.01642870370370375
0 0.09573723958333333 0.5721712962962963 0.014522395833333339 0.015255555555555555
0 0.07824453125 0.5569152777777777 0.013861979166666672 0.01525648148148146
0 0.07197343750000001 0.5727578703703705 0.010561458333333329 0.01642870370370375
0 0.7621067708333332 0.5275777777777779 0.005942708333333376 0.015255555555555555
0 0.7376848958333333 0.5310981481481482 0.013859375000000066 0.015255555555555555
0 0.9195416666666666 0.7188597222222223 0.019802083333333324 0.01760277777777775
0 0.8954453125 0.6989101851851852 0.015182291666666596 0.019950000000000048
0 0.8871979166666667 0.7135791666666668 0.014520833333333271 0.025817592592592524
3 0.9116197916666666 0.6860013888888888 0.07261458333333337 0.10913611111111118
3 0.7396640625 0.5035203703703705 0.06534895833333335 0.10796296296296294
3 0.8423098958333334 0.5621958333333333 0.042244791666666615 0.07510462962962958
3 0.23171770833333336 0.46714166666666673 0.06336979166666667 0.11500370370370372
3 0.08781588541666666 0.5551550925925927 0.05412864583333333 0.07510462962962969
