0 0.8396692708333333 0.25532314814814816 0.0145260416666666 0.015255555555555555
2 0.8459401041666667 0.25297592592592594 0.03366145833333327 0.05046111111111113
0 0.8565026041666667 0.5674768518518519 0.005942708333333376 0.015255555555555661
0 0.8383489583333333 0.5768648148148148 0.013197916666666623 0.015255555555555555
0 0.18419036458333332 0.5211231481481482 0.014522395833333323 0.01642962962962955
0 0.8178880208333333 0.6818939814814815 0.013203124999999953 0.01642870370370375
0 0.8003932291666667 0.6683986111111111 0.015182291666666596 0.01760277777777775
0 0.7947838541666667 0.6836546296296296 0.011880208333333423 0.019950000000000048
0 0.6290989583333333 0.4683152777777778 0.009239583333333337 0.01642870370370375
0 0.8343880208333334 0.7634527777777778 0.021119791666666644 0.015255555555555555
0 0.8099661458333333 0.7399828703703704 0.011880208333333305 0.019949074074074036
0 0.8030338541666665 0.755825 0.012546874999999957 0.023470370370370437
3 0.8264687500000001 0.7317680555555557 0.0712916666666666 0.12087129629629635
3 0.64725 0.45188611111111116 0.06403125000000003 0.11030925925925927
3 0.8413203125000001 0.5569152777777777 0.04026562499999997 0.07627870370370368
3 0.8073255208333333 0.6695722222222221 0.047526041666666664 0.069237037037037
3 0.18122005208333333 0.4865046296296296 0.06138906249999998 0.11148333333333332
