0 0.41328125 0.5833333333333334 0.0109375 0.020370370370370372
0 0.3833333333333333 0.5842592592592593 0.014583333333333334 0.018518518518518517
0 0.8622395833333333 0.8921296296296297 0.008854166666666666 0.025
0 0.8947916666666667 0.9162037037037037 0.014583333333333334 0.019444444444444445
0 0.47734375 0.4587962962962963 0.0109375 0.021296296296296296
0 0.45260416666666664 0.45416666666666666 0.019791666666666666 0.017592592592592594
0 0.4713541666666667 0.5805555555555556 0.008333333333333333 0.018518518518518517
0 0.44375 0.5865740740740741 0.0125 0.017592592592592594
0 0.027083333333333334 0.8902777777777778 0.0125 0.02314814814814815
0 0.012239583333333333 0.9097222222222222 0.018229166666666668 0.019444444444444445
0 0.21145833333333333 0.7240740740740741 0.014583333333333334 0.022222222222222223
0 0.9893229166666666 0.6564814814814816 0.01614583333333333 0.018518518518518517
0 0.9833333333333333 0.6208333333333333 0.011458333333333333 0.019444444444444445
2 0.225 0.7240740740740741 0.046875 0.07037037037037037
3 0.98515625 0.6300925925925926 0.0296875 0.08796296296296297
3 0.8846354166666667 0.8916666666666667 0.057812499999999996 0.08703703703703704
3 0.46197916666666666 0.4300925925925926 0.059375 0.10092592592592593
3 0.44921875 0.5578703703703703 0.05677083333333333 0.11388888888888889
3 0.3950520833333333 0.5574074074074075 0.06197916666666667 0.12222222222222223
3 0.021614583333333333 0.8958333333333334 0.0421875 0.09537037037037037
3 0.06432291666666666 0.9731481481481482 0.0546875 0.053703703703703705
1 0.47291666666666665 0.021296296296296296 0.0375 0.03333333333333333
