0 0.8479218749999999 0.6032689814814816 0.016499999999999914 0.01642870370370375
0 0.8201953125 0.5903606481481483 0.015182291666666596 0.021123148148148137
0 0.8162369791666666 0.6050291666666666 0.013859375000000066 0.019949074074074036
0 0.615234375 0.4407375 0.010562500000000105 0.01290833333333331
0 0.8238255208333333 0.5451805555555557 0.011880208333333423 0.015255555555555555
0 0.9664088541666667 0.5745180555555556 0.011880208333333423 0.012908333333333362
0 0.9485859374999999 0.5610222222222222 0.01583854166666671 0.018775925925925946
0 0.9423151041666666 0.5774518518518518 0.01122395833333331 0.016429629629629655
0 0.84528125 0.6906958333333334 0.007260416666666695 0.01760277777777775
0 0.8370286458333334 0.678373611111111 0.011880208333333305 0.021123148148148137
0 0.8238255208333333 0.6906953703703704 0.01320312500000007 0.015255555555555555
0 0.8957786458333333 0.25825694444444447 0.018484375000000004 0.014082407407407412
2 0.89346875 0.2506291666666667 0.03234374999999995 0.05280833333333335
3 0.8271276041666666 0.6783736111111112 0.04884895833333332 0.06806388888888891
3 0.9565078124999999 0.5616092592592593 0.05148437500000007 0.06689074074074071
3 0.8324088541666667 0.5797986111111111 0.06865104166666676 0.1032694444444444
3 0.8258072916666667 0.5240569444444444 0.040927083333333295 0.069237962962963
3 0.5980729166666667 0.40083842592592595 0.06996874999999995 0.11617685185185186
