0 0.8281171875000001 0.6378875 0.016505208333333243 0.01760277777777775
0 0.8036927083333334 0.6208712962962962 0.013864583333333395 0.01877592592592584
0 0.7951119791666666 0.6343671296296297 0.013859375000000066 0.02229722222222224
0 0.6139166666666666 0.43780416666666666 0.009239583333333337 0.014082407407407412
0 0.9723489583333332 0.5604361111111111 0.010562499999999985 0.015255555555555555
0 0.9452864583333332 0.5352055555555555 0.009239583333333337 0.01173518518518527
0 0.9482578125 0.5551550925925927 0.015182291666666714 0.016428703703703647
0 0.8423098958333334 0.5334449074074075 0.005276041666666605 0.01760277777777775
0 0.8234973958333334 0.5416597222222223 0.013859375000000066 0.012908333333333258
0 0.8413203125000001 0.6912824074074074 0.008578125000000015 0.018775925925925946
0 0.8330677083333332 0.677787037037037 0.009239583333333337 0.015255555555555555
0 0.8168958333333334 0.6918689814814815 0.013864583333333276 0.017602777777777853
3 0.9568359375 0.5451800925925926 0.05082812500000008 0.07158425925925929
3 0.8162369791666666 0.607962962962963 0.07195312500000005 0.1056166666666667
3 0.8205260416666665 0.6760268518518519 0.05148958333333328 0.07745185185185188
3 0.8258072916666667 0.5187763888888888 0.03696875000000001 0.0704101851851852
3 0.598734375 0.4002518518518519 0.06996874999999995 0.11500370370370372
