0 0.8574921875 0.636713888888889 0.01583854166666659 0.015255555555555555
0 0.8320781250000001 0.6202847222222223 0.016500000000000032 0.019949074074074036
0 0.8234973958333334 0.6343671296296296 0.015182291666666714 0.024643518518518526
0 0.6040130208333333 0.43663055555555563 0.00792187500000002 0.014081481481481507
0 0.8423098958333334 0.4683152777777778 0.005276041666666605 0.01642870370370375
0 0.8545208333333333 0.4865046296296296 0.013864583333333395 0.015255555555555555
0 0.8307578124999999 0.5316847222222223 0.007265625000000024 0.01877685185185185
0 0.813265625 0.5416597222222223 0.011885416666666752 0.012908333333333258
0 0.7934635416666665 0.6860013888888888 0.010562499999999985 0.024643518518518526
0 0.8116145833333334 0.7000837962962964 0.016500000000000032 0.01760277777777775
3 0.807984375 0.6830680555555556 0.04356250000000005 0.07510462962962958
3 0.8456093750000001 0.6062027777777778 0.0712916666666666 0.1044425925925926
3 0.8528723958333333 0.46714166666666673 0.03432812500000004 0.068062962962963
3 0.8159062499999999 0.520536574074074 0.03960416666666665 0.07158425925925929
3 0.585203125 0.40377222222222225 0.07327083333333337 0.11030925925925927
