0 0.8512213541666667 0.6378875 0.01650520833333336 0.019949074074074143
0 0.8264687500000001 0.6167643518518519 0.014520833333333271 0.01760277777777775
0 0.8192057291666667 0.6331935185185185 0.013203124999999953 0.01994999999999994
0 0.5980729166666667 0.4348703703703704 0.0066041666666667 0.015255555555555555
0 0.8654140625 0.43721759259259263 0.009244791666666667 0.015255555555555555
0 0.84 0.4172675925925926 0.008583333333333342 0.015255555555555555
0 0.8446197916666667 0.4348703703703704 0.01121874999999998 0.015255555555555555
0 0.8264661458333333 0.5305111111111112 0.00792187500000002 0.01642962962962955
0 0.8086432291666666 0.5398995370370371 0.011880208333333305 0.014082407407407464
0 0.8201979166666666 0.6924555555555556 0.008583333333333342 0.018775925925925946
0 0.8119453124999999 0.6783736111111112 0.010557291666666658 0.016428703703703647
0 0.7964348958333333 0.6912824074074074 0.015182291666666714 0.023470370370370437
0 0.9578255208333334 0.24945555555555554 0.018484375000000004 0.012909259259259266
2 0.9571666666666667 0.24300138888888892 0.02904166666666666 0.051634259259259276
3 0.5769505208333333 0.40494583333333334 0.07789062499999998 0.12204537037037035
3 0.8512213541666667 0.4219615740740741 0.05082812500000008 0.06454351851851851
3 0.8116145833333334 0.520536574074074 0.03894791666666665 0.07158425925925929
3 0.8409895833333332 0.607962962962963 0.06864583333333331 0.11030925925925927
3 0.8003932291666667 0.6807208333333333 0.05082812499999995 0.0704101851851852
