0 0.4723239583333333 0.24769537037037034 0.007261458333333337 0.016429629629629603
0 0.4508705729166666 0.25297592592592594 0.018482812499999984 0.015255555555555555
0 0.7878515625000001 0.5821458333333334 0.007265625000000024 0.01642870370370375
0 0.775640625 0.5991615740740741 0.01452083333333339 0.01760277777777775
0 0.7693697916666666 0.5199495370370371 0.008583333333333342 0.01642870370370375
0 0.7627682291666666 0.5357916666666667 0.013859374999999948 0.015255555555555555
0 0.7416458333333333 0.5328583333333334 0.007260416666666695 0.016429629629629655
0 0.36835833333333334 0.2664712962962963 0.015842708333333337 0.011735185185185166
2 0.36472786458333334 0.2611907407407408 0.027064062499999982 0.0504611111111111
1 0.5984036458333333 0.1678962962962963 0.01650520833333336 0.011735185185185166
0 0.6129244791666667 0.19840787037037036 0.008578125000000015 0.04693981481481481
0 0.59609375 0.18960648148148146 0.003958333333333286 0.026990740740740746
4 0.5947708333333334 0.21190324074074077 0.06601041666666667 0.11617685185185186
3 0.45780182291666666 0.233612962962963 0.04422656249999998 0.08214629629629629
3 0.2541609375 0.23830694444444442 0.05808854166666668 0.098575
0 0.2594416666666667 0.25708333333333333 0.01320208333333334 0.016429629629629603
0 0.2340278645833333 0.254149537037037 0.007260937499999986 0.01290833333333331
3 0.7588072916666667 0.5228833333333333 0.04686458333333334 0.06689074074074082
3 0.7753098958333333 0.5868398148148148 0.04158854166666662 0.068062962962963
0 0.6000520833333333 0.20310185185185187 0.005281250000000052 0.025816666666666672
