0 0.8980885416666666 0.6584240740740741 0.021781249999999967 0.018775925925925946
0 0.8723463541666667 0.6402347222222222 0.009901041666666662 0.024643518518518526
0 0.5927916666666666 0.4847444444444445 0.0066041666666667 0.01408148148148156
0 0.8363697916666666 0.4653814814814815 0.009239583333333337 0.012909259259259266
0 0.8489114583333333 0.479463425925926 0.011885416666666633 0.012908333333333362
0 0.8297682291666666 0.4782902777777778 0.003963541666666733 0.01760277777777775
0 0.8221770833333333 0.5850796296296297 0.005937499999999929 0.012909259259259266
0 0.8040234374999999 0.5932944444444445 0.011880208333333423 0.015255555555555555
0 0.7908203125 0.7528912037037037 0.011880208333333305 0.017602777777777853
3 0.5809114583333332 0.4589273148148148 0.06468750000000002 0.09857499999999997
3 0.8462708333333334 0.4677287037037037 0.04356250000000005 0.06219629629629627
3 0.8069947916666665 0.5751046296296297 0.037625000000000006 0.07041111111111109
3 0.8931380208333333 0.6331935185185185 0.05808854166666665 0.09505370370370372
3 0.7802604166666666 0.736462037037037 0.04753125 0.0692370370370371
0 0.7673880208333335 0.7423300925925926 0.009901041666666662 0.01760277777777775
