0 0.9205729166666666 0.4935185185185185 0.011979166666666666 0.018518518518518517
0 0.8953125 0.4861111111111111 0.017708333333333333 0.014814814814814815
0 0.8940104166666667 0.5018518518518519 0.022395833333333334 0.018518518518518517
0 0.63125 0.5050925925925926 0.0125 0.01388888888888889
0 0.32890625 0.9773148148148149 0.019270833333333334 0.02314814814814815
0 0.29322916666666665 0.9837962962962963 0.0125 0.025
0 0.6182291666666666 0.7986111111111112 0.00625 0.017592592592592594
0 0.5916666666666667 0.8050925925925926 0.014583333333333334 0.015740740740740743
0 0.9921875 0.6208333333333333 0.011458333333333333 0.017592592592592594
0 0.984375 0.6356481481481482 0.007291666666666667 0.019444444444444445
3 0.6234375 0.4712962962962963 0.058333333333333334 0.13333333333333333
3 0.31927083333333334 0.9490740740740741 0.0875 0.10185185185185186
3 0.9890625 0.6162037037037037 0.021875 0.07685185185185185
3 0.9028645833333333 0.4740740740740741 0.06197916666666667 0.10185185185185186
3 0.59296875 0.7731481481481481 0.05677083333333333 0.13333333333333333
