0 0.3572916666666667 0.40601851851851856 0.011458333333333333 0.021296296296296296
0 0.3341145833333333 0.40601851851851856 0.01614583333333333 0.01388888888888889
0 0.3286458333333333 0.41805555555555557 0.017708333333333333 0.017592592592592594
0 0.40859375 0.5365740740740741 0.0109375 0.015740740740740743
0 0.40703125 0.5578703703703703 0.0109375 0.01388888888888889
0 0.3848958333333333 0.5587962962962963 0.007291666666666667 0.015740740740740743
0 0.5828125 0.7981481481481482 0.009375 0.020370370370370372
0 0.5513020833333333 0.7935185185185185 0.0109375 0.020370370370370372
0 0.20078125 0.6402777777777778 0.0203125 0.019444444444444445
2 0.20703125 0.6310185185185185 0.04010416666666666 0.08425925925925926
0 0.018489583333333334 0.663425925925926 0.015104166666666667 0.05462962962962963
4 0.023697916666666666 0.6907407407407408 0.04635416666666667 0.14814814814814814
3 0.5611979166666666 0.763888888888889 0.07239583333333333 0.14074074074074075
3 0.39817708333333335 0.5449074074074074 0.049479166666666664 0.06574074074074074
3 0.34270833333333334 0.3893518518518519 0.065625 0.09907407407407408
