0 0.28098958333333335 0.41712962962962963 0.0109375 0.021296296296296296
0 0.25859375 0.4203703703703704 0.0171875 0.011111111111111112
0 0.2546875 0.4356481481481482 0.01875 0.017592592592592594
0 0.47239583333333335 0.45231481481481484 0.00625 0.01388888888888889
0 0.4630208333333333 0.4726851851851852 0.0125 0.01388888888888889
0 0.44557291666666665 0.46574074074074073 0.0046875 0.018518518518518517
0 0.5234375 0.7865740740740741 0.008333333333333333 0.017592592592592594
0 0.49505208333333334 0.7916666666666667 0.0171875 0.016666666666666666
0 0.9880208333333333 0.39861111111111114 0.013541666666666667 0.01388888888888889
0 0.9833333333333333 0.41250000000000003 0.010416666666666666 0.01388888888888889
0 0.10052083333333334 0.6162037037037037 0.008333333333333333 0.025
2 0.11510416666666666 0.6125 0.042708333333333334 0.08425925925925926
3 0.50078125 0.7587962962962963 0.06510416666666667 0.13425925925925927
3 0.9859375 0.40370370370370373 0.028125 0.06481481481481481
3 0.45989583333333334 0.45555555555555555 0.03854166666666667 0.06851851851851852
3 0.26536458333333335 0.4027777777777778 0.06302083333333333 0.10370370370370371
