0 0.9098958333333333 0.49722222222222223 0.021875 0.018518518518518517
0 0.8911458333333333 0.4777777777777778 0.011458333333333333 0.014814814814814815
0 0.88515625 0.4930555555555556 0.0046875 0.026851851851851852
0 0.6330729166666667 0.5023148148148149 0.0109375 0.015740740740740743
0 0.2859375 0.9916666666666667 0.017708333333333333 0.016666666666666666
0 0.24765625 0.9898148148148148 0.0109375 0.016666666666666666
0 0.3796875 0.8356481481481481 0.016666666666666666 0.015740740740740743
0 0.6901041666666666 0.8152777777777778 0.010416666666666666 0.019444444444444445
0 0.66640625 0.8092592592592593 0.0109375 0.016666666666666666
0 0.9627604166666667 0.3087962962962963 0.018229166666666668 0.015740740740740743
2 0.959375 0.30185185185185187 0.030208333333333334 0.05
3 0.3731770833333333 0.7967592592592593 0.06197916666666667 0.12685185185185185
3 0.6760416666666667 0.8009259259259259 0.052083333333333336 0.07407407407407407
3 0.90703125 0.47222222222222227 0.059895833333333336 0.1
3 0.27291666666666664 0.9532407407407407 0.07395833333333333 0.09351851851851853
3 0.6234375 0.46805555555555556 0.06145833333333333 0.13611111111111113
