0 0.7772890625 0.44660509259259257 0.009901041666666662 0.01290833333333331
0 0.7660677083333333 0.4325231481481482 0.0072604166666665765 0.012909259259259266
0 0.7581458333333334 0.4466055555555556 0.008583333333333342 0.019950000000000048
0 0.23237760416666664 0.4507125 0.009241666666666652 0.014082407407407412
0 0.23204765624999998 0.47007546296296293 0.011221354166666645 0.008213888888888871
0 0.21059453125 0.4730092592592593 0.00924114583333333 0.016429629629629603
0 0.050850338541666665 0.5357916666666667 0.014522239583333332 0.015255555555555555
0 0.7657395833333334 0.5563287037037038 0.005281249999999934 0.016429629629629655
0 0.7475833333333334 0.5657166666666666 0.012541666666666748 0.014081481481481454
0 0.6654036458333333 0.4031851851851852 0.009244791666666667 0.015255555555555555
0 0.6617734375 0.3902768518518519 0.009901041666666662 0.012909259259259266
0 0.6475807291666666 0.39673101851851855 0.00792187500000002 0.014082407407407412
0 0.9591458333333333 0.27233888888888885 0.01452083333333339 0.018775925925925894
2 0.968390625 0.2694050925925926 0.03564583333333336 0.062195370370370366
3 0.9235026041666666 0.3984912037037037 0.05808854166666677 0.12556574074074073
3 0.7733281249999999 0.43545694444444444 0.042906250000000055 0.0657157407407407
3 0.7498958333333333 0.5487004629629629 0.03960416666666665 0.0715842592592592
3 0.6555026041666667 0.39321064814814816 0.04356770833333338 0.06336944444444446
3 0.043919348958333326 0.5035203703703705 0.06138942708333332 0.11500370370370372
3 0.22511666666666666 0.4618611111111111 0.05016770833333333 0.069237037037037
