0 0.8499010416666666 0.42137500000000006 0.005937500000000047 0.018775925925925894
0 0.7835598958333333 0.44249768518518523 0.013203124999999953 0.014082407407407412
0 0.7690390625 0.4290023148148148 0.009244791666666667 0.01760277777777775
0 0.762765625 0.44367129629629626 0.007260416666666695 0.016429629629629603
0 0.19838255208333333 0.460687037037037 0.007260937500000016 0.015255555555555555
0 0.18782109374999997 0.48005046296296305 0.013861979166666642 0.0164287037037037
0 0.04986028645833333 0.558088888888889 0.015182552083333337 0.015255555555555555
0 0.7462656249999999 0.5545685185185185 0.007260416666666695 0.015255555555555555
0 0.7281119791666666 0.5645430555555556 0.011880208333333423 0.014082407407407464
0 0.6406484375 0.4043587962962963 0.013859374999999948 0.01290833333333331
0 0.6274479166666667 0.39379722222222224 0.005937500000000047 0.015255555555555555
0 0.794453125 0.28055324074074073 0.016500000000000032 0.014082407407407412
2 0.7911536458333333 0.27468611111111113 0.02442187500000005 0.05867592592592593
3 0.9558463541666666 0.4178541666666667 0.044890624999999906 0.07041018518518515
3 0.8690442708333334 0.4061189814814815 0.054786458333333364 0.11031018518518518
3 0.7769583333333333 0.4336962962962963 0.04488541666666658 0.05750185185185183
3 0.7304244791666666 0.5428333333333334 0.04026562499999997 0.0692370370370371
3 0.6389973958333334 0.3902768518518519 0.03300520833333328 0.06219629629629627
3 0.18848125000000002 0.460100462962963 0.03894583333333334 0.06336944444444446
3 0.047879765624999994 0.5222967592592593 0.06270921874999999 0.11265648148148147
