0 0.8152447916666666 0.6126569444444444 0.01584375000000004 0.01642870370370375
0 0.7845520833333334 0.5844930555555556 0.013864583333333395 0.014082407407407358
0 0.7845520833333334 0.6079629629629629 0.013864583333333395 0.016429629629629655
0 0.8756432291666667 0.4536462962962963 0.009901041666666662 0.010561111111111117
0 0.8627734375 0.43780416666666666 0.011880208333333423 0.014082407407407412
0 0.8561718749999999 0.4477787037037037 0.010562499999999985 0.015255555555555555
0 0.19772239583333331 0.5029337962962963 0.0046208333333333405 0.015256481481481565
0 0.17527916666666665 0.5240569444444445 0.012541666666666687 0.01525648148148146
0 0.7720104166666667 0.5727578703703705 0.013864583333333276 0.014082407407407358
0 0.6861953125 0.4090532407407408 0.01122395833333331 0.01290833333333331
0 0.6723359375000001 0.39731805555555555 0.009901041666666662 0.012908333333333362
0 0.665734375 0.41198657407407413 0.007260416666666695 0.0164287037037037
0 0.8400000000000001 0.28876805555555557 0.016500000000000032 0.014082407407407412
2 0.8357083333333333 0.2823138888888889 0.02904166666666666 0.05280740740740745
3 0.9627786458333333 0.4143337962962963 0.07063020833333328 0.10326944444444446
3 0.8667343750000001 0.44191111111111114 0.046208333333333344 0.06454259259259255
3 0.7710208333333334 0.5481138888888889 0.035645833333333245 0.06102222222222222
3 0.7987447916666668 0.587426851851852 0.06996874999999995 0.09270740740740732
3 0.6805859375 0.40259861111111117 0.044890624999999906 0.06336944444444446
3 0.17461901041666666 0.48767824074074073 0.05742864583333332 0.10913611111111109
