0 0.625 0.4708333333333333 0.010416666666666666 0.017592592592592594
0 0.5934895833333333 0.45 0.008854166666666666 0.012962962962962964
0 0.8895833333333333 0.4013888888888889 0.013541666666666667 0.015740740740740743
0 0.8653645833333333 0.45601851851851855 0.009895833333333333 0.01388888888888889
0 0.8442708333333333 0.4462962962962963 0.011458333333333333 0.014814814814814815
0 0.29375 0.41111111111111115 0.011458333333333333 0.014814814814814815
0 0.2786458333333333 0.39861111111111114 0.013541666666666667 0.01388888888888889
0 0.27369791666666665 0.4152777777777778 0.011979166666666666 0.017592592592592594
0 0.14713541666666666 0.5152777777777778 0.009895833333333333 0.017592592592592594
0 0.11822916666666666 0.5268518518518519 0.0125 0.016666666666666666
0 0.7908854166666667 0.5671296296296297 0.005729166666666666 0.019444444444444445
0 0.77421875 0.5768518518518518 0.013020833333333334 0.016666666666666666
0 0.7036458333333333 0.4375 0.005208333333333333 0.01388888888888889
0 0.6888020833333334 0.4324074074074074 0.0171875 0.012962962962962964
0 0.6864583333333333 0.4476851851851852 0.011458333333333333 0.01388888888888889
0 0.9911458333333333 0.28750000000000003 0.014583333333333334 0.017592592592592594
2 0.990625 0.28101851851851856 0.01875 0.049074074074074076
3 0.8932291666666666 0.3819444444444445 0.06145833333333333 0.11018518518518519
3 0.8518229166666667 0.4398148148148148 0.04739583333333333 0.06851851851851852
3 0.7755208333333333 0.5583333333333333 0.03958333333333333 0.07222222222222223
3 0.6927083333333334 0.4305555555555556 0.0375 0.06296296296296297
3 0.60703125 0.45416666666666666 0.06302083333333333 0.09166666666666667
3 0.28541666666666665 0.3990740740740741 0.046875 0.06666666666666667
3 0.13151041666666666 0.4930555555555556 0.0703125 0.11388888888888889
