0 0.6977499999999999 0.45188611111111116 0.010562499999999985 0.016429629629629603
0 0.6703541666666666 0.4442578703703704 0.007260416666666695 0.01760277777777775
0 0.8499010416666666 0.450125925925926 0.012541666666666628 0.015255555555555555
0 0.8706953125000001 0.460100462962963 0.007921874999999901 0.0164287037037037
0 0.23534817708333333 0.41609398148148147 0.012542187500000008 0.01290833333333331
0 0.2310575520833333 0.4325231481481482 0.00924114583333333 0.015255555555555555
0 0.25152057291666663 0.4295893518518519 0.010561979166666693 0.0164287037037037
0 0.7924713541666667 0.5698236111111111 0.005942708333333376 0.01760277777777775
0 0.7743177083333334 0.578625 0.010562499999999985 0.016429629629629655
0 0.754515625 0.5745180555555556 0.009239583333333337 0.01760277777777775
0 0.7508854166666666 0.5927074074074075 0.013864583333333276 0.014081481481481454
0 0.7294322916666668 0.5921203703703704 0.009239583333333337 0.019950000000000048
0 0.8578203124999999 0.2952222222222222 0.020463541666666765 0.015255555555555555
2 0.85584375 0.2881814814814815 0.028385416666666666 0.0504611111111111
3 0.8571640625 0.4436717592592593 0.04554687500000002 0.06336944444444441
3 0.775640625 0.5575018518518519 0.03960416666666665 0.07275740740740738
3 0.743625 0.5803851851851852 0.0442291666666667 0.069237037037037
3 0.6918046874999999 0.43076296296296296 0.05808854166666665 0.10796296296296298
3 0.24392942708333332 0.4178541666666667 0.046867187500000004 0.06336944444444446
3 0.11587005208333334 0.4906115740740741 0.0640296875 0.1056157407407408
0 0.13963359375 0.509387962962963 0.007260937500000016 0.01408148148148156
0 0.11058932291666666 0.5264041666666667 0.012542187500000008 0.012908333333333258
