0 0.9114583333333334 0.48055555555555557 0.009375 0.016666666666666666
0 0.8898437499999999 0.47361111111111115 0.0203125 0.01388888888888889
0 0.8877604166666666 0.4898148148148148 0.019270833333333334 0.012962962962962964
0 0.6270833333333333 0.4898148148148148 0.0125 0.012962962962962964
0 0.9799479166666667 0.6046296296296296 0.018229166666666668 0.012962962962962964
0 0.97890625 0.6208333333333333 0.015104166666666667 0.017592592592592594
0 0.159375 0.9703703703703704 0.014583333333333334 0.02592592592592593
0 0.20390624999999998 0.7435185185185186 0.0140625 0.018518518518518517
0 0.7684895833333333 0.7449074074074075 0.0140625 0.015740740740740743
0 0.75234375 0.7291666666666667 0.013020833333333334 0.017592592592592594
0 0.7466145833333333 0.7458333333333333 0.009895833333333333 0.021296296296296296
0 0.828125 0.26435185185185184 0.015625 0.017592592592592594
2 0.8333333333333334 0.25972222222222224 0.03229166666666666 0.05277777777777778
3 0.19114583333333332 0.7064814814814815 0.065625 0.13148148148148148
3 0.89453125 0.45787037037037037 0.057812499999999996 0.09907407407407408
3 0.7611979166666667 0.736574074074074 0.050520833333333334 0.07314814814814816
3 0.98046875 0.6032407407407407 0.0390625 0.0712962962962963
3 0.6208333333333333 0.4537037037037037 0.06354166666666666 0.12407407407407407
3 0.18723958333333332 0.9435185185185185 0.08177083333333333 0.11296296296296297
