0 0.6122395833333333 0.475462962962963 0.0067708333333333336 0.012037037037037037
0 0.5880208333333333 0.4791666666666667 0.010416666666666666 0.015740740740740743
0 0.55234375 0.4185185185185185 0.009895833333333333 0.011111111111111112
0 0.5432291666666667 0.4064814814814815 0.005208333333333333 0.012962962962962964
0 0.5598958333333334 0.4013888888888889 0.00625 0.015740740740740743
0 0.30963541666666666 0.46296296296296297 0.009895833333333333 0.012962962962962964
0 0.28463541666666664 0.4532407407407408 0.008854166666666666 0.015740740740740743
0 0.790625 0.5745370370370371 0.00625 0.015740740740740743
0 0.7736979166666667 0.5842592592592593 0.0140625 0.016666666666666666
0 0.99375 0.2972222222222222 0.0125 0.020370370370370372
2 0.9921875 0.29305555555555557 0.015625 0.05092592592592593
3 0.29661458333333335 0.43194444444444446 0.058854166666666666 0.10648148148148148
3 0.5513020833333333 0.40694444444444444 0.0359375 0.058333333333333334
3 0.5911458333333334 0.45601851851851855 0.06041666666666667 0.10833333333333334
3 0.7760416666666666 0.5643518518518519 0.03854166666666667 0.06944444444444445
3 0.45468749999999997 0.4189814814814815 0.041666666666666664 0.07685185185185185
