0 0.38717109375000003 0.43017592592592596 0.007260937500000016 0.010561111111111117
0 0.65484375 0.4865046296296296 0.005281249999999934 0.017601851851851844
0 0.6294270833333333 0.4894384259259259 0.012541666666666628 0.014082407407407358
0 0.5908125000000001 0.4072925925925926 0.005281250000000052 0.014081481481481507
0 0.5861927083333333 0.4248953703703704 0.009239583333333337 0.011735185185185166
0 0.5743098958333333 0.41374675925925924 0.006598958333333371 0.01760277777777775
0 0.27165364583333335 0.4108134259259259 0.011221874999999966 0.0164287037037037
0 0.27627421875 0.4254819444444444 0.009901562499999983 0.01290833333333331
0 0.2568013020833333 0.42665555555555557 0.00924114583333333 0.015255555555555555
0 0.34789531250000005 0.4184407407407408 0.010561458333333284 0.015255555555555555
0 0.32281145833333336 0.4219615740740741 0.009241666666666622 0.01760277777777775
0 0.7911510416666666 0.5762782407407407 0.007260416666666695 0.016428703703703647
0 0.7736588541666667 0.5880134259259259 0.013203124999999953 0.014082407407407358
0 0.5683671874999999 0.42313518518518517 0.006598958333333253 0.015255555555555555
0 0.8598020833333334 0.29991666666666666 0.01782291666666668 0.010561111111111117
2 0.8571614583333333 0.2946356481481482 0.028385416666666666 0.05163425925925925
3 0.2640625 0.41140000000000004 0.04752708333333331 0.06219629629629632
3 0.34030390625 0.3967314814814815 0.054788020833333326 0.10796296296296294
3 0.5825625 0.41844120370370375 0.037625000000000006 0.059849074074074075
3 0.63371875 0.4624476851851852 0.05940624999999997 0.1032694444444444
3 0.775640625 0.5663037037037036 0.040927083333333295 0.069237037037037
3 0.40499375 0.42137500000000006 0.04422708333333336 0.07275740740740744
