0 0.6185364583333334 0.48239722222222226 0.013197916666666623 0.014081481481481454
0 0.6188671874999999 0.40377222222222225 0.005942708333333376 0.014081481481481454
0 0.628109375 0.4143333333333334 0.012541666666666628 0.011735185185185218
0 0.23237760416666664 0.38264907407407406 0.01320208333333334 0.011735185185185218
0 0.23600833333333335 0.3949708333333333 0.007261458333333337 0.015256481481481511
0 0.21653541666666665 0.3949708333333333 0.010561458333333343 0.01290833333333331
0 0.24128906249999998 0.4061194444444445 0.005940625000000003 0.011735185185185218
0 0.26604296875 0.4072925925925926 0.011881770833333298 0.016429629629629603
0 0.7895000000000001 0.5756912037037037 0.005281250000000052 0.01760277777777775
0 0.7716796875 0.5850791666666667 0.011880208333333305 0.01760277777777775
0 0.8555130208333334 0.2981564814814815 0.018484375000000004 0.011735185185185166
2 0.8522109374999999 0.29404907407407405 0.027723958333333226 0.05280740740740739
3 0.4109346354166667 0.41550694444444447 0.042906770833333316 0.06336944444444441
3 0.6284375 0.4037722222222222 0.03828125 0.05632777777777778
3 0.22445651041666667 0.38264907407407406 0.042246354166666666 0.06571666666666666
3 0.2597716145833333 0.3826486111111111 0.05742864583333335 0.10561574074074075
3 0.6185338541666667 0.461274074074074 0.052807291666666596 0.10561666666666665
3 0.7733307291666667 0.5692375 0.04026562499999997 0.07510462962962958
