0 0.17109375 0.6351851851851852 0.009895833333333333 0.020370370370370372
0 0.15520833333333334 0.663425925925926 0.022916666666666665 0.017592592592592594
0 0.30052083333333335 0.6032407407407407 0.011458333333333333 0.015740740740740743
0 0.3302083333333333 0.6134259259259259 0.011458333333333333 0.019444444444444445
0 0.8080729166666667 0.9157407407407407 0.0140625 0.022222222222222223
0 0.7763020833333333 0.8944444444444445 0.008854166666666666 0.022222222222222223
0 0.36666666666666664 0.5842592592592593 0.01875 0.022222222222222223
0 0.28411458333333334 0.5675925925925926 0.011979166666666666 0.018518518518518517
0 0.2557291666666667 0.5699074074074074 0.010416666666666666 0.021296296296296296
0 0.3921875 0.6365740740740741 0.0125 0.017592592592592594
0 0.3734375 0.6314814814814815 0.009375 0.022222222222222223
0 0.00859375 0.7416666666666667 0.01614583333333333 0.020370370370370372
2 0.0140625 0.7398148148148148 0.027083333333333334 0.07777777777777778
3 0.3848958333333333 0.6217592592592592 0.05625 0.08425925925925926
3 0.3638020833333333 0.5601851851851852 0.050520833333333334 0.10925925925925926
3 0.3184895833333333 0.5824074074074075 0.06614583333333333 0.11666666666666667
3 0.27447916666666666 0.5435185185185185 0.06979166666666667 0.11296296296296297
3 0.15182291666666667 0.6268518518518519 0.0640625 0.11111111111111112
3 0.7981770833333334 0.8912037037037037 0.057812499999999996 0.08425925925925926
