0 0.5861901041666667 0.45540694444444446 0.011880208333333423 0.021123148148148137
0 0.588171875 0.4336962962962963 0.013197916666666741 0.015255555555555555
0 0.6406484375 0.5082143518518518 0.005942708333333376 0.01642870370370375
0 0.6172161458333333 0.5211231481481482 0.014526041666666718 0.01408148148148156
0 0.6551692708333334 0.4143333333333334 0.009901041666666662 0.011735185185185218
0 0.6462604166666668 0.3990777777777778 0.0066041666666667 0.011735185185185218
0 0.23600807291666664 0.38264907407407406 0.009901562500000013 0.011735185185185218
0 0.24359947916666666 0.39614444444444447 0.007920833333333318 0.015255555555555555
0 0.2214859375 0.3990782407407408 0.012541666666666658 0.014082407407407412
0 0.3023481770833333 0.44367129629629626 0.011881770833333328 0.016429629629629603
0 0.789171875 0.5721708333333334 0.005937500000000047 0.017602777777777853
0 0.7713489583333333 0.5833189814814815 0.013864583333333276 0.014082407407407464
0 0.85353125 0.6519699074074075 0.011885416666666752 0.012908333333333258
0 0.8360390624999999 0.6384740740740741 0.015182291666666714 0.018775925925925946
0 0.8297682291666666 0.6549032407407407 0.009244791666666667 0.014082407407407358
0 0.9716875 0.2881814814814815 0.019802083333333324 0.015255555555555555
2 0.9726796875 0.2823138888888889 0.028380208333333337 0.05046111111111116
3 0.22907734375 0.38382222222222223 0.04620677083333333 0.06571666666666666
3 0.29904765625 0.4102263888888889 0.04884739583333335 0.10913611111111113
3 0.6201875000000001 0.4923722222222222 0.05742708333333333 0.11852407407407405
3 0.6555026041666667 0.40377175925925923 0.03828645833333333 0.06336944444444446
3 0.773 0.5645430555555556 0.03960416666666665 0.07275833333333329
3 0.8409895833333332 0.6396476851851852 0.05016666666666663 0.0680638888888888
3 0.5970833333333334 0.44073796296296297 0.058749999999999976 0.08801296296296295
