0 0.6284375 0.45481990740740746 0.003958333333333404 0.01994907407407409
0 0.6046744791666666 0.4595138888888889 0.018484375000000004 0.012909259259259266
0 0.5937838541666667 0.44073796296296297 0.005942708333333376 0.015255555555555555
0 0.665734375 0.539312962962963 0.012541666666666628 0.015255555555555555
0 0.6908177083333332 0.5252300925925927 0.0072604166666665765 0.01760277777777775
0 0.6894973958333334 0.4125736111111111 0.015182291666666714 0.010562037037037073
0 0.7030286458333334 0.41609398148148147 0.005276041666666723 0.0176027777777778
0 0.6888359375 0.42841574074074074 0.01122395833333331 0.011735185185185218
0 0.23699843750000002 0.38323564814814814 0.010561458333333313 0.012908333333333362
0 0.24326927083333333 0.39321064814814816 0.008581249999999999 0.014082407407407412
0 0.22247630208333333 0.40025138888888884 0.011881770833333328 0.014082407407407412
0 0.3082893229166667 0.4278291666666667 0.011881770833333328 0.012908333333333362
0 0.3294122395833333 0.41198657407407413 0.007921354166666698 0.014082407407407412
0 0.789171875 0.5739310185185185 0.005937500000000047 0.021123148148148137
0 0.7713489583333333 0.5833194444444445 0.013864583333333276 0.01642962962962955
0 0.7710182291666666 0.6619444444444446 0.013203124999999953 0.016429629629629655
0 0.7538567708333334 0.646688425925926 0.00792187500000002 0.021123148148148137
0 0.9238307291666668 0.292875 0.019140625 0.015255555555555555
2 0.9211927083333333 0.2870078703703704 0.028385416666666666 0.04811388888888886
3 0.6908177083333332 0.41374675925925924 0.03366666666666672 0.06454351851851851
3 0.7726692708333334 0.5633694444444446 0.038942708333333326 0.07041111111111109
3 0.7680494791666667 0.6455152777777778 0.04026562499999997 0.07510462962962958
3 0.6687057291666666 0.5164291666666667 0.05808854166666665 0.11265648148148147
3 0.6079739583333333 0.43721712962962966 0.05544791666666669 0.09505462962962963
3 0.3092794270833333 0.3955574074074074 0.05346822916666666 0.1032685185185185
3 0.22874739583333337 0.38323564814814814 0.045546874999999994 0.06454351851851851
