0 0.6482395833333333 0.4642078703703704 0.01584374999999992 0.01290833333333331
0 0.6363567708333333 0.44601851851851854 0.00792187500000002 0.014081481481481454
0 0.6535208333333333 0.5610226851851852 0.013197916666666741 0.016428703703703647
0 0.6300885416666666 0.5569152777777777 0.007260416666666695 0.019949074074074036
0 0.6993984375 0.49589259259259266 0.00461979166666661 0.015255555555555555
0 0.6858671875 0.4935453703703704 0.017161458333333237 0.008214814814814881
0 0.6858671875 0.509387962962963 0.013203124999999953 0.01408148148148156
0 0.11223958333333334 0.8426652777777779 0.0052812499999999925 0.021123148148148137
0 0.09078619791666667 0.8667217592592593 0.016502604166666653 0.017602777777777853
0 0.2356783854166667 0.43897731481481483 0.007921354166666669 0.0164287037037037
0 0.24227942708333336 0.4477787037037037 0.005280729166666642 0.015255555555555555
0 0.22313619791666664 0.45481944444444444 0.011881770833333328 0.015255555555555555
0 0.34393463541666663 0.4119870370370371 0.007921354166666639 0.018775925925925894
0 0.32512161458333333 0.42841574074074074 0.012542187500000008 0.014081481481481507
0 0.7911536458333333 0.5745180555555556 0.004619791666666729 0.01760277777777775
0 0.7739895833333333 0.5856666666666667 0.01121874999999998 0.011735185185185166
0 0.5168799479166667 0.8221282407407408 0.009240104166666659 0.01760277777777775
0 0.4931169270833333 0.8297564814814815 0.011881770833333328 0.014081481481481454
0 0.8400000000000001 0.30050324074074075 0.019145833333333327 0.014082407407407412
2 0.837359375 0.2922884259259259 0.027062500000000017 0.05163425925925925
3 0.0891359375 0.8391444444444445 0.06468958333333333 0.11030925925925927
3 0.5040091145833333 0.814500462962963 0.0521484375 0.07510462962962958
3 0.22610677083333333 0.44073796296296297 0.04422708333333336 0.06219629629629632
3 0.32743203125 0.39614444444444447 0.051488020833333314 0.11148333333333332
3 0.6508828125000001 0.43839074074074075 0.05280729166666672 0.088012962962963
3 0.6885052083333334 0.49295925925925926 0.03564583333333336 0.06571666666666671
3 0.6512109374999999 0.5410726851851853 0.0627135416666667 0.09857500000000001
3 0.7762994791666666 0.5657166666666666 0.042244791666666615 0.07041111111111109
