0 0.15811640625 0.6490356481481482 0.013861979166666672 0.025817592592592524
0 0.13996354166666666 0.676026388888889 0.02376354166666667 0.01642870370370375
0 0.7637578125 0.9019273148148148 0.009244791666666667 0.024643518518518526
0 0.3647278645833333 0.5968148148148148 0.0165026041666667 0.022296296296296335
0 0.3376635416666667 0.6097231481481481 0.015182291666666655 0.02464444444444443
0 0.31224973958333335 0.6378875 0.01320156249999999 0.01760277777777775
0 0.28320546875 0.6279125000000001 0.009241145833333301 0.021123148148148137
0 0.2525106770833333 0.6138305555555555 0.012542187500000008 0.018775925925925946
0 0.22247604166666665 0.6155907407407407 0.010561458333333343 0.01994999999999994
0 0.37132864583333336 0.6326064814814816 0.013862499999999993 0.018775925925925946
0 0.35812682291666664 0.6232185185185186 0.007260937499999957 0.023470370370370332
0 0.050850312499999994 0.7528916666666667 0.02508375 0.015255555555555555
2 0.052830625 0.7476106481481481 0.03432520833333333 0.07275833333333329
3 0.35515625 0.5739310185185186 0.059409375000000014 0.1056157407407408
3 0.36868828124999997 0.6220453703703703 0.042906770833333316 0.07275740740740738
3 0.30234817708333334 0.6114833333333334 0.06865052083333331 0.11265740740740737
3 0.23600807291666664 0.5903606481481483 0.06402968750000003 0.11735092592592586
3 0.13996380208333334 0.6396481481481481 0.06469010416666669 0.10796296296296298
3 0.7848802083333334 0.8978212962962963 0.05544791666666669 0.07980185185185189
0 0.7937916666666667 0.923050462962963 0.016500000000000032 0.01760277777777775
