0 0.43139791666666666 0.7464375 0.015182291666666714 0.021123148148148137
0 0.40466380208333336 0.7435032407407408 0.014522395833333293 0.017602777777777853
0 0.39905286458333333 0.7587592592592594 0.013861979166666672 0.01994999999999994
0 0.21257473958333334 0.4706625 0.00924114583333333 0.014082407407407358
0 0.18551067708333333 0.4559930555555555 0.010561979166666664 0.0176027777777778
0 0.19211145833333335 0.4765296296296297 0.01320208333333334 0.011735185185185218
0 0.6327265625 0.7634532407407407 0.009901041666666662 0.01760277777777775
0 0.6010442708333333 0.7710810185185185 0.009901041666666662 0.01642870370370375
0 0.52018125 0.6419944444444445 0.009241666666666681 0.018775925925925946
0 0.51391015625 0.627912962962963 0.009901562499999983 0.011735185185185166
0 0.49740781249999994 0.637300925925926 0.012541666666666687 0.016429629629629655
0 0.24029895833333334 0.6191111111111112 0.010561458333333313 0.02229629629629623
2 0.2531708333333333 0.618524537037037 0.03498541666666665 0.07510462962962958
0 0.08451536458333334 0.657837037037037 0.0158421875 0.05750185185185183
0 0.0617421875 0.6584240740740741 0.008581249999999999 0.042246296296296275
0 0.0383084375 0.6695722222222222 0.011881770833333331 0.06219629629629632
0 0.047549869791666664 0.6232185185185186 0.010561718750000004 0.016429629629629655
0 0.05811138020833333 0.6302597222222222 0.02112307291666667 0.01642870370370375
4 0.06339213541666666 0.6842412037037038 0.08845322916666666 0.15255648148148146
3 0.4152255208333333 0.7235537037037038 0.06733020833333334 0.10913703703703699
3 0.6185364583333334 0.7399828703703704 0.06996874999999995 0.13260648148148152
3 0.5036796875 0.6255652777777778 0.04884895833333337 0.06336944444444452
3 0.19706223958333335 0.45892685185185184 0.04686718749999998 0.061022222222222165
