0 0.42380677083333335 0.7564120370370371 0.019803125000000026 0.012909259259259266
0 0.4261169270833334 0.774601388888889 0.019143229166666664 0.01642870370370375
0 0.39938307291666664 0.7534782407407408 0.007921354166666639 0.023469444444444428
0 0.26901328125 0.460100462962963 0.005941145833333295 0.014082407407407412
0 0.2482200520833333 0.4671416666666667 0.011881770833333328 0.014081481481481454
0 0.242609375 0.44895231481481485 0.008581249999999999 0.015256481481481511
0 0.5733203125 0.7916171296296297 0.01122395833333331 0.01760277777777775
0 0.5419635416666667 0.6378875 0.010562499999999985 0.01760277777777775
0 0.5248028645833334 0.6261523148148148 0.011883854166666671 0.01760277777777775
0 0.519521875 0.6425814814814815 0.01188333333333335 0.01760185185185195
0 0.28980651041666666 0.6349537037037037 0.018482812500000043 0.021124074074074146
2 0.2957471354166667 0.6290861111111111 0.038285937500000006 0.08449259259259255
0 0.11686015625000001 0.6531430555555556 0.0158421875 0.05750277777777784
0 0.094746875 0.6519694444444444 0.008581249999999999 0.04342037037037038
0 0.07263359375 0.6642912037037038 0.011881770833333328 0.06336944444444441
0 0.08220494791666667 0.618524537037037 0.009901562499999997 0.014082407407407358
0 0.09342682291666667 0.6238050925925925 0.019143229166666664 0.017602777777777853
4 0.09738723958333333 0.6813074074074075 0.09043385416666667 0.14668888888888887
3 0.2525106770833333 0.45129953703703707 0.042906770833333316 0.0668898148148148
3 0.4205059895833333 0.735288888888889 0.062049479166666664 0.10913703703703709
3 0.5333833333333333 0.6261527777777778 0.04884791666666667 0.0692370370370371
3 0.5908125000000001 0.7569986111111111 0.07261458333333325 0.1337805555555555
