0 0.40499375 0.7534782407407408 0.020463541666666647 0.01877685185185185
0 0.27099348958333336 0.4348699074074074 0.007260937500000016 0.0176027777777778
0 0.27693437499999995 0.4589273148148148 0.012541666666666687 0.0164287037037037
0 0.45780182291666666 0.6719189814814815 0.013861979166666672 0.01760277777777775
0 0.5842109375 0.617350925925926 0.011880208333333305 0.016429629629629655
0 0.5713411458333333 0.6020958333333334 0.009901041666666662 0.021123148148148137
0 0.5634166666666667 0.6155907407407407 0.007260416666666695 0.022296296296296335
0 0.37033854166666663 0.6390611111111111 0.02244374999999999 0.01994999999999994
2 0.3746291666666667 0.6290865740740741 0.03498541666666668 0.07510462962962969
0 0.12379140625 0.6461018518518519 0.016502604166666667 0.05750185185185183
0 0.10365833333333334 0.647275462962963 0.006601041666666655 0.04576759259259267
0 0.08088489583333333 0.65725 0.011221874999999996 0.06571666666666671
0 0.10266822916666667 0.6167638888888889 0.019142708333333328 0.015255555555555555
0 0.09144661458333332 0.6114833333333334 0.009901562499999997 0.016429629629629655
4 0.10695885416666666 0.6748532407407407 0.09505416666666668 0.15255648148148146
3 0.27957473958333334 0.44308472222222217 0.04422656249999998 0.06923796296296296
3 0.45549140625 0.6302592592592593 0.058089062499999976 0.11969814814814815
3 0.5799192708333334 0.6062023148148148 0.046869791666666674 0.07158425925925929
3 0.40532369791666667 0.7259009259259259 0.062049479166666664 0.10678888888888889
