0 0.4238065104166666 0.7399828703703705 0.005280729166666671 0.01760277777777775
0 0.39773255208333336 0.7481976851851851 0.020463020833333387 0.01760277777777775
0 0.24095911458333333 0.44601851851851854 0.005280729166666671 0.016429629629629655
0 0.21488515625 0.43193611111111113 0.009901562499999983 0.018775925925925946
0 0.22049609375 0.4536462962962963 0.011881770833333328 0.012909259259259266
0 0.45813177083333334 0.6631180555555556 0.01320208333333337 0.016428703703703647
0 0.5733203125 0.6167638888888889 0.019140625 0.015255555555555555
0 0.5716692708333333 0.6355407407407407 0.013203124999999953 0.015255555555555555
0 0.3908015625 0.638474074074074 0.019803125000000026 0.016429629629629655
2 0.39542239583333333 0.6273259259259258 0.034324999999999994 0.07627777777777778
0 0.12346119791666667 0.6437550925925926 0.014522395833333323 0.05750277777777784
0 0.10200807291666666 0.6414083333333334 0.004620312500000005 0.03872592592592599
0 0.07923463541666666 0.6549032407407407 0.011881770833333341 0.06336944444444441
0 0.08913619791666667 0.6073759259259258 0.00924114583333333 0.015255555555555555
0 0.10101796874999999 0.6161773148148149 0.02112343750000001 0.016428703703703647
4 0.10464843750000001 0.6719194444444445 0.08911354166666666 0.15372962962962966
3 0.3960822916666667 0.7264875000000001 0.056768749999999986 0.1056157407407408
3 0.5729895833333333 0.618524537037037 0.03960416666666677 0.0727583333333334
3 0.22577682291666665 0.4360435185185186 0.046206770833333355 0.06219629629629627
3 0.44922057291666667 0.6220453703703703 0.06138906249999998 0.11500370370370366
