0 0.40466380208333336 0.725900462962963 0.00924114583333336 0.01760277777777775
0 0.37627942708333334 0.7364625 0.019802604166666644 0.01760277777777775
0 0.1927716145833333 0.43545694444444444 0.007921354166666669 0.014082407407407412
0 0.16669765624999996 0.4219615740740741 0.009901562500000013 0.012908333333333362
0 0.17098854166666666 0.44191111111111114 0.01320208333333331 0.012909259259259266
0 0.45384114583333335 0.7030175925925927 0.012541666666666628 0.011735185185185166
0 0.5462552083333333 0.6161773148148149 0.005937500000000047 0.016428703703703647
0 0.5393229166666667 0.6044425925925926 0.00923958333333322 0.01642962962962955
0 0.5257916666666667 0.617937962962963 0.012541666666666628 0.015255555555555555
0 0.40565390625 0.6302597222222222 0.020463020833333328 0.01642870370370375
2 0.41060468750000007 0.6214583333333333 0.033005208333333334 0.07862592592592597
0 0.09969765625 0.6331935185185185 0.015842187499999986 0.05750185185185183
0 0.07791432291666667 0.6326069444444445 0.007921354166666653 0.044593518518518574
0 0.05415078125 0.6443416666666667 0.011881770833333334 0.0657166666666666
0 0.06273229166666666 0.5991620370370371 0.013202083333333333 0.015255555555555555
0 0.07527395833333334 0.6067893518518519 0.02376354166666667 0.016428703703703647
4 0.079564765625 0.6613574074074074 0.09439442708333333 0.15372962962962966
3 0.5284317708333333 0.6044421296296296 0.04686562499999999 0.06336944444444452
3 0.38585078125 0.7112319444444445 0.0640296875 0.1032694444444444
3 0.17725937499999997 0.4237217592592593 0.045546874999999994 0.06336944444444446
3 0.466053125 0.6836546296296296 0.0633697916666667 0.11617777777777777
