0 0.4705729166666667 0.5189814814814815 0.0067708333333333336 0.017592592592592594
0 0.44609375 0.5240740740740741 0.013020833333333334 0.016666666666666666
0 0.49166666666666664 0.6055555555555556 0.017708333333333333 0.011111111111111112
0 0.4940104166666667 0.6226851851851852 0.011979166666666666 0.01388888888888889
0 0.47604166666666664 0.6111111111111112 0.007291666666666667 0.016666666666666666
0 0.3614583333333333 0.7412037037037037 0.020833333333333332 0.015740740740740743
0 0.38958333333333334 0.6986111111111112 0.013541666666666667 0.017592592592592594
0 0.3625 0.5625 0.017708333333333333 0.015740740740740743
0 0.3484375 0.5657407407407408 0.007291666666666667 0.020370370370370372
0 0.3640625 0.5800925925925926 0.013541666666666667 0.015740740740740743
0 0.3736979166666667 0.6333333333333333 0.0203125 0.020370370370370372
2 0.3755208333333333 0.6222222222222222 0.030208333333333334 0.08333333333333334
0 0.0640625 0.6398148148148148 0.016666666666666666 0.05740740740740741
0 0.04244791666666667 0.6430555555555556 0.008854166666666666 0.04537037037037037
0 0.018489583333333334 0.6518518518518519 0.0109375 0.061111111111111116
0 0.040364583333333336 0.6157407407407408 0.01614583333333333 0.016666666666666666
0 0.029427083333333333 0.6055555555555556 0.0109375 0.012962962962962964
4 0.04609375 0.6680555555555556 0.09114583333333333 0.15092592592592594
3 0.3625 0.7125 0.06041666666666667 0.10648148148148148
3 0.4890625 0.6074074074074074 0.04375 0.07037037037037037
3 0.44921875 0.500462962962963 0.0609375 0.10462962962962963
3 0.3611979166666667 0.5564814814814815 0.0359375 0.06666666666666667
3 0.39401041666666664 0.6569444444444444 0.0640625 0.12685185185185185
