0 0.6208463541666667 0.7699074074074075 0.019140625 0.01408148148148156
0 0.6010442708333333 0.7446768518518518 0.008578125000000015 0.019950000000000048
0 0.5941145833333333 0.7593458333333333 0.005281249999999934 0.023469444444444532
0 0.48420572916666665 0.5134953703703704 0.011221874999999966 0.012909259259259266
0 0.45549140625 0.5158421296296297 0.011881770833333387 0.01760277777777775
0 0.5215002604166666 0.6108967592592593 0.009239062500000016 0.01760277777777775
0 0.49938802083333333 0.617937962962963 0.011221874999999966 0.015255555555555555
0 0.3891513020833333 0.7311814814814814 0.012542187500000008 0.016429629629629655
0 0.35713671874999997 0.7382226851851852 0.018482812500000043 0.01877685185185185
0 0.42941744791666664 0.5258171296296296 0.009901562499999983 0.014082407407407358
0 0.42347656250000004 0.5082143518518518 0.013862499999999993 0.01642870370370375
0 0.40664401041666665 0.5234699074074075 0.011881770833333328 0.014082407407407358
0 0.3294125 0.6948027777777778 0.01320208333333331 0.014081481481481454
0 0.837359375 0.3832361111111111 0.005937500000000047 0.015255555555555555
0 0.8317473958333332 0.371500462962963 0.00792187500000002 0.01290833333333331
0 0.8175546874999999 0.38147546296296303 0.01122395833333331 0.014082407407407412
0 0.39443229166666666 0.6349537037037037 0.017822916666666622 0.01642962962962955
2 0.3974026041666667 0.6232185185185186 0.034324999999999994 0.07979814814814816
0 0.08682552083333332 0.6390606481481482 0.015182291666666669 0.05984907407407413
0 0.06372213541666667 0.638474537037037 0.007260937500000001 0.044593518518518574
0 0.041278880208333334 0.6490361111111111 0.012541927083333333 0.06571666666666671
0 0.061411875 0.6097231481481481 0.021123125 0.010561111111111065
0 0.049860182291666666 0.6050291666666666 0.009901510416666662 0.019949074074074036
4 0.06702270833333332 0.6660513888888888 0.09439416666666665 0.15607685185185186
3 0.8221770833333333 0.37150092592592593 0.0442291666666667 0.05750185185185183
3 0.47430416666666664 0.4929587962962963 0.06270937500000003 0.10561574074074075
3 0.4165455729166666 0.5111481481481481 0.050167187500000016 0.069237037037037
3 0.51061015625 0.6044425925925926 0.049508854166666734 0.07275740740740738
3 0.6205156249999999 0.7399828703703704 0.06072916666666674 0.1067898148148148
3 0.37066848958333337 0.7165125 0.0640296875 0.1067898148148148
3 0.33040260416666667 0.6642916666666666 0.05610833333333331 0.1009222222222222
