0 0.39542239583333333 0.6373004629629629 0.010561458333333343 0.014082407407407464
0 0.3931119791666666 0.6607708333333334 0.011221875000000025 0.01877685185185185
0 0.37033854166666663 0.6595972222222223 0.011882291666666649 0.018775925925925946
0 0.39773255208333336 0.7382226851851853 0.020463020833333387 0.021123148148148137
0 0.3650578125 0.7417435185185185 0.014521874999999972 0.023470370370370332
0 0.42413671875 0.696562962962963 0.013861979166666672 0.017601851851851844
0 0.3353533854166667 0.6255657407407408 0.022443229166666672 0.01642962962962955
2 0.3406338541666667 0.617350925925926 0.03696562500000002 0.07979814814814816
0 0.05316075520833333 0.607962962962963 0.025744114583333335 0.018775925925925946
0 0.05646119791666667 0.636713888888889 0.007260937500000001 0.04107222222222228
0 0.03302763020833333 0.6484490740740741 0.013202031250000001 0.06689074074074082
0 0.07857447916666667 0.6361273148148149 0.017162499999999997 0.061023148148148125
4 0.059101432291666665 0.6666384259259259 0.09439401041666666 0.15490277777777775
0 0.6941171875 0.6906953703703704 0.021786458333333297 0.02464444444444443
0 0.6654036458333332 0.6977365740740741 0.018484375000000004 0.019949074074074036
0 0.45021041666666667 0.5076277777777779 0.010561458333333343 0.01994999999999994
0 0.48024505208333335 0.5088009259259261 0.012542187500000008 0.015255555555555555
0 0.5079692708333333 0.5927074074074075 0.015182291666666655 0.018775925925925946
0 0.5145703125 0.6079629629629629 0.011221875000000025 0.016429629629629655
0 0.4921268229166666 0.6044421296296296 0.012542187500000008 0.014082407407407464
3 0.6812447916666666 0.6719194444444445 0.06996875000000008 0.10678888888888899
3 0.5010372395833333 0.5956412037037038 0.05016510416666667 0.07627870370370368
3 0.4677033854166667 0.49061203703703704 0.07063072916666673 0.12204444444444444
3 0.3861809895833333 0.6425814814814815 0.051488020833333314 0.06689074074074082
3 0.3861809895833333 0.7217935185185186 0.07129114583333335 0.1056166666666667
3 0.42941744791666664 0.6590106481481481 0.06534947916666667 0.12321944444444445
