0 0.3390625 0.6708333333333334 0.015625 0.019444444444444445
0 0.3169270833333333 0.6703703703703704 0.0109375 0.020370370370370372
0 0.37890625 0.7356481481481482 0.015104166666666667 0.021296296296296296
0 0.35078125 0.7453703703703703 0.0203125 0.020370370370370372
0 0.38697916666666665 0.6870370370370371 0.011458333333333333 0.022222222222222223
0 0.3809895833333333 0.638425925925926 0.0203125 0.017592592592592594
2 0.38229166666666664 0.6337962962962963 0.03333333333333333 0.08611111111111111
0 0.013541666666666667 0.6175925925925926 0.02395833333333333 0.022222222222222223
0 0.03854166666666667 0.6467592592592593 0.016666666666666666 0.06018518518518519
0 0.01614583333333333 0.6486111111111111 0.009375 0.049074074074074076
4 0.035416666666666666 0.6763888888888889 0.06979166666666667 0.14907407407407408
0 0.6645833333333333 0.5972222222222222 0.01875 0.016666666666666666
0 0.6361979166666667 0.5898148148148148 0.013020833333333334 0.018518518518518517
0 0.4473958333333333 0.5120370370370371 0.009375 0.014814814814814815
0 0.4197916666666667 0.5217592592592593 0.011458333333333333 0.015740740740740743
0 0.4778645833333333 0.6157407407407408 0.0140625 0.018518518518518517
0 0.4591145833333333 0.6037037037037037 0.009895833333333333 0.018518518518518517
3 0.434375 0.4898148148148148 0.06770833333333333 0.11111111111111112
3 0.4708333333333333 0.5986111111111111 0.04791666666666666 0.0712962962962963
3 0.65078125 0.5726851851851852 0.0671875 0.09722222222222222
3 0.3734375 0.649537037037037 0.065625 0.12314814814814816
3 0.33151041666666664 0.6550925925925927 0.0453125 0.07314814814814816
3 0.36302083333333335 0.7180555555555556 0.06875 0.10833333333333334
