0 0.3364583333333333 0.6606481481481482 0.008333333333333333 0.021296296296296296
0 0.32369791666666664 0.6805555555555556 0.015104166666666667 0.018518518518518517
0 0.38984375 0.7398148148148148 0.011979166666666666 0.022222222222222223
0 0.36354166666666665 0.7537037037037038 0.020833333333333332 0.020370370370370372
0 0.396875 0.6893518518518519 0.011458333333333333 0.021296296296296296
0 0.35572916666666665 0.6476851851851853 0.022916666666666665 0.017592592592592594
2 0.3580729166666667 0.638425925925926 0.0328125 0.0787037037037037
0 0.016666666666666666 0.6296296296296297 0.022916666666666665 0.022222222222222223
0 0.0421875 0.6574074074074074 0.017708333333333333 0.06296296296296297
0 0.02005208333333333 0.6587962962962963 0.0078125 0.049074074074074076
4 0.036458333333333336 0.6875 0.071875 0.15462962962962964
0 0.6041666666666666 0.5444444444444445 0.017708333333333333 0.018518518518518517
0 0.5778645833333333 0.5347222222222222 0.013020833333333334 0.021296296296296296
0 0.50546875 0.47824074074074074 0.011979166666666666 0.017592592592592594
0 0.47890625 0.48055555555555557 0.009895833333333333 0.018518518518518517
0 0.4848958333333333 0.6046296296296296 0.010416666666666666 0.020370370370370372
0 0.4765625 0.6212962962962963 0.014583333333333334 0.018518518518518517
0 0.45859374999999997 0.6162037037037037 0.0078125 0.015740740740740743
3 0.37994791666666666 0.6462962962962964 0.06510416666666667 0.11481481481481481
3 0.371875 0.7273148148148149 0.0625 0.11203703703703705
3 0.32526041666666666 0.6662037037037037 0.043229166666666666 0.06759259259259259
3 0.49453125 0.45601851851851855 0.06927083333333334 0.10092592592592593
3 0.5932291666666667 0.5259259259259259 0.06354166666666666 0.09444444444444444
3 0.47604166666666664 0.6064814814814815 0.04583333333333333 0.07037037037037037
