0 0.3328125 0.6643518518518519 0.011458333333333333 0.019444444444444445
0 0.3375 0.6800925925925926 0.011458333333333333 0.017592592592592594
0 0.315625 0.6856481481481482 0.015625 0.017592592592592594
0 0.36614583333333334 0.7606481481481482 0.019791666666666666 0.02314814814814815
0 0.334375 0.7625000000000001 0.013541666666666667 0.02314814814814815
0 0.3921875 0.6944444444444444 0.013541666666666667 0.018518518518518517
0 0.36223958333333334 0.6916666666666667 0.013020833333333334 0.022222222222222223
0 0.3078125 0.6490740740740741 0.019791666666666666 0.020370370370370372
2 0.31171875 0.6370370370370371 0.033854166666666664 0.07962962962962963
0 0.016927083333333332 0.6324074074074074 0.025520833333333333 0.022222222222222223
0 0.04088541666666667 0.6611111111111111 0.0171875 0.05740740740740741
0 0.018229166666666668 0.6611111111111111 0.008333333333333333 0.040740740740740744
4 0.03567708333333333 0.6939814814814815 0.0703125 0.1564814814814815
0 0.5825520833333333 0.5300925925925926 0.018229166666666668 0.015740740740740743
0 0.5575520833333333 0.5194444444444445 0.0109375 0.016666666666666666
0 0.5208333333333334 0.46620370370370373 0.013541666666666667 0.017592592592592594
0 0.48723958333333334 0.6171296296296297 0.008854166666666666 0.021296296296296296
0 0.471875 0.611574074074074 0.017708333333333333 0.015740740740740743
0 0.47031249999999997 0.6296296296296297 0.014583333333333334 0.016666666666666666
3 0.5744791666666667 0.5055555555555555 0.06145833333333333 0.09444444444444444
3 0.521875 0.4444444444444445 0.05520833333333333 0.09814814814814815
3 0.47421874999999997 0.612037037037037 0.044270833333333336 0.07222222222222223
3 0.3736979166666667 0.6592592592592593 0.07239583333333333 0.12962962962962962
3 0.32109375 0.6703703703703704 0.05260416666666667 0.06851851851851852
3 0.35546875 0.737037037037037 0.07552083333333333 0.12037037037037038
