0 0.3338541666666667 0.662962962962963 0.009375 0.018518518518518517
0 0.328125 0.6837962962962963 0.0125 0.019444444444444445
0 0.3065104166666667 0.6814814814814815 0.0078125 0.020370370370370372
0 0.3770833333333333 0.7578703703703704 0.020833333333333332 0.02314814814814815
0 0.34479166666666666 0.7583333333333334 0.014583333333333334 0.024074074074074074
0 0.3919270833333333 0.7069444444444445 0.013020833333333334 0.017592592592592594
0 0.2640625 0.6453703703703704 0.022916666666666665 0.016666666666666666
2 0.26666666666666666 0.6375000000000001 0.036458333333333336 0.08055555555555556
0 0.019791666666666666 0.6333333333333333 0.026041666666666668 0.024074074074074074
0 0.04505208333333333 0.6606481481481482 0.01614583333333333 0.06018518518518519
0 0.022135416666666668 0.6615740740740741 0.0067708333333333336 0.03981481481481482
4 0.0375 0.6939814814814815 0.07395833333333333 0.15092592592592594
0 0.5875 0.5439814814814815 0.022916666666666665 0.017592592592592594
0 0.5747395833333333 0.5240740740740741 0.011979166666666666 0.024074074074074074
0 0.6091145833333333 0.5324074074074074 0.009895833333333333 0.024074074074074074
0 0.5354166666666667 0.46435185185185185 0.0125 0.015740740740740743
0 0.50703125 0.46111111111111114 0.009895833333333333 0.016666666666666666
0 0.49921875 0.6300925925925926 0.0140625 0.017592592592592594
0 0.47734375 0.625462962962963 0.0140625 0.021296296296296296
3 0.3794270833333333 0.6680555555555556 0.06614583333333333 0.125
3 0.32578125 0.6722222222222223 0.0515625 0.07037037037037037
3 0.3690104166666667 0.7328703703703704 0.0734375 0.11388888888888889
3 0.5895833333333333 0.5185185185185185 0.058333333333333334 0.09814814814814815
3 0.48671875 0.6171296296296297 0.049479166666666664 0.075
3 0.5244791666666666 0.4439814814814815 0.06770833333333333 0.10648148148148148
