0 0.6224973958333333 0.5410726851851853 0.009244791666666667 0.01642870370370375
0 0.6205156249999999 0.5821458333333334 0.005281250000000052 0.01877685185185185
0 0.601703125 0.6103097222222222 0.013864583333333276 0.014082407407407464
0 0.5389947916666666 0.5070407407407408 0.008583333333333224 0.018775925925925946
0 0.8815859375 0.5962277777777778 0.009901041666666662 0.018775925925925946
0 0.8578229166666667 0.5991615740740741 0.013864583333333276 0.01760277777777775
0 0.8505598958333332 0.5797986111111111 0.009901041666666662 0.01877685185185185
0 0.7234921875 0.558088888888889 0.013203124999999953 0.015255555555555555
0 0.6964270833333333 0.5492874999999999 0.005281250000000052 0.021123148148148137
0 0.3006979166666666 0.4818101851851852 0.008581249999999999 0.015255555555555555
0 0.8710260416666666 0.3644597222222222 0.01782291666666668 0.0176027777777778
2 0.8796041666666667 0.36563333333333337 0.037625000000000006 0.06923703703703706
3 0.45879166666666665 0.489438425925926 0.06072916666666662 0.1220453703703704
3 0.6165572916666666 0.5398995370370371 0.03960416666666665 0.05632870370370374
0 0.3076291666666667 0.4953060185185186 0.006601041666666655 0.01877685185185185
0 0.28386562499999995 0.5140819444444444 0.01320208333333337 0.01642870370370375
3 0.6347083333333332 0.579212037037037 0.0402708333333333 0.06689074074074071
3 0.5984010416666665 0.5774513888888889 0.04290624999999994 0.09857500000000001
3 0.5201809895833333 0.49354583333333335 0.059408854166666636 0.09505462962962968
3 0.8624427083333333 0.5903606481481483 0.05610416666666668 0.07510462962962958
3 0.7221718750000001 0.5305115740740741 0.06205208333333338 0.12204537037037035
3 0.29013645833333335 0.4929587962962963 0.04554687500000002 0.06806388888888885
