0 0.36796875 0.5375 0.009895833333333333 0.019444444444444445
0 0.3606770833333333 0.5648148148148149 0.019270833333333334 0.020370370370370372
0 0.80625 0.938425925925926 0.014583333333333334 0.019444444444444445
0 0.7760416666666666 0.9171296296296296 0.009375 0.02314814814814815
0 0.32265625 0.6041666666666667 0.021354166666666667 0.021296296296296296
0 0.3020833333333333 0.5925925925925926 0.010416666666666666 0.022222222222222223
0 0.29661458333333335 0.6069444444444445 0.009895833333333333 0.019444444444444445
0 0.28072916666666664 0.6268518518518519 0.0125 0.014814814814814815
0 0.2518229166666667 0.6171296296296297 0.009895833333333333 0.017592592592592594
0 0.21666666666666667 0.6231481481481481 0.013541666666666667 0.014814814814814815
0 0.19244791666666666 0.6162037037037037 0.0109375 0.017592592592592594
0 0.3872395833333333 0.6981481481481482 0.013020833333333334 0.016666666666666666
0 0.3731770833333333 0.6907407407407408 0.0078125 0.020370370370370372
0 0.0067708333333333336 0.763425925925926 0.0125 0.017592592592592594
2 0.012760416666666666 0.7648148148148148 0.024479166666666666 0.07962962962962963
3 0.2140625 0.5958333333333333 0.065625 0.11203703703703705
3 0.353125 0.5319444444444444 0.057291666666666664 0.09722222222222222
3 0.3171875 0.5791666666666667 0.05520833333333333 0.10277777777777779
3 0.26848958333333334 0.5967592592592593 0.06197916666666667 0.1175925925925926
3 0.38307291666666665 0.687962962962963 0.0484375 0.06851851851851852
3 0.7955729166666666 0.9157407407407407 0.0546875 0.08518518518518518
1 0.45416666666666666 0.038425925925925926 0.090625 0.075
