0 0.2947916666666667 0.6773148148148148 0.010416666666666666 0.017592592592592594
0 0.2872395833333333 0.7027777777777778 0.015104166666666667 0.022222222222222223
0 0.26328125 0.6972222222222223 0.0078125 0.020370370370370372
0 0.3815104166666667 0.7837962962962963 0.019270833333333334 0.021296296296296296
0 0.34661458333333334 0.7847222222222222 0.01614583333333333 0.021296296296296296
0 0.36875 0.7050925925925926 0.014583333333333334 0.017592592592592594
0 0.33932291666666664 0.6893518518518519 0.008854166666666666 0.017592592592592594
0 0.303125 0.6675925925925926 0.026041666666666668 0.018518518518518517
2 0.3059895833333333 0.6560185185185186 0.03697916666666667 0.08796296296296297
0 0.00859375 0.6800925925925926 0.01614583333333333 0.06574074074074074
4 0.01953125 0.7101851851851853 0.03802083333333333 0.1537037037037037
0 0.6421875 0.49722222222222223 0.014583333333333334 0.024074074074074074
0 0.6166666666666667 0.4902777777777778 0.01875 0.019444444444444445
0 0.6145833333333334 0.5046296296296297 0.017708333333333333 0.020370370370370372
0 0.51015625 0.45601851851851855 0.0078125 0.019444444444444445
0 0.53671875 0.4740740740740741 0.0140625 0.020370370370370372
0 0.50625 0.6337962962962963 0.0125 0.017592592592592594
0 0.4901041666666667 0.6291666666666667 0.01875 0.017592592592592594
0 0.4848958333333333 0.6444444444444445 0.014583333333333334 0.020370370370370372
3 0.3567708333333333 0.6569444444444444 0.06979166666666667 0.125
3 0.3653645833333333 0.7564814814814815 0.07135416666666666 0.12407407407407407
3 0.28515625 0.6898148148148149 0.05677083333333333 0.07222222222222223
3 0.4942708333333333 0.6287037037037038 0.05520833333333333 0.07777777777777778
3 0.6247395833333333 0.475462962962963 0.06614583333333333 0.10648148148148148
3 0.53125 0.44212962962962965 0.06145833333333333 0.11944444444444445
