0 0.2908854166666667 0.6925925925925926 0.011979166666666666 0.020370370370370372
0 0.27760416666666665 0.7189814814814816 0.015625 0.015740740740740743
0 0.37994791666666666 0.8018518518518519 0.021354166666666667 0.022222222222222223
0 0.34479166666666666 0.8023148148148148 0.016666666666666666 0.02314814814814815
0 0.3481770833333333 0.7217592592592593 0.009895833333333333 0.019444444444444445
0 0.35078125 0.6782407407407408 0.024479166666666666 0.017592592592592594
2 0.35390625 0.6685185185185185 0.0390625 0.09074074074074075
4 0.010416666666666666 0.7138888888888889 0.019791666666666666 0.15555555555555556
0 0.6697916666666667 0.48333333333333334 0.01875 0.022222222222222223
0 0.6455729166666666 0.47500000000000003 0.0203125 0.016666666666666666
0 0.6395833333333333 0.4912037037037037 0.017708333333333333 0.021296296296296296
0 0.5510416666666667 0.4615740740740741 0.014583333333333334 0.019444444444444445
0 0.5171875 0.45787037037037037 0.010416666666666666 0.019444444444444445
0 0.5002604166666667 0.6574074074074074 0.015104166666666667 0.020370370370370372
0 0.4783854166666667 0.6467592592592593 0.0109375 0.017592592592592594
3 0.36432291666666666 0.6944444444444444 0.07864583333333333 0.1388888888888889
3 0.3651041666666667 0.7768518518518519 0.078125 0.12222222222222223
3 0.49374999999999997 0.638425925925926 0.057291666666666664 0.08796296296296297
3 0.54140625 0.4356481481481482 0.07760416666666667 0.11574074074074074
3 0.6575520833333334 0.4601851851851852 0.07447916666666667 0.11666666666666667
3 0.2817708333333333 0.7000000000000001 0.04895833333333333 0.08333333333333334
