0 0.4845356770833334 0.7974847222222222 0.011881770833333328 0.022297222222222135
0 0.4818953125 0.8256490740740742 0.014521874999999972 0.019950000000000048
0 0.45615156249999994 0.8221287037037037 0.009241666666666681 0.02229629629629623
0 0.07560390625 0.9523888888888888 0.013861979166666672 0.02464814814814826
0 0.03335765625 0.9570787037037037 0.015182291666666669 0.02699074074074072
0 0.6254661458333333 0.7845763888888889 0.011223958333333428 0.01760277777777775
0 0.6000520833333333 0.7834027777777779 0.010562499999999985 0.01994999999999994
0 0.7221718750000001 0.7898569444444444 0.010562499999999985 0.021123148148148137
0 0.6914791666666666 0.7839893518518518 0.012541666666666748 0.021123148148148137
2 0.7931328125 0.2799666666666667 0.03366145833333339 0.05750185185185189
0 0.7855416666666667 0.2846606481481481 0.01452083333333339 0.0176027777777778
0 0.8297682291666667 0.44895231481481485 0.019807291666666654 0.01994907407407409
0 0.8505598958333332 0.4589273148148148 0.009901041666666662 0.0164287037037037
0 0.8258072916666667 0.4618611111111111 0.017166666666666684 0.019950000000000048
0 0.5548359374999999 0.4841578703703704 0.01122395833333331 0.01760277777777775
0 0.7835625 0.6378875 0.010562499999999985 0.019949074074074143
0 0.7667291666666666 0.6284995370370371 0.019145833333333327 0.019949074074074143
0 0.7627682291666666 0.647862037037037 0.013859374999999948 0.018775925925925946
0 0.8723437500000001 0.6073759259259258 0.016500000000000032 0.015255555555555555
0 0.8782864583333333 0.6243921296296296 0.012541666666666628 0.01877685185185185
0 0.8558411458333334 0.6161773148148149 0.01122395833333331 0.016428703703703647
3 0.053490807291666664 0.9324402777777778 0.07261109375 0.12791574074074064
3 0.4723239583333333 0.8074597222222222 0.05478854166666664 0.07745092592592598
3 0.615234375 0.7687337962962963 0.06072916666666662 0.07510462962962958
3 0.7033593749999999 0.7546513888888889 0.0785520833333333 0.14082129629629628
3 0.7720104166666667 0.6302597222222222 0.04818749999999999 0.0727583333333334
3 0.8627734375 0.6120703703703705 0.05676562500000001 0.08097222222222217
3 0.835046875 0.43897731481481483 0.06601041666666667 0.09153425925925929
3 0.5459242187500001 0.4460185185185186 0.06732864583333331 0.1220444444444445
