0 0.5234375 0.4671296296296297 0.011458333333333333 0.019444444444444445
0 0.5013020833333334 0.48703703703703705 0.013020833333333334 0.011111111111111112
0 0.24296874999999998 0.5962962962962963 0.009895833333333333 0.020370370370370372
0 0.21562499999999998 0.5976851851851852 0.014583333333333334 0.015740740740740743
0 0.7674479166666667 0.9111111111111111 0.013020833333333334 0.018518518518518517
0 0.7375 0.8935185185185186 0.008333333333333333 0.022222222222222223
0 0.278125 0.5648148148148149 0.019791666666666666 0.020370370370370372
0 0.2591145833333333 0.5569444444444445 0.0109375 0.021296296296296296
0 0.2526041666666667 0.5712962962962963 0.010416666666666666 0.018518518518518517
0 0.18958333333333333 0.5921296296296297 0.011458333333333333 0.019444444444444445
0 0.15703125 0.5902777777777778 0.011979166666666666 0.017592592592592594
0 0.29322916666666665 0.6078703703703704 0.013541666666666667 0.017592592592592594
0 0.2755208333333333 0.6046296296296296 0.010416666666666666 0.020370370370370372
0 0.9953124999999999 0.33472222222222225 0.009375 0.017592592592592594
2 0.99375 0.33240740740740743 0.0125 0.07222222222222223
3 0.5078125 0.45833333333333337 0.05625 0.10555555555555556
3 0.7580729166666667 0.8907407407407407 0.058854166666666666 0.08518518518518518
3 0.27421875 0.5435185185185185 0.05677083333333333 0.11111111111111112
3 0.28541666666666665 0.5949074074074074 0.052083333333333336 0.0787037037037037
3 0.22734374999999998 0.5717592592592593 0.06927083333333334 0.11574074074074074
3 0.16875 0.5643518518518519 0.0625 0.11388888888888889
