0 0.3614583333333333 0.6194444444444445 0.019791666666666666 0.018518518518518517
0 0.36692708333333335 0.6398148148148148 0.013020833333333334 0.020370370370370372
0 0.33984375 0.6361111111111112 0.011979166666666666 0.022222222222222223
0 0.3924479166666667 0.8152777777777778 0.022395833333333334 0.021296296296296296
0 0.6151041666666667 0.5638888888888889 0.015625 0.018518518518518517
0 0.5841145833333333 0.5574074074074075 0.009895833333333333 0.022222222222222223
0 0.39739583333333334 0.6972222222222223 0.027083333333333334 0.022222222222222223
2 0.40234375 0.6856481481481482 0.043229166666666666 0.09722222222222222
4 0.009375 0.7398148148148148 0.017708333333333333 0.13518518518518519
0 0.71171875 0.5157407407407407 0.015104166666666667 0.022222222222222223
0 0.684375 0.5083333333333333 0.020833333333333332 0.020370370370370372
0 0.6802083333333333 0.5268518518518519 0.021875 0.016666666666666666
0 0.4942708333333333 0.5273148148148148 0.009375 0.025
0 0.46328125 0.5453703703703704 0.015104166666666667 0.020370370370370372
3 0.6953125 0.4902777777777778 0.07604166666666666 0.1287037037037037
3 0.6098958333333333 0.5300925925925926 0.06458333333333333 0.13796296296296298
3 0.46979166666666666 0.5115740740740741 0.07395833333333333 0.14166666666666666
3 0.35625 0.6189814814814815 0.0625 0.08425925925925926
3 0.40338541666666666 0.7828703703703704 0.0734375 0.1398148148148148
