0 0.24296874999999998 0.6027777777777777 0.009895833333333333 0.020370370370370372
0 0.2140625 0.6027777777777777 0.0125 0.018518518518518517
0 0.72734375 0.8925925925925926 0.0078125 0.024074074074074074
0 0.7565104166666666 0.9120370370370371 0.0140625 0.020370370370370372
0 0.26197916666666665 0.5708333333333333 0.0125 0.017592592592592594
0 0.28046875 0.5787037037037037 0.019270833333333334 0.014814814814814815
0 0.25494791666666666 0.5824074074074075 0.008854166666666666 0.020370370370370372
0 0.18697916666666667 0.5962962962962963 0.013541666666666667 0.014814814814814815
0 0.15911458333333334 0.5814814814814815 0.0109375 0.018518518518518517
0 0.3078125 0.6 0.0125 0.014814814814814815
0 0.28880208333333335 0.5986111111111111 0.009895833333333333 0.017592592592592594
0 0.9864583333333333 0.33796296296296297 0.017708333333333333 0.022222222222222223
2 0.9877604166666667 0.33564814814814814 0.024479166666666666 0.0712962962962963
3 0.746875 0.888888888888889 0.052083333333333336 0.07962962962962963
3 0.17682291666666666 0.5597222222222222 0.0609375 0.11018518518518519
3 0.22552083333333334 0.5791666666666667 0.06875 0.1175925925925926
3 0.27682291666666664 0.5560185185185186 0.059895833333333336 0.11203703703703705
3 0.2973958333333333 0.5953703703703704 0.053125 0.07592592592592592
3 0.5859375 0.45972222222222225 0.058333333333333334 0.09351851851851853
