0 0.45807291666666666 0.6129629629629629 0.009895833333333333 0.022222222222222223
0 0.4356770833333333 0.6226851851851852 0.015104166666666667 0.019444444444444445
0 0.40546875 0.7513888888888889 0.015104166666666667 0.028703703703703703
0 0.3703125 0.7564814814814815 0.022916666666666665 0.020370370370370372
0 0.6065104166666666 0.500925925925926 0.011979166666666666 0.018518518518518517
0 0.6390625 0.5106481481481482 0.013541666666666667 0.019444444444444445
0 0.3052083333333333 0.6861111111111111 0.029166666666666667 0.018518518518518517
2 0.3106770833333333 0.6773148148148148 0.0453125 0.09907407407407408
4 0.010677083333333334 0.7361111111111112 0.0203125 0.1462962962962963
0 0.7684895833333333 0.4513888888888889 0.0109375 0.019444444444444445
0 0.7505208333333333 0.4759259259259259 0.021875 0.018518518518518517
0 0.7236979166666666 0.4652777777777778 0.0078125 0.02314814814814815
0 0.4731770833333333 0.5606481481481481 0.013020833333333334 0.021296296296296296
0 0.43854166666666666 0.5509259259259259 0.0125 0.022222222222222223
0 0.52265625 0.6523148148148148 0.013020833333333334 0.017592592592592594
0 0.49453125 0.65 0.0140625 0.018518518518518517
3 0.46015625 0.512962962962963 0.08489583333333334 0.13703703703703704
3 0.44244791666666666 0.5990740740740741 0.049479166666666664 0.07962962962962963
3 0.5059895833333333 0.638425925925926 0.06197916666666667 0.08981481481481482
3 0.62421875 0.47314814814814815 0.07760416666666667 0.1425925925925926
3 0.7489583333333333 0.4439814814814815 0.06458333333333333 0.11574074074074074
0 0.49244791666666665 0.625925925925926 0.0109375 0.020370370370370372
3 0.38203125 0.7296296296296296 0.08697916666666666 0.13333333333333333
