0 0.4393229166666667 0.5995370370370371 0.01614583333333333 0.021296296296296296
0 0.4184895833333333 0.5888888888888889 0.009895833333333333 0.022222222222222223
0 0.4028645833333333 0.7458333333333333 0.0140625 0.028703703703703703
0 0.3640625 0.75 0.02395833333333333 0.022222222222222223
0 0.5044270833333333 0.5365740740740741 0.015104166666666667 0.017592592592592594
0 0.3145833333333333 0.6777777777777778 0.028125 0.018518518518518517
2 0.31953125 0.6703703703703704 0.043229166666666666 0.10185185185185186
4 0.010677083333333334 0.7277777777777779 0.0203125 0.1388888888888889
0 0.47213541666666664 0.5449074074074074 0.008854166666666666 0.019444444444444445
0 0.44244791666666666 0.5518518518518519 0.0140625 0.020370370370370372
0 0.34739583333333335 0.7060185185185186 0.013541666666666667 0.021296296296296296
3 0.44479166666666664 0.512962962962963 0.075 0.13333333333333333
3 0.5158854166666667 0.49074074074074076 0.07760416666666667 0.1425925925925926
3 0.4361979166666667 0.5819444444444445 0.0515625 0.08240740740740742
3 0.3765625 0.7194444444444444 0.08958333333333333 0.13518518518518519
3 0.36041666666666666 0.6833333333333333 0.051041666666666666 0.08333333333333334
