0 0.6462604166666668 0.7036037037037037 0.013197916666666623 0.015255555555555555
0 0.6502213541666666 0.5856662037037037 0.006598958333333371 0.01877685185185185
0 0.6317369791666666 0.5962277777777777 0.011880208333333305 0.016429629629629655
0 0.7112812499999999 0.6044425925925926 0.012541666666666748 0.018775925925925946
0 0.6828958333333334 0.607962962962963 0.01121874999999998 0.018775925925925946
0 0.6515416666666667 0.29287546296296296 0.01584375000000004 0.012908333333333362
2 0.652203125 0.2881814814814815 0.025083333333333256 0.05750185185185183
1 0.9327421874999998 0.20251527777777778 0.018484375000000004 0.017602777777777773
0 0.9485859375 0.2342 0.010557291666666658 0.05280740740740742
0 0.9129401041666667 0.22950555555555555 0.0145260416666666 0.05046111111111113
4 0.9274609374999999 0.24828194444444446 0.07393229166666669 0.11852500000000003
0 0.7683776041666666 0.41492083333333335 0.01320312500000007 0.0176027777777778
0 0.7482447916666667 0.4078791666666667 0.01782291666666668 0.012908333333333362
0 0.7439557291666666 0.41961435185185186 0.017161458333333237 0.01290833333333331
0 0.3993828125 0.4870912037037037 0.01320208333333337 0.016428703703703647
0 0.6469192708333333 0.5522208333333334 0.00792187500000002 0.01760277777777775
0 0.6271171875 0.5533949074074075 0.013203124999999953 0.017602777777777853
0 0.6218359375 0.5334449074074075 0.011880208333333305 0.01760277777777775
0 0.7294322916666667 0.5164291666666667 0.011885416666666752 0.01877685185185185
0 0.7218411458333333 0.5281643518518518 0.009901041666666662 0.016428703703703647
0 0.7439557291666666 0.529924537037037 0.013203124999999953 0.01760277777777775
3 0.7545182291666668 0.39379722222222224 0.05808854166666665 0.08801296296296295
3 0.7399947916666666 0.5158425925925926 0.0514895833333334 0.0692370370370371
3 0.7017083333333334 0.5768648148148149 0.06601041666666667 0.12321851851851855
3 0.6323984374999999 0.5357921296296297 0.04489062500000003 0.05984907407407413
3 0.6356979166666666 0.5803856481481481 0.040927083333333295 0.06454351851851851
3 0.6459296875 0.6824810185185186 0.04158854166666662 0.07627870370370368
3 0.38717109375000003 0.4530592592592593 0.06534947916666667 0.1196981481481482
