0 0.4743044270833333 0.6138300925925927 0.009901562499999983 0.021123148148148137
0 0.44625 0.6232189814814814 0.015842708333333337 0.021123148148148137
0 0.3799098958333333 0.8186078703703704 0.02574375 0.024643518518518526
0 0.3465747395833334 0.7992453703703704 0.011881770833333328 0.023470370370370437
0 0.48024505208333335 0.5657162037037038 0.0165026041666667 0.021123148148148137
0 0.5149002604166667 0.5621962962962963 0.00924114583333336 0.023470370370370332
0 0.17890963541666666 0.6707458333333334 0.023764062500000006 0.031684259259259204
2 0.19475208333333333 0.6613578703703703 0.06072916666666665 0.1020953703703704
0 0.4224864583333333 0.5663032407407408 0.014521875000000031 0.02229722222222224
0 0.25713151041666665 0.6953898148148148 0.02310364583333332 0.02699074074074072
0 0.26538255208333333 0.7165125 0.015842187500000014 0.02229722222222224
0 0.23435807291666666 0.7112319444444445 0.015842187499999986 0.023469444444444428
3 0.4898156249999999 0.5287509259259259 0.08317083333333333 0.16077037037037034
3 0.37231901041666665 0.7845763888888889 0.08317239583333334 0.14903611111111106
3 0.24789010416666665 0.7006703703703704 0.06931041666666665 0.09153333333333333
3 0.4277671875 0.5316847222222222 0.08185208333333331 0.12673981481481483
3 0.4564815104166667 0.5968148148148148 0.06006927083333332 0.09974814814814811
