0 0.50400859375 0.6226319444444445 0.009901562499999983 0.022297222222222135
0 0.47364427083333327 0.6308462962962964 0.015182291666666655 0.022296296296296335
0 0.40730390625 0.8373842592592593 0.025083854166666697 0.026990740740740825
0 0.37033854166666663 0.8186083333333334 0.01320208333333337 0.02699074074074072
0 0.5505468750000001 0.5651296296296295 0.010562499999999985 0.022296296296296335
0 0.5125911458333333 0.5651300925925926 0.016505208333333302 0.024643518518518526
0 0.19310182291666667 0.6789601851851853 0.02574427083333335 0.02699074074074072
2 0.2069640625 0.6683986111111111 0.05874895833333333 0.10913611111111109
0 0.4551614583333334 0.5756916666666667 0.01914270833333334 0.022296296296296335
0 0.4158854166666667 0.5569152777777777 0.011882291666666708 0.024643518518518526
0 0.28056510416666663 0.7593458333333333 0.017162499999999997 0.021123148148148137
0 0.25086067708333337 0.7429166666666666 0.011881770833333357 0.028164814814814823
0 0.2752841145833333 0.7364625 0.027724479166666635 0.024643518518518526
3 0.27033359375000005 0.7329416666666667 0.0640296875 0.1044425925925926
3 0.39938307291666664 0.7986583333333334 0.09241406250000003 0.15372962962962966
3 0.4871755208333333 0.6026819444444446 0.06864895833333329 0.09740092592592602
3 0.43964895833333334 0.5328583333333333 0.09241354166666665 0.1525555555555555
3 0.5224921874999999 0.5240569444444444 0.08647395833333338 0.16546574074074072
