0 0.5386640625 0.6983231481481481 0.010557291666666658 0.018775925925925946
0 0.5158911458333333 0.7018439814814816 0.013863541666666694 0.01642870370370375
0 0.5007083333333333 0.6466888888888889 0.011221875000000025 0.018775925925925946
0 0.5043388020833334 0.6701592592592592 0.01320156249999999 0.01173518518518527
0 0.6347083333333334 0.568650462962963 0.008583333333333342 0.017602777777777853
0 0.6597916666666667 0.5809722222222223 0.012541666666666628 0.018775925925925946
0 0.6528619791666666 0.2852476851851852 0.018484375000000004 0.014082407407407412
2 0.6489010416666666 0.2811402777777778 0.02904166666666666 0.05515462962962964
1 0.8409895833333333 0.20251481481481484 0.019802083333333324 0.015255555555555555
0 0.8234973958333334 0.22715879629629632 0.013859375000000066 0.045767592592592596
0 0.8574921875 0.23361296296296297 0.011880208333333305 0.05398148148148149
4 0.8366979166666667 0.24710833333333335 0.07327083333333337 0.11852407407407407
0 0.6350364583333333 0.42430879629629636 0.019802083333333324 0.01290833333333331
0 0.6347083333333332 0.43897731481481483 0.020458333333333318 0.0164287037037037
0 0.6191953125 0.4202013888888889 0.006598958333333371 0.021123148148148137
0 0.6522005208333332 0.42313518518518517 0.006598958333333253 0.015255555555555555
0 0.32710208333333335 0.4917856481481482 0.012541666666666687 0.021123148148148137
0 0.5894921874999999 0.5803856481481482 0.01716145833333336 0.01760277777777775
0 0.5736484374999999 0.5856662037037037 0.009244791666666667 0.01877685185185185
0 0.5934505208333333 0.5950546296296296 0.013203124999999953 0.018775925925925946
0 0.5419661458333334 0.45247314814814815 0.018484374999999945 0.015255555555555555
0 0.5449348958333333 0.46772870370370373 0.012546874999999957 0.015255555555555555
0 0.5274427083333334 0.4583402777777778 0.009239583333333279 0.01760277777777775
3 0.5112697916666666 0.647862037037037 0.052147916666666676 0.06571666666666671
3 0.6343802083333333 0.410812962962963 0.046208333333333226 0.08918703703703704
3 0.5366825520833333 0.450712962962963 0.04488489583333332 0.0657166666666666
3 0.5254627604166666 0.6889351851851852 0.055449479166666586 0.07275740740740749
3 0.316540625 0.45951388888888894 0.06931041666666668 0.12556481481481482
3 0.6558307291666667 0.5410726851851853 0.06930729166666663 0.12204537037037046
3 0.5852005208333333 0.578038425925926 0.04554687500000002 0.0692379629629629
0 0.8390078125 0.2212916666666667 0.006598958333333371 0.026990740740740746
