0 0.3908015625 0.8162611111111111 0.010561458333333284 0.02229629629629623
0 0.36802838541666666 0.8227152777777779 0.013861979166666672 0.01877685185185185
0 0.500378125 0.7968981481481483 0.009241666666666622 0.02112407407407404
0 0.4713338541666667 0.814500925925926 0.014521875000000031 0.016429629629629655
0 0.706 0.27996666666666664 0.019145833333333327 0.015255555555555555
2 0.7063281250000001 0.27409907407407413 0.02904166666666666 0.05280740740740739
1 0.8413203125000001 0.20486203703703704 0.019140625 0.015255555555555555
0 0.8581510416666667 0.23596018518518522 0.010562499999999985 0.05163518518518521
0 0.8234973958333334 0.23067916666666669 0.013859375000000066 0.048113888888888914
0 0.8403307291666666 0.22481157407407407 0.006598958333333371 0.024643518518518502
4 0.837359375 0.2506291666666666 0.0719479166666666 0.118525
0 0.4208359375 0.450125925925926 0.015182291666666714 0.015255555555555555
0 0.45021041666666667 0.5369652777777778 0.006601041666666655 0.01760277777777775
0 0.43172786458333334 0.5463537037037036 0.010561979166666664 0.015255555555555555
0 0.5858619791666667 0.4577537037037037 0.009901041666666662 0.016429629629629603
0 0.5716692708333333 0.4530597222222222 0.017161458333333237 0.0164287037037037
0 0.5686979166666667 0.46890185185185185 0.013864583333333395 0.015255555555555607
3 0.5759609375 0.45188611111111116 0.04158854166666662 0.068062962962963
3 0.4828854166666667 0.774601388888889 0.07327083333333337 0.13847500000000001
3 0.37726953124999996 0.8039393518518518 0.054788020833333326 0.07979907407407406
3 0.44096927083333337 0.5281638888888889 0.04488645833333328 0.06571666666666671
3 0.41951614583333335 0.4254819444444444 0.052147916666666676 0.10678981481481484
