0 0.9505208333333334 0.4981481481481482 0.021875 0.018518518518518517
0 0.190625 0.6189814814814815 0.010416666666666666 0.021296296296296296
0 0.1671875 0.6263888888888889 0.013541666666666667 0.015740740740740743
0 0.7145833333333333 0.9148148148148149 0.015625 0.018518518518518517
0 0.6864583333333333 0.8976851851851853 0.009375 0.021296296296296296
0 0.19453125 0.5865740740740741 0.0109375 0.021296296296296296
0 0.21302083333333333 0.5912037037037037 0.01875 0.017592592592592594
0 0.12786458333333334 0.5939814814814816 0.01614583333333333 0.019444444444444445
0 0.28671875 0.6421296296296296 0.0140625 0.019444444444444445
0 0.26640625 0.6425925925925926 0.0109375 0.024074074074074074
0 0.9403645833333333 0.34074074074074073 0.01614583333333333 0.022222222222222223
0 0.011979166666666666 0.7652777777777778 0.022916666666666665 0.017592592592592594
2 0.9484374999999999 0.33842592592592596 0.035416666666666666 0.0787037037037037
2 0.017708333333333333 0.763425925925926 0.034375 0.07314814814814816
3 0.7067708333333333 0.8902777777777778 0.05520833333333333 0.07685185185185185
3 0.2765625 0.637962962962963 0.057291666666666664 0.07592592592592592
3 0.21145833333333333 0.5671296296296297 0.046875 0.10648148148148148
3 0.16953125 0.5981481481481482 0.058854166666666666 0.11481481481481481
3 0.13125 0.5648148148148149 0.05416666666666667 0.10740740740740741
3 0.9515625 0.4666666666666667 0.053125 0.0962962962962963
