0 0.15283567708333334 0.8062861111111111 0.011221354166666645 0.01408148148148156
0 0.14623463541666665 0.8338638888888888 0.01782239583333333 0.019950000000000048
0 0.12148098958333334 0.8268226851851852 0.010561979166666664 0.017602777777777853
0 0.20531354166666665 0.7569990740740741 0.009241666666666681 0.018775925925925946
0 0.234028125 0.7710810185185186 0.015182291666666655 0.01877685185185185
0 0.5376744791666667 0.27233888888888885 0.013859375000000066 0.016429629629629603
2 0.5442734375 0.2658847222222222 0.031026041666666632 0.0504601851851852
1 0.8515494791666666 0.20016805555555556 0.018484375000000004 0.0176027777777778
0 0.8664036458333333 0.2300925925925926 0.01122395833333331 0.05163518518518518
0 0.8495703124999999 0.21835740740740742 0.006598958333333371 0.025816666666666672
0 0.8330677083333333 0.22481203703703703 0.01452083333333339 0.0504611111111111
4 0.8469296875 0.24652175925925926 0.07260937499999992 0.11500462962962965
0 0.45780182291666666 0.42137500000000006 0.009901562499999983 0.018775925925925894
0 0.4297473958333333 0.43076296296296296 0.01320208333333331 0.016429629629629655
0 0.5195197916666667 0.5698240740740741 0.007918750000000033 0.019950000000000048
0 0.5033486979166666 0.5645430555555556 0.019143229166666664 0.016428703703703647
0 0.500378125 0.5803856481481482 0.014521875000000031 0.01760277777777775
0 0.6281067708333334 0.43897731481481483 0.01122395833333331 0.014082407407407412
0 0.6337187499999999 0.45188611111111116 0.009239583333333337 0.011735185185185218
0 0.6152369791666668 0.44367129629629626 0.011880208333333423 0.018775925925925894
3 0.14029375 0.8180212962962963 0.05214791666666666 0.08449259259259266
3 0.2284171875 0.7294212962962963 0.071290625 0.13495370370370371
3 0.5086296874999999 0.5651300925925926 0.04290729166666664 0.07158425925925929
3 0.6185364583333334 0.4366300925925926 0.04225000000000006 0.06336944444444441
3 0.4393190104166667 0.4119870370370371 0.06006927083333332 0.09622777777777777
