0 0.055471093750000006 0.8602675925925926 0.014522395833333332 0.023470370370370437
0 0.0633921875 0.8737634259259259 0.009241666666666674 0.024643518518518526
0 0.036328125 0.8849111111111111 0.015842395833333328 0.01877592592592584
0 0.6439505208333334 0.27703287037037044 0.019140625 0.014082407407407412
2 0.6403203125 0.27233888888888885 0.02904687499999999 0.05867592592592593
1 0.8515494791666666 0.1919537037037037 0.01716145833333336 0.015255555555555555
0 0.8670651041666666 0.22129120370370373 0.009901041666666662 0.05280833333333335
0 0.8495729166666666 0.21131620370370371 0.005281250000000052 0.025817592592592604
0 0.8337291666666666 0.21601064814814813 0.01452083333333339 0.04928796296296296
4 0.8462708333333334 0.2342 0.07261458333333325 0.12087222222222223
0 0.6835546874999999 0.5234703703703704 0.013859375000000066 0.016429629629629655
0 0.6782734374999999 0.5363791666666667 0.015182291666666596 0.021123148148148137
0 0.6459322916666667 0.4078791666666667 0.012541666666666628 0.01760277777777775
0 0.6198567708333333 0.4108134259259259 0.011880208333333305 0.0164287037037037
0 0.5013682291666667 0.7411560185185185 0.008581249999999999 0.01760277777777775
0 0.4716638020833333 0.7247273148148149 0.012542187500000008 0.019949074074074036
0 0.4779348958333333 0.7429166666666666 0.01320208333333331 0.016429629629629655
0 0.6406484375 0.4471921296296296 0.01122395833333331 0.014082407407407412
0 0.6274453124999999 0.43428333333333335 0.015182291666666714 0.016429629629629655
0 0.6215078125 0.44601851851851854 0.01122395833333331 0.016429629629629655
3 0.6370208333333333 0.3826490740740741 0.06601041666666667 0.08918703703703704
3 0.6327291666666666 0.4378037037037037 0.04686458333333334 0.05867592592592593
3 0.4855260416666667 0.7335287037037037 0.052147916666666676 0.08214629629629637
3 0.045239453125 0.8649615740740741 0.06006901041666667 0.08214537037037047
3 0.6924661458333332 0.5117351851851852 0.0594114583333333 0.10092222222222226
