0 0.05712125 0.8555736111111112 0.012541875 0.01877685185185185
0 0.046889635416666665 0.8825643518518519 0.017162395833333337 0.021123148148148137
0 0.023126119791666667 0.8743500000000001 0.009241406249999999 0.018775925925925946
0 0.6891666666666667 0.26881851851851857 0.018479166666666675 0.014081481481481454
2 0.684875 0.26236435185185186 0.028385416666666666 0.05280833333333335
1 0.8505625 0.19019305555555557 0.01782291666666668 0.0164287037037037
0 0.8670651041666666 0.22011759259259261 0.009901041666666662 0.05280740740740739
0 0.8489114583333333 0.20779583333333335 0.005281250000000052 0.025817592592592576
0 0.8337291666666666 0.2154236111111111 0.01452083333333339 0.048113888888888914
4 0.8469322916666667 0.23302638888888888 0.0712916666666666 0.12556574074074073
0 0.6799244791666667 0.5357916666666667 0.018484375000000004 0.015255555555555555
0 0.6809140625 0.5205361111111112 0.015182291666666714 0.015255555555555555
0 0.6469218750000001 0.42313518518518517 0.010562499999999985 0.019949999999999992
0 0.508959375 0.7206199074074076 0.009241666666666622 0.021123148148148137
0 0.49839791666666666 0.7382226851851853 0.014521875000000031 0.014082407407407358
0 0.48849635416666665 0.715338888888889 0.009241666666666622 0.019950000000000048
0 0.6106145833333334 0.44601851851851854 0.014520833333333271 0.014081481481481454
0 0.5957630208333333 0.43780416666666666 0.013859375000000066 0.0164287037037037
0 0.5901510416666668 0.45012546296296296 0.009239583333333337 0.0176027777777778
3 0.6555026041666667 0.3926236111111111 0.06469270833333335 0.1020953703703704
3 0.6904869791666667 0.5052810185185185 0.06469270833333324 0.09740092592592586
3 0.6030234374999999 0.43721759259259263 0.046869791666666674 0.06923703703703706
3 0.49938802083333333 0.7259009259259259 0.045546874999999966 0.069237037037037
3 0.04358919270833333 0.8632013888888889 0.05676848958333333 0.08801388888888885
