0 0.7350442708333332 0.2793800925925926 0.015182291666666596 0.0164287037037037
2 0.7413151041666667 0.2776194444444445 0.03300520833333328 0.06219629629629632
1 0.8419791666666666 0.18901990740740743 0.016500000000000032 0.0164287037037037
0 0.8571640625 0.21894398148148148 0.009901041666666662 0.052808333333333325
0 0.8234973958333334 0.21366342592592594 0.013859375000000066 0.051634259259259276
4 0.8366979166666667 0.23243981481481482 0.07459375000000001 0.11500370370370372
0 0.6287682291666667 0.5498740740740741 0.013859374999999948 0.01994999999999994
0 0.6505520833333333 0.5621962962962963 0.01782291666666668 0.018775925925925946
0 0.6224973958333333 0.5645430555555556 0.013203124999999953 0.023469444444444428
0 0.4818953125 0.7282476851851851 0.010561458333333343 0.019949074074074036
0 0.5026885416666667 0.7405694444444445 0.012541666666666687 0.01877592592592584
0 0.5620963541666666 0.4630342592592593 0.01122395833333331 0.015255555555555555
0 0.5475755208333334 0.4577537037037037 0.020463541666666647 0.014081481481481507
0 0.5449348958333333 0.4724226851851852 0.01122395833333331 0.01760277777777775
3 0.6383385416666667 0.538725925925926 0.06468750000000002 0.1056166666666666
3 0.4937770833333333 0.7247273148148149 0.04752708333333331 0.07862499999999997
3 0.5518671875 0.4583407407407407 0.04356770833333338 0.069237037037037
3 0.7145807291666666 0.41961481481481483 0.0627135416666667 0.11148333333333332
