0 0.7052083333333333 0.2662037037037037 0.019791666666666666 0.01388888888888889
2 0.70625 0.25787037037037036 0.029166666666666667 0.05462962962962963
1 0.8375 0.18888888888888888 0.01875 0.016666666666666666
0 0.8541666666666666 0.21944444444444444 0.0125 0.05
0 0.8361979166666667 0.20740740740740743 0.0067708333333333336 0.024074074074074074
0 0.8200520833333333 0.2138888888888889 0.0140625 0.0462962962962963
4 0.8328125 0.23425925925925928 0.07083333333333333 0.11481481481481481
0 0.63203125 0.5717592592592593 0.015104166666666667 0.017592592592592594
0 0.65546875 0.5842592592592593 0.0171875 0.018518518518518517
0 0.6270833333333333 0.5851851851851853 0.014583333333333334 0.020370370370370372
0 0.5015625 0.7157407407407408 0.009375 0.022222222222222223
0 0.509375 0.7287037037037037 0.00625 0.022222222222222223
0 0.48723958333333334 0.7319444444444445 0.015104166666666667 0.015740740740740743
0 0.5645833333333333 0.45740740740740743 0.007291666666666667 0.018518518518518517
0 0.5484375 0.45555555555555555 0.017708333333333333 0.014814814814814815
0 0.5466145833333333 0.46990740740740744 0.0109375 0.017592592592592594
3 0.7234375 0.412962962962963 0.0625 0.10925925925925926
3 0.010677083333333334 0.7083333333333334 0.0203125 0.12962962962962962
3 0.553125 0.45740740740740743 0.04479166666666667 0.07037037037037037
3 0.6427083333333333 0.5583333333333333 0.07083333333333333 0.10740740740740741
3 0.49166666666666664 0.7212962962962963 0.05 0.07962962962962963
