0 0.7264635416666666 0.2647111111111111 0.01782291666666668 0.015255555555555555
2 0.7228333333333334 0.25943055555555555 0.03036458333333331 0.05867592592592593
1 0.9644296874999999 0.17787175925925924 0.018484375000000004 0.017602777777777773
0 0.9806015625000001 0.21072962962962963 0.009901041666666662 0.05280740740740739
0 0.9617890625 0.19723425925925928 0.00792187500000002 0.028164814814814823
0 0.944625 0.20427546296296298 0.017166666666666684 0.04928796296296296
4 0.9591458333333333 0.2230513888888889 0.07525000000000001 0.11500462962962962
0 0.79709375 0.39145 0.013864583333333395 0.015255555555555555
0 0.4815653645833333 0.4202013888888889 0.011221354166666704 0.0164287037037037
3 0.8069947916666665 0.380888425925926 0.061385416666666616 0.09505462962962968
3 0.48024505208333335 0.3943842592592593 0.05082760416666669 0.10796296296296298
