0 0.07593411458333332 0.7892703703703704 0.011881770833333328 0.017601851851851844
0 0.041278880208333334 0.8098069444444445 0.008581302083333334 0.016428703703703647
0 0.6182083333333334 0.27703287037037044 0.01782291666666668 0.014082407407407412
2 0.6142447916666666 0.27233888888888885 0.029708333333333312 0.05867592592592593
1 0.8366979166666667 0.1896064814814815 0.01782291666666668 0.015255555555555555
0 0.818875 0.2154236111111111 0.013864583333333276 0.048113888888888914
0 0.8353776041666667 0.20720879629629632 0.005942708333333376 0.024643518518518502
0 0.8522109374999999 0.21894398148148148 0.011880208333333423 0.052808333333333325
4 0.8320781250000001 0.23420000000000002 0.07063541666666673 0.11617777777777781
0 0.6300859375 0.5721708333333334 0.015182291666666596 0.017602777777777853
0 0.6518697916666667 0.5844930555555556 0.01782291666666668 0.021123148148148137
0 0.6234843750000001 0.5856662037037037 0.012541666666666748 0.01877685185185185
0 0.47430416666666664 0.6373009259259259 0.015182291666666655 0.018775925925925946
0 0.5604479166666666 0.4595138888888889 0.010562499999999985 0.019949999999999992
0 0.5462552083333333 0.4542328703703704 0.016500000000000032 0.014082407407407412
0 0.542625 0.4689023148148148 0.011885416666666633 0.01760277777777775
3 0.5515364583333333 0.4559935185185185 0.042906250000000055 0.06923703703703706
3 0.4749643229166666 0.6202851851851853 0.03630572916666666 0.0692370370370371
3 0.06339208333333334 0.7986583333333332 0.055448125 0.08097222222222217
3 0.6406510416666666 0.5592625 0.06270833333333338 0.1020953703703704
3 0.7208515624999999 0.3996652777777778 0.06336979166666659 0.11383055555555557
