0 0.08121484375 0.8432518518518519 0.007921354166666669 0.02229629629629623
0 0.09870755208333333 0.8579203703703704 0.01782239583333333 0.018775925925925946
0 0.5244716145833334 0.2641240740740741 0.015181770833333334 0.018775925925925894
2 0.5304138020833333 0.25825694444444447 0.031026562500000014 0.051634259259259276
1 0.8343880208333334 0.1896064814814815 0.018484375000000004 0.015255555555555555
0 0.850890625 0.22070416666666667 0.011885416666666633 0.05163425925925925
0 0.8333984375 0.20896944444444446 0.005942708333333257 0.028164814814814795
0 0.8165651041666667 0.21425046296296296 0.013203124999999953 0.048113888888888914
4 0.8304296875000001 0.23420000000000002 0.07393229166666669 0.11617777777777781
0 0.6508802083333334 0.5663032407407408 0.018479166666666675 0.017602777777777853
0 0.6442786458333333 0.5422462962962963 0.01320312500000007 0.016429629629629655
0 0.4723239583333333 0.5516347222222222 0.009901041666666662 0.021123148148148137
0 0.4617622395833333 0.5657166666666668 0.012542187500000008 0.018775925925925946
0 0.5611093749999999 0.45716712962962963 0.010562499999999985 0.01760277777777775
0 0.5479036458333333 0.4530592592592593 0.018484375000000004 0.011735185185185218
0 0.5465859375 0.4706620370370371 0.013203124999999953 0.016429629629629655
3 0.5492265624999999 0.4542328703703704 0.04356770833333326 0.06806388888888891
3 0.46209244791666665 0.5510476851851852 0.04092656249999997 0.07158425925925929
0 0.44625 0.5610222222222222 0.006601041666666655 0.018775925925925946
3 0.09870755208333334 0.834450462962963 0.04950781249999999 0.08214537037037047
3 0.7215104166666666 0.39966481481481486 0.062052083333333265 0.11148333333333332
3 0.6581432291666667 0.5451800925925926 0.0633697916666667 0.09974907407407411
