0 0.005729166666666666 0.7490740740740741 0.010416666666666666 0.020370370370370372
0 0.56796875 0.2847222222222222 0.019270833333333334 0.01388888888888889
2 0.5669270833333333 0.27731481481481485 0.0265625 0.05462962962962963
1 0.8341145833333333 0.18935185185185185 0.0171875 0.015740740740740743
0 0.8158854166666667 0.2162037037037037 0.0140625 0.05092592592592593
0 0.8502604166666666 0.2199074074074074 0.0109375 0.05277777777777778
0 0.8325520833333333 0.20740740740740743 0.0046875 0.024074074074074074
4 0.8299479166666667 0.23611111111111113 0.07135416666666666 0.11111111111111112
0 0.653125 0.5101851851851852 0.019791666666666666 0.016666666666666666
0 0.6614583333333334 0.5606481481481481 0.011458333333333333 0.019444444444444445
0 0.65546875 0.5782407407407407 0.0140625 0.019444444444444445
0 0.6346354166666667 0.5750000000000001 0.009895833333333333 0.020370370370370372
0 0.5609375 0.45740740740740743 0.007291666666666667 0.018518518518518517
0 0.54765625 0.45462962962962966 0.018229166666666668 0.012962962962962964
0 0.5447916666666667 0.4689814814814815 0.014583333333333334 0.01388888888888889
3 0.5481770833333334 0.45416666666666666 0.04114583333333333 0.06574074074074074
3 0.6484375 0.5662037037037038 0.042708333333333334 0.06574074074074074
3 0.7174479166666666 0.3990740740740741 0.05677083333333333 0.11111111111111112
3 0.6638020833333333 0.47962962962962963 0.06302083333333333 0.09444444444444444
3 0.009635416666666667 0.7296296296296296 0.018229166666666668 0.07962962962962963
