0 0.6330598958333333 0.2817273148148148 0.018484375000000004 0.014082407407407412
2 0.6294270833333333 0.27468611111111113 0.029708333333333312 0.05398148148148144
1 0.7878515625 0.20251481481481484 0.017817708333333352 0.015255555555555555
0 0.8033645833333334 0.23302638888888888 0.010562499999999985 0.05046018518518517
0 0.7858697916666666 0.22070462962962964 0.0072604166666665765 0.025816666666666672
0 0.7697005208333334 0.22774583333333337 0.013203124999999953 0.051634259259259276
4 0.7845494791666667 0.24769537037037034 0.0706302083333334 0.11265740740740743
0 0.789171875 0.5880134259259259 0.00990624999999999 0.021123148148148137
0 0.780921875 0.6056157407407408 0.01584374999999992 0.01877592592592584
0 0.7611171875 0.6015087962962963 0.009244791666666667 0.019949074074074143
0 0.5155604166666666 0.46538148148148145 0.009241666666666681 0.017601851851851792
0 0.5224911458333333 0.47711620370370367 0.008580208333333297 0.017602777777777853
0 0.5030187500000001 0.4765296296296297 0.01320208333333337 0.016429629629629655
3 0.6690338541666667 0.420787962962963 0.05874479166666665 0.11617777777777781
3 0.7782786458333334 0.5915337962962963 0.047526041666666664 0.07510462962962969
3 0.5076403645833333 0.46538148148148145 0.04620885416666667 0.06689074074074071
