0 0.5531874999999999 0.29228842592592597 0.019802083333333442 0.014082407407407412
2 0.5502161458333333 0.2870078703703704 0.027067708333333346 0.05280833333333335
1 0.7868619791666667 0.20251481481481484 0.018484375000000004 0.015255555555555555
0 0.7683776041666666 0.22539861111111112 0.01320312500000007 0.05163425925925925
0 0.8023723958333332 0.23185324074074073 0.01122395833333331 0.04811388888888889
0 0.7848802083333334 0.22011805555555555 0.005281249999999934 0.024643518518518526
4 0.7825703124999999 0.24652175925925926 0.06930729166666663 0.11735092592592593
0 0.786859375 0.5874263888888889 0.010562499999999985 0.019949074074074036
0 0.7792682291666666 0.6062027777777779 0.015182291666666714 0.01994999999999994
0 0.7597968749999999 0.5991615740740741 0.009239583333333337 0.01760277777777775
0 0.50532890625 0.4659680555555556 0.019143229166666664 0.014082407407407412
0 0.5086294270833334 0.48239722222222226 0.012542187500000008 0.014081481481481454
0 0.4927869791666667 0.470662037037037 0.008581249999999999 0.018775925925925894
3 0.660453125 0.43310972222222227 0.06403125000000003 0.11735092592592596
3 0.5026893229166667 0.4659680555555556 0.04026718750000005 0.06806388888888891
3 0.7753098958333332 0.5897736111111112 0.046869791666666674 0.07393055555555558
