0 0.5960911458333332 0.2858342592592593 0.01716145833333336 0.015255555555555555
2 0.5924635416666666 0.27820648148148147 0.028385416666666666 0.05398148148148149
1 0.7855416666666667 0.2013416666666667 0.018479166666666675 0.015255555555555555
0 0.8023723958333332 0.23302638888888888 0.009901041666666662 0.05280833333333335
0 0.7683802083333333 0.22774583333333337 0.01452083333333339 0.051634259259259276
4 0.7825703124999999 0.2459351851851852 0.07195312499999992 0.11148333333333332
0 0.7881822916666666 0.5897736111111112 0.010562499999999985 0.01760277777777775
0 0.7792708333333334 0.6062027777777779 0.013864583333333276 0.01994999999999994
0 0.7594661458333334 0.6003351851851852 0.009901041666666662 0.01994999999999994
0 0.5149002604166667 0.4712490740740741 0.00924114583333336 0.015255555555555555
0 0.50103828125 0.4653814814814815 0.015842187500000014 0.015255555555555555
0 0.4970776041666667 0.48063703703703703 0.01320208333333331 0.015255555555555555
3 0.6614427083333333 0.4307629629629629 0.06072916666666662 0.10561666666666665
3 0.7753072916666666 0.5874263888888889 0.04818749999999999 0.07158425925925929
3 0.5046684895833333 0.46538148148148145 0.04422552083333334 0.06923703703703706
