0 0.6990677083333333 0.28935462962962966 0.01584375000000004 0.019949999999999992
2 0.7050078125 0.282900462962963 0.03300520833333328 0.0516342592592593
1 0.8099661458333335 0.20251527777777778 0.018484375000000004 0.017602777777777773
0 0.7924713541666667 0.22715879629629632 0.013859374999999948 0.04811388888888889
0 0.8258072916666668 0.23302638888888888 0.010562499999999985 0.05046018518518517
0 0.8083151041666667 0.22011805555555555 0.005942708333333376 0.024643518518518526
4 0.8069921875 0.2459351851851852 0.0706302083333334 0.11148333333333332
0 0.8119453124999999 0.5903606481481483 0.00792187500000002 0.021123148148148137
0 0.8013854166666666 0.6085499999999999 0.01584374999999992 0.01994999999999994
0 0.7829010416666667 0.6026819444444446 0.00791666666666669 0.017602777777777853
0 0.5413046875 0.4753564814814815 0.010557291666666658 0.016429629629629603
0 0.5175401041666666 0.4577537037037037 0.007919791666666676 0.014081481481481507
0 0.5228205729166666 0.47300925925925924 0.011879687500000043 0.014081481481481454
3 0.8017135416666666 0.5921203703703704 0.04818749999999999 0.07627777777777778
3 0.5300833333333334 0.46244768518518525 0.04620833333333329 0.0704101851851852
3 0.684875 0.43310972222222227 0.05742708333333333 0.1056157407407408
