0 0.6637526041666666 0.27703287037037044 0.019140625 0.014082407407407412
2 0.6617708333333333 0.27351250000000005 0.028385416666666666 0.05867499999999998
1 0.8033645833333334 0.20016805555555556 0.018479166666666675 0.01525648148148146
0 0.8201953125 0.23067962962962962 0.01122395833333331 0.0504611111111111
0 0.7848802083333334 0.22539861111111112 0.01452083333333339 0.05163425925925925
4 0.799734375 0.24476157407407406 0.06931249999999996 0.11383055555555555
0 0.8050130208333334 0.5903606481481483 0.00990104166666678 0.021123148148148137
0 0.7961015625 0.6050291666666667 0.01320312500000007 0.01760277777777775
0 0.7766276041666667 0.6009217592592593 0.00990104166666678 0.021123148148148137
0 0.5228221354166667 0.46362129629629634 0.019803645833333345 0.014081481481481454
0 0.52348125 0.479463425925926 0.011881250000000006 0.012908333333333362
0 0.5099497395833333 0.46714166666666673 0.009901562500000042 0.018775925925925946
3 0.6455989583333335 0.4976532407407408 0.05016666666666663 0.07979907407407406
3 0.52150078125 0.460100462962963 0.03564427083333334 0.06806388888888891
3 0.6786067708333333 0.43310972222222227 0.0633697916666667 0.10326944444444446
3 0.7934609374999999 0.5897736111111112 0.047526041666666664 0.07627870370370368
