0 0.18385416666666665 0.5981481481481482 0.014583333333333334 0.016666666666666666
0 0.76953125 0.9370370370370371 0.01614583333333333 0.018518518518518517
0 0.7395833333333334 0.9185185185185185 0.009375 0.02592592592592593
0 0.24609375 0.5884259259259259 0.0171875 0.021296296296296296
0 0.21692708333333333 0.5666666666666667 0.0140625 0.016666666666666666
0 0.21796875 0.5810185185185185 0.018229166666666668 0.015740740740740743
0 0.13567708333333334 0.6212962962962963 0.01614583333333333 0.018518518518518517
0 0.10885416666666667 0.6138888888888889 0.007291666666666667 0.022222222222222223
0 0.3294270833333333 0.5662037037037038 0.0140625 0.017592592592592594
0 0.3171875 0.5564814814814815 0.010416666666666666 0.020370370370370372
0 0.30859375 0.5685185185185185 0.009895833333333333 0.022222222222222223
0 0.028385416666666666 0.7759259259259259 0.025520833333333333 0.020370370370370372
2 0.9955729166666667 0.3550925925925926 0.008854166666666666 0.075
2 0.03203125 0.7726851851851853 0.03697916666666667 0.0787037037037037
3 0.7598958333333333 0.9166666666666667 0.053125 0.08333333333333334
3 0.325 0.5592592592592592 0.046875 0.07037037037037037
3 0.23177083333333334 0.5606481481481481 0.06041666666666667 0.09351851851851853
3 0.18333333333333332 0.5689814814814815 0.058333333333333334 0.11388888888888889
3 0.13385416666666666 0.5925925925925926 0.06041666666666667 0.10925925925925926
3 0.58984375 0.46481481481481485 0.057812499999999996 0.0925925925925926
