3 0.3403041666666667 0.7012569444444445 0.07195104166666665 0.15138240740740747
3 0.38156015625 0.7939643518518519 0.06865052083333331 0.11852500000000006
3 0.6413098958333333 0.5005870370370371 0.05874479166666665 0.11617777777777777
3 0.7083072916666667 0.3098912037037037 0.05544791666666669 0.08683981481481486
0 0.3908015625 0.8092199074074075 0.019803125000000026 0.019949074074074143
0 0.3967427083333333 0.8303430555555557 0.017162499999999997 0.02229722222222224
0 0.36769817708333336 0.8139138888888889 0.015842187499999955 0.02699074074074072
0 0.32083098958333334 0.745850462962963 0.011881770833333328 0.019949074074074143
0 0.3538359375 0.7505444444444445 0.01320208333333331 0.01994999999999994
0 0.7043489583333333 0.31575879629629633 0.01584374999999992 0.0164287037037037
0 0.7225 0.3216263888888889 0.012541666666666628 0.021123148148148137
0 0.6997265625 0.33042777777777776 0.01716145833333336 0.019949999999999992
0 0.6545104166666665 0.528751388888889 0.013864583333333395 0.01760277777777775
