3 0.7762994791666666 0.7658 0.07393229166666669 0.14199444444444448
3 0.778609375 0.39731805555555555 0.04818749999999999 0.08331944444444446
3 0.9673984375000001 0.5844930555555556 0.04554687500000002 0.07510462962962958
3 0.1330328125 0.5645430555555556 0.06006875 0.09153425925925923
0 0.11851067708333334 0.5633694444444446 0.013861979166666672 0.016429629629629655
0 0.1261015625 0.579212037037037 0.021122916666666658 0.022296296296296335
0 0.15316562499999997 0.5827324074074074 0.01320208333333334 0.02229629629629623
0 0.7673880208333334 0.40259861111111117 0.011223958333333428 0.018776851851851902
0 0.7825703124999999 0.4166810185185185 0.015182291666666596 0.014082407407407412
0 0.7594661458333334 0.4143337962962963 0.01122395833333331 0.021123148148148137
0 0.7667291666666666 0.804525925925926 0.016500000000000032 0.02464444444444443
0 0.8010520833333333 0.7992449074074075 0.012541666666666628 0.025817592592592524
0 0.9786223958333333 0.5839060185185185 0.009901041666666662 0.02229722222222224
0 0.9677291666666666 0.6009217592592593 0.01452083333333339 0.016428703703703647
0 0.9505651041666666 0.5844930555555556 0.011880208333333305 0.021123148148148137
2 0.05382065104166667 0.6895217592592593 0.04422640625 0.07862499999999997
0 0.05184036458333333 0.7041912037037037 0.0244234375 0.021123148148148137
