0 0.4908854166666667 0.5018518518518519 0.021354166666666667 0.014814814814814815
0 0.4752604166666667 0.47824074074074074 0.0109375 0.017592592592592594
0 0.20208333333333334 0.600462962962963 0.015625 0.015740740740740743
0 0.7841145833333333 0.9273148148148148 0.0078125 0.019444444444444445
0 0.81328125 0.9467592592592593 0.01614583333333333 0.019444444444444445
0 0.2828125 0.5467592592592593 0.010416666666666666 0.021296296296296296
0 0.26536458333333335 0.5685185185185185 0.0203125 0.016666666666666666
0 0.16484375 0.6287037037037038 0.01614583333333333 0.018518518518518517
0 0.13385416666666666 0.6268518518518519 0.009375 0.020370370370370372
0 0.00703125 0.5555555555555556 0.013020833333333334 0.018518518518518517
0 0.3111979166666667 0.5555555555555556 0.015104166666666667 0.016666666666666666
0 0.29973958333333334 0.5449074074074074 0.008854166666666666 0.019444444444444445
0 0.2934895833333333 0.5537037037037037 0.0078125 0.018518518518518517
0 0.01796875 0.7717592592592593 0.024479166666666666 0.019444444444444445
2 0.021875 0.7675925925925926 0.03854166666666667 0.07222222222222223
3 0.013020833333333334 0.5486111111111112 0.025 0.08240740740740742
3 0.1546875 0.6023148148148149 0.06458333333333333 0.12314814814814816
3 0.49244791666666665 0.46620370370370373 0.050520833333333334 0.09907407407407408
3 0.30833333333333335 0.5518518518518519 0.042708333333333334 0.06666666666666667
3 0.26640625 0.5412037037037037 0.04635416666666667 0.08796296296296297
3 0.20364583333333333 0.5712962962962963 0.053125 0.11481481481481481
3 0.80546875 0.9222222222222223 0.0546875 0.07962962962962963
