3 0.09870755208333333 0.5434199074074074 0.0666703125 0.11500462962962957
3 0.6680442708333333 0.4407379629629629 0.05808854166666665 0.0856666666666666
3 0.7928020833333332 0.48591759259259265 0.046208333333333344 0.07275740740740744
3 0.7729999999999999 0.7041907407407408 0.06601041666666667 0.1384740740740741
0 0.10794895833333333 0.5715837962962964 0.016502083333333348 0.021123148148148137
0 0.6597942708333333 0.44953888888888893 0.015182291666666714 0.018775925925925946
0 0.6766249999999999 0.4589273148148148 0.01584374999999992 0.014082407407407412
0 0.6538489583333332 0.4618611111111111 0.012541666666666748 0.019950000000000048
0 0.7908229166666667 0.7388092592592592 0.014520833333333271 0.019950000000000048
0 0.7578177083333333 0.7423296296296297 0.01584375000000004 0.019950000000000048
0 0.7865338541666667 0.4847439814814815 0.015182291666666714 0.021123148148148137
0 0.8033645833333334 0.4976532407407408 0.010562499999999985 0.014082407407407464
0 0.7815807291666667 0.49882638888888897 0.013203124999999953 0.021123148148148137
0 0.07857473958333333 0.5663032407407407 0.011881770833333341 0.024643518518518526
