3 0.17131875000000002 0.5404861111111111 0.045546874999999994 0.06689074074074071
3 0.10992916666666666 0.5956412037037038 0.04290625 0.09740092592592592
3 0.9040286458333334 0.49706620370370375 0.044223958333333376 0.069237962962963
3 0.8881848958333334 0.7100587962962963 0.06139062499999994 0.12908611111111112
3 0.8931380208333334 0.6255657407407408 0.06865104166666663 0.08449259259259255
0 0.11058932291666666 0.6091365740740741 0.02310364583333334 0.01877685185185185
0 0.11124947916666666 0.6249787037037038 0.021783333333333325 0.022296296296296335
0 0.14128411458333331 0.49354583333333335 0.011881770833333357 0.01760277777777775
3 0.160096875 0.4659680555555556 0.06006875000000001 0.11031018518518518
0 0.18254010416666666 0.5310976851851852 0.011221874999999996 0.01760277777777775
0 0.15547604166666668 0.5492874999999999 0.008581249999999999 0.021123148148148137
0 0.17692942708333334 0.5510476851851852 0.015842187500000014 0.01525648148148146
0 0.8809244791666666 0.6402342592592593 0.019140625 0.022296296296296335
0 0.9086510416666668 0.647275462962963 0.016500000000000032 0.022297222222222135
0 0.8881875 0.7476106481481481 0.016500000000000032 0.021123148148148137
0 0.907 0.4964791666666667 0.019802083333333324 0.014082407407407464
0 0.9089791666666667 0.5134953703703704 0.01584375000000004 0.017601851851851844
0 0.8891770833333332 0.5046939814814815 0.009239583333333337 0.01877685185185185
