3 0.8468749999999999 0.5990740740740741 0.052083333333333336 0.07962962962962963
3 0.8934895833333333 0.7000000000000001 0.06510416666666667 0.13148148148148148
3 0.9197916666666667 0.5324074074074074 0.04479166666666667 0.07777777777777778
3 0.2604166666666667 0.4967592592592593 0.04375 0.06574074074074074
3 0.16119791666666666 0.46296296296296297 0.058854166666666666 0.10555555555555556
3 0.14479166666666665 0.6638888888888889 0.0625 0.0962962962962963
3 0.011458333333333333 0.5884259259259259 0.021875 0.062037037037037036
0 0.16145833333333334 0.6643518518518519 0.011458333333333333 0.019444444444444445
0 0.16901041666666666 0.4949074074074074 0.015104166666666667 0.021296296296296296
0 0.14114583333333333 0.4912037037037037 0.010416666666666666 0.019444444444444445
0 0.26927083333333335 0.49074074074074076 0.009375 0.020370370370370372
0 0.2596354166666667 0.5097222222222222 0.015104166666666667 0.015740740740740743
0 0.8348958333333333 0.600462962962963 0.009375 0.015740740740740743
0 0.8468749999999999 0.6171296296296297 0.019791666666666666 0.021296296296296296
0 0.86875 0.6125 0.008333333333333333 0.021296296296296296
0 0.9229166666666666 0.5342592592592593 0.022916666666666665 0.014814814814814815
0 0.9247395833333333 0.55 0.015104166666666667 0.016666666666666666
0 0.9049479166666666 0.5439814814814815 0.009895833333333333 0.017592592592592594
0 0.15078125 0.6842592592592592 0.022395833333333334 0.020370370370370372
0 0.12421875 0.6865740740740741 0.0140625 0.025
0 0.8856770833333333 0.7393518518518519 0.01614583333333333 0.017592592592592594
