3 0.8056744791666667 0.5580888888888889 0.0455468749999999 0.0692370370370371
3 0.8693723958333333 0.597987962962963 0.0633697916666667 0.09270740740740743
3 0.9386848958333334 0.5927074074074075 0.044890624999999906 0.07275740740740738
3 0.8961067708333333 0.6895217592592593 0.06667187499999999 0.1396472222222222
3 0.34624505208333334 0.755825462962963 0.05082760416666669 0.07979907407407406
3 0.12214088541666665 0.6795472222222223 0.06600989583333333 0.08918703703703704
3 0.17692942708333334 0.45012592592592593 0.0554484375 0.10444259259259255
0 0.10662864583333333 0.7077115740740741 0.01914270833333334 0.021123148148148137
0 0.13963359375 0.6725060185185185 0.01650260416666668 0.01877685185185185
0 0.13336276041666667 0.6936291666666667 0.01848281250000001 0.021123148148148137
0 0.18055989583333334 0.47887685185185186 0.016502083333333317 0.018775925925925946
0 0.3584567708333333 0.7440902777777779 0.010561458333333343 0.021123148148148137
0 0.3521859375 0.7675606481481482 0.015182291666666714 0.021123148148148137
0 0.32875234375 0.7646263888888889 0.011881770833333328 0.01760277777777775
0 0.8842265625 0.6173513888888889 0.01650520833333336 0.021123148148148137
0 0.8621145833333334 0.6056157407407408 0.01584375000000004 0.023470370370370437
0 0.8561718749999999 0.6208717592592593 0.014520833333333271 0.021123148148148137
0 0.8901692708333333 0.7305949074074074 0.015182291666666714 0.02229722222222224
0 0.7921406249999999 0.5639564814814815 0.010562499999999985 0.019950000000000048
0 0.8126041666666667 0.5733444444444444 0.01452083333333339 0.019950000000000048
0 0.9505651041666666 0.5880134259259259 0.00792187500000002 0.014082407407407358
0 0.9373645833333333 0.6067893518518519 0.01584375000000004 0.021123148148148137
0 0.9241640624999999 0.5833194444444445 0.00792187500000002 0.018775925925925946
0 0.9129401041666666 0.3151722222222222 0.01716145833333336 0.019949999999999992
2 0.9221822916666668 0.31047824074074076 0.03432291666666659 0.0668898148148148
