3 0.8789453125 0.6220453703703703 0.0706302083333334 0.08918703703703704
3 0.8505625 0.7347023148148147 0.06931249999999996 0.1361268518518518
3 0.350865625 0.7534782407407408 0.04818749999999999 0.07510462962962958
3 0.14359453125 0.6496222222222222 0.0640296875 0.09270740740740743
3 0.23633828125 0.48181064814814817 0.05676822916666667 0.10913611111111109
3 0.40433359375 0.4565800925925926 0.04422656249999998 0.06806388888888891
0 0.12808203125 0.6736791666666666 0.015842187499999986 0.021123148148148137
0 0.16141692708333333 0.6455152777777778 0.013861979166666672 0.01642870370370375
0 0.15712630208333334 0.6648782407407409 0.018482812499999984 0.02229722222222224
0 0.25383098958333333 0.4911986111111111 0.011221354166666645 0.019949074074074143
0 0.24095911458333333 0.5152555555555556 0.014522395833333352 0.018775925925925946
0 0.33865390625 0.7581726851851851 0.011881770833333328 0.021123148148148137
0 0.3581265625 0.7675606481481482 0.01914270833333334 0.021123148148148137
0 0.8957786458333333 0.6408212962962964 0.018484375000000004 0.018775925925925946
0 0.8673932291666666 0.6331935185185185 0.022442708333333408 0.022296296296296335
0 0.8310885416666667 0.7564120370370371 0.013197916666666623 0.022296296296296335
0 0.8687135416666666 0.7728412037037037 0.014520833333333271 0.024643518518518526
0 0.39443229166666666 0.45188611111111116 0.011221874999999966 0.016429629629629603
0 0.4053239583333333 0.46714166666666673 0.01320208333333331 0.016429629629629603
