3 0.12346119791666667 0.6455152777777778 0.06336927083333332 0.08918611111111113
3 0.2584518229166667 0.4630342592592593 0.05742864583333335 0.1044425925925926
3 0.7479140624999999 0.48005 0.05280729166666672 0.07745185185185188
3 0.7584765625000001 0.7992449074074075 0.06732812499999999 0.1361268518518518
3 0.9522161458333334 0.6050291666666667 0.04950520833333331 0.07393055555555558
0 0.1416140625 0.638474537037037 0.013862499999999993 0.021123148148148137
0 0.13798359375 0.6560768518518518 0.01848281250000001 0.025816666666666724
0 0.10992916666666668 0.6701587962962964 0.019142708333333328 0.025817592592592524
0 0.27891484375 0.4829842592592593 0.009901562500000042 0.022296296296296283
0 0.2551513020833333 0.49413240740740744 0.013861979166666642 0.01642962962962955
0 0.7667291666666666 0.4929587962962963 0.008583333333333224 0.025817592592592628
0 0.7452760416666667 0.4941328703703704 0.02112499999999997 0.021123148148148245
0 0.7630989583333334 0.8438384259259258 0.01584374999999992 0.021123148148148137
0 0.7304244791666666 0.8133273148148149 0.009901041666666662 0.023469444444444428
0 0.9416536458333332 0.5968143518518519 0.01122395833333331 0.017602777777777853
0 0.9512265625 0.618524537037037 0.017161458333333237 0.01877685185185185
