3 0.7670572916666667 0.4166810185185185 0.046208333333333226 0.07510462962962963
3 0.6746432291666666 0.43311018518518524 0.04356770833333338 0.06102222222222222
3 0.6482395833333333 0.775775 0.05677083333333333 0.13143333333333332
3 0.083525 0.5727578703703704 0.045546874999999994 0.06806388888888891
3 0.18815104166666666 0.5240569444444444 0.044886458333333344 0.0668898148148148
3 0.2871658854166667 0.501173611111111 0.058089062500000004 0.10561574074074069
3 0.13039218749999998 0.6607708333333333 0.062709375 0.09153425925925934
0 0.1459046875 0.6519699074074075 0.014521874999999972 0.017602777777777853
0 0.14689479166666666 0.6730925925925927 0.01914270833333334 0.022296296296296335
0 0.11983072916666666 0.6901087962962963 0.019142708333333328 0.021123148148148245
0 0.26703307291666667 0.5211231481481482 0.009901562499999983 0.018775925925925946
0 0.29475729166666664 0.5299245370370371 0.015182291666666655 0.019949074074074036
0 0.09375703125 0.5674768518518519 0.011881770833333328 0.015255555555555661
0 0.08451536458333334 0.5868398148148148 0.0158421875 0.018775925925925946
0 0.1997028645833333 0.5170157407407407 0.009901562500000013 0.01994999999999994
0 0.19112135416666665 0.5357921296296296 0.015182291666666684 0.01760277777777775
0 0.17131848958333334 0.5310981481481482 0.00858177083333335 0.019950000000000048
0 0.754515625 0.4166810185185185 0.009239583333333337 0.02112314814814819
0 0.7660703125 0.43193611111111113 0.020463541666666647 0.018775925925925946
0 0.6489010416666666 0.8238888888888889 0.017166666666666566 0.02112407407407404
0 0.6673828125 0.4360435185185186 0.0145260416666666 0.015255555555555555
0 0.6838854166666666 0.44836574074074076 0.011885416666666633 0.016429629629629655
0 0.6624322916666666 0.4512990740740741 0.0112187500000001 0.019949999999999992
