0 0.10885416666666667 0.7060185185185186 0.0125 0.021296296296296296
0 0.11796875 0.7180555555555556 0.0109375 0.026851851851851852
0 0.08619791666666667 0.7351851851851852 0.025520833333333333 0.016666666666666666
0 0.3671875 0.7611111111111112 0.013541666666666667 0.018518518518518517
0 0.3364583333333333 0.7643518518518518 0.010416666666666666 0.019444444444444445
0 0.32526041666666666 0.4527777777777778 0.011979166666666666 0.016666666666666666
0 0.31276041666666665 0.47870370370370374 0.013020833333333334 0.018518518518518517
0 0.33203125 0.46574074074074073 0.009895833333333333 0.016666666666666666
0 0.45026041666666666 0.44537037037037036 0.008854166666666666 0.016666666666666666
0 0.8614583333333333 0.312962962962963 0.016666666666666666 0.020370370370370372
2 0.8690104166666667 0.31342592592592594 0.03697916666666667 0.07685185185185185
3 0.44479166666666664 0.45462962962962966 0.041666666666666664 0.06666666666666667
3 0.9828125 0.3125 0.034375 0.10462962962962963
3 0.3171875 0.45833333333333337 0.04375 0.06296296296296297
3 0.35703125 0.7092592592592593 0.0765625 0.17222222222222222
3 0.09140625 0.6939814814814815 0.07135416666666666 0.12314814814814816
