2 0.9950520833333333 0.3013888888888889 0.009895833333333333 0.06759259259259259
0 0.5049479166666666 0.7291666666666667 0.009895833333333333 0.015740740740740743
0 0.50078125 0.7564814814814815 0.0109375 0.016666666666666666
0 0.4947916666666667 0.7800925925925927 0.015625 0.015740740740740743
0 0.47265625 0.775462962962963 0.009895833333333333 0.017592592592592594
0 0.35052083333333334 0.8083333333333333 0.022916666666666665 0.016666666666666666
0 0.7265625 0.46435185185185185 0.013541666666666667 0.015740740740740743
0 0.6989583333333333 0.4569444444444445 0.009375 0.017592592592592594
0 0.7505208333333333 0.8393518518518519 0.016666666666666666 0.017592592592592594
0 0.8046875 0.40740740740740744 0.0125 0.014814814814814815
0 0.7763020833333333 0.42685185185185187 0.015104166666666667 0.014814814814814815
0 0.7927083333333333 0.4398148148148148 0.0125 0.011111111111111112
0 0.771875 0.4416666666666667 0.011458333333333333 0.014814814814814815
0 0.6778645833333333 0.40324074074074073 0.0171875 0.012037037037037037
0 0.6760416666666667 0.41712962962962963 0.0125 0.01388888888888889
3 0.4940104166666667 0.7277777777777779 0.0421875 0.05740740740740741
3 0.7919270833333333 0.3893518518518519 0.0515625 0.075
3 0.3494791666666667 0.7847222222222222 0.058333333333333334 0.09351851851851853
3 0.4908854166666667 0.7648148148148148 0.0484375 0.06851851851851852
3 0.74609375 0.7981481481481482 0.06510416666666667 0.12592592592592594
3 0.7833333333333333 0.4291666666666667 0.04375 0.0638888888888889
3 0.71875 0.4356481481481482 0.06145833333333333 0.09537037037037037
3 0.67734375 0.39861111111111114 0.0390625 0.0638888888888889
