0 0.6366901041666666 0.29698287037037036 0.019140625 0.014082407407407412
2 0.6330572916666666 0.2870078703703704 0.03036458333333331 0.06454351851851851
0 0.8842265625000001 0.24124074074074073 0.008578125000000015 0.0504611111111111
0 0.8667343750000001 0.23243935185185186 0.0066041666666667 0.025817592592592604
0 0.8489114583333333 0.23654722222222224 0.011885416666666633 0.045766666666666664
1 0.8687135416666667 0.21131620370370371 0.018479166666666675 0.014082407407407412
4 0.86409375 0.25708333333333333 0.07129166666666673 0.11265740740740743
0 0.9023802083333334 0.8015921296296296 0.014520833333333271 0.01642870370370375
0 0.8835651041666667 0.7822291666666668 0.01650520833333336 0.019949074074074143
0 0.6898281249999999 0.5792115740740741 0.010562499999999985 0.01760277777777775
0 0.6795963541666666 0.5985750000000001 0.015182291666666714 0.01642962962962955
0 0.5238127604166666 0.6414078703703704 0.013864062500000015 0.01760277777777775
0 0.4977377604166667 0.6326064814814815 0.015842187500000014 0.016429629629629655
0 0.38024010416666665 0.42782870370370374 0.007920833333333318 0.015255555555555555
0 0.35647630208333336 0.4348703703703704 0.011881770833333328 0.015255555555555555
0 0.41192473958333337 0.41198657407407413 0.005280729166666671 0.014082407407407412
0 0.43271796874999996 0.41198657407407413 0.01650260416666664 0.014082407407407412
0 0.41885572916666663 0.3996648148148148 0.008581249999999999 0.012909259259259266
0 0.5063190104166666 0.4671416666666667 0.00924114583333336 0.014081481481481454
0 0.4941072916666666 0.4859180555555556 0.012541666666666687 0.014082407407407358
3 0.49740755208333337 0.4718361111111112 0.04026614583333335 0.06571666666666671
3 0.29739765625000003 0.42841574074074074 0.05082760416666669 0.09153333333333329
3 0.8944557291666667 0.7857495370370371 0.052807291666666596 0.07862499999999997
3 0.679265625 0.5833189814814815 0.04224999999999994 0.06806388888888891
3 0.508959375 0.618524537037037 0.05676875000000005 0.08918611111111113
3 0.4300776041666667 0.39731759259259264 0.04686666666666669 0.07393148148148149
3 0.36241744791666664 0.4061189814814815 0.058089062499999976 0.09857500000000001
