0 0.692796875 0.2840740740740741 0.01782291666666668 0.014081481481481454
2 0.6951067708333334 0.27351250000000005 0.027723958333333344 0.06571574074074076
0 0.8413203125000001 0.24065416666666667 0.009901041666666662 0.04928796296296296
0 0.8228359375 0.22774537037037038 0.005942708333333257 0.023470370370370384
0 0.8069947916666667 0.23537314814814814 0.012541666666666628 0.04576666666666664
1 0.8251484374999999 0.2083824074074074 0.01716145833333336 0.015255555555555555
4 0.8211874999999998 0.2547361111111111 0.06996874999999995 0.1126574074074074
0 0.6512109375 0.8414916666666666 0.015182291666666714 0.016429629629629655
0 0.8452786458333333 0.7528916666666667 0.009901041666666662 0.01994999999999994
0 0.8284479166666666 0.7429166666666666 0.022447916666666737 0.016429629629629655
0 0.8251458333333334 0.7599328703703704 0.01452083333333339 0.01760277777777775
0 0.42347656250000004 0.5580888888888889 0.015182291666666655 0.012909259259259266
0 0.42809713541666666 0.5727578703703705 0.013861979166666672 0.01642870370370375
0 0.40367369791666663 0.5621962962962963 0.013861979166666672 0.018775925925925946
0 0.31191979166666667 0.4665550925925926 0.012541666666666687 0.01760277777777775
0 0.44129921875 0.5340319444444445 0.012542187500000008 0.014082407407407464
0 0.3601067708333333 0.42430833333333334 0.015182291666666655 0.015255555555555555
0 0.34162421875 0.4155069444444444 0.013861979166666672 0.014082407407407412
0 0.3366734375 0.4290027777777778 0.01320208333333331 0.015255555555555555
0 0.5667187499999999 0.49589259259259266 0.01121874999999998 0.015255555555555555
0 0.5518671875 0.48181064814814817 0.011880208333333305 0.012908333333333362
0 0.54559375 0.49530601851851846 0.008583333333333342 0.01642870370370375
3 0.43271796875 0.5046944444444444 0.05346822916666666 0.10796296296296298
3 0.30102786458333336 0.43545694444444444 0.05544843749999995 0.10092129629629636
3 0.34987526041666667 0.40494583333333334 0.0554484375 0.08214537037037035
3 0.4129148437499999 0.5463537037037037 0.05082760416666669 0.08801296296296304
3 0.5591276041666667 0.4823976851851851 0.04620312500000002 0.06336944444444441
3 0.6508802083333334 0.8244759259259259 0.03960416666666665 0.08097222222222226
3 0.8297682291666666 0.74585 0.05017187499999996 0.08097222222222226
0 0.82646875 0.24534861111111111 0.003958333333333286 0.021123148148148137
