0 0.6766249999999999 0.2858342592592593 0.018479166666666557 0.015255555555555555
2 0.6733255208333334 0.27527268518518516 0.02904687499999999 0.06454351851851857
0 0.8403281249999999 0.23889398148148147 0.009239583333333337 0.0504601851851852
0 0.8231666666666667 0.2283324074074074 0.005281249999999934 0.022296296296296307
0 0.8066640625 0.23361296296296297 0.01320312500000007 0.04694074074074071
1 0.8244869791666666 0.2083824074074074 0.018484375000000004 0.015255555555555555
4 0.8205286458333333 0.254149537037037 0.06865104166666663 0.11148425925925926
0 0.7736588541666667 0.8632013888888889 0.0145260416666666 0.019949074074074036
0 0.7601276041666666 0.8362106481481483 0.015182291666666714 0.019949074074074036
0 0.7495651041666667 0.8479458333333334 0.009901041666666662 0.02229722222222224
0 0.36538776041666665 0.5575023148148148 0.009901562499999983 0.014082407407407358
0 0.3812302083333333 0.5680634259259258 0.01782291666666668 0.01642870370370375
0 0.3452546875 0.5176027777777777 0.014521875000000031 0.016429629629629655
0 0.42281640625 0.5111481481481481 0.011221354166666704 0.015255555555555555
0 0.37726953125 0.410812962962963 0.005941145833333354 0.018775925925925946
0 0.3591166666666667 0.410812962962963 0.017162499999999997 0.011735185185185166
0 0.35812682291666664 0.4248953703703704 0.0165026041666667 0.014081481481481454
0 0.5591276041666667 0.49706620370370375 0.01320312500000007 0.015256481481481565
0 0.5416354166666667 0.4900250000000001 0.007260416666666695 0.015255555555555555
3 0.7663984375 0.8467722222222223 0.05148437500000007 0.07393148148148149
3 0.6769557291666667 0.7311814814814814 0.046869791666666674 0.08449259259259266
3 0.5531848958333332 0.4812236111111111 0.03828645833333333 0.06336944444444446
3 0.36043697916666667 0.40083842592592595 0.046207291666666706 0.08331944444444446
3 0.41126484375 0.4829842592592593 0.05280781249999998 0.10444259259259266
3 0.34096406250000005 0.48591759259259254 0.05610833333333331 0.09622777777777783
3 0.38222031250000005 0.5498745370370369 0.04620729166666664 0.08331944444444446
