0 0.6452708333333333 0.2881814814814815 0.01782291666666668 0.015255555555555555
2 0.6429583333333333 0.27879305555555556 0.030364583333333427 0.06454351851851851
0 0.8403281249999999 0.23948055555555559 0.010562499999999985 0.04928703703703705
0 0.8060026041666667 0.23420000000000002 0.011880208333333423 0.0504611111111111
1 0.8248151041666666 0.20896944444444446 0.020463541666666647 0.014081481481481481
4 0.8201953125 0.254149537037037 0.07063020833333328 0.11148425925925926
0 0.7017083333333334 0.5709972222222223 0.00791666666666669 0.019950000000000048
0 0.6838854166666666 0.5874263888888889 0.013197916666666623 0.017602777777777853
0 0.6901588541666667 0.8649620370370371 0.009901041666666662 0.018775925925925946
0 0.72184375 0.8825643518518519 0.007260416666666695 0.021123148148148137
0 0.6993984375 0.8890189814814815 0.015182291666666714 0.01760277777777775
0 0.42314661458333336 0.5357921296296296 0.009241145833333301 0.01760277777777775
0 0.40895442708333335 0.5463537037037036 0.01782239583333336 0.015255555555555555
0 0.342284375 0.5029337962962963 0.011221874999999966 0.015256481481481565
0 0.3139 0.5005865740740741 0.009901041666666662 0.01760277777777775
0 0.41852578125 0.5029337962962963 0.007921354166666639 0.01760277777777775
0 0.37627942708333334 0.41140000000000004 0.007921354166666698 0.015255555555555555
0 0.3581265625 0.410812962962963 0.017822916666666622 0.011735185185185166
0 0.3558161458333333 0.42548240740740745 0.017162499999999997 0.015255555555555555
0 0.5442760416666667 0.4741828703703703 0.008583333333333342 0.014082407407407412
0 0.5686979166666667 0.4888518518518519 0.005937499999999929 0.015255555555555555
0 0.5525260416666666 0.4929587962962964 0.013197916666666623 0.01642870370370375
3 0.39707265625 0.479463425925926 0.054788020833333326 0.10209537037037035
3 0.3627473958333333 0.401425 0.052147916666666676 0.0844925925925926
3 0.3297424479166667 0.4724226851851852 0.06270989583333335 0.10209537037037035
3 0.40862421875 0.529337962962963 0.04884739583333335 0.08449259259259266
3 0.5528567708333334 0.47535601851851855 0.04026562500000003 0.06806388888888891
3 0.6881770833333333 0.5715842592592593 0.042906250000000055 0.07275740740740738
3 0.7020390624999999 0.8749365740740741 0.05082812500000008 0.07862499999999997
