0 0.738015625 0.29815601851851853 0.01584375000000004 0.014082407407407412
2 0.7452760416666666 0.2893550925925926 0.03168749999999996 0.06688981481481486
0 0.8690442708333334 0.24828194444444446 0.008578125000000015 0.05046018518518517
0 0.8357083333333333 0.24358796296296295 0.013197916666666623 0.045766666666666664
1 0.8538593749999999 0.2177703703703704 0.01782291666666668 0.015255555555555555
4 0.8495729166666666 0.2629509259259259 0.0712916666666666 0.11030925925925925
0 0.7423046874999999 0.4542328703703704 0.012546874999999957 0.0164287037037037
0 0.7244817708333334 0.4466055555555556 0.008578125000000015 0.015255555555555555
0 0.7093020833333334 0.48239722222222226 0.012541666666666748 0.016429629629629655
0 0.4452598958333333 0.4483652777777778 0.01782291666666668 0.014082407407407412
0 0.42413671875 0.43663055555555563 0.012542187500000008 0.016429629629629603
0 0.3224815104166667 0.46890185185185185 0.009901562499999983 0.015255555555555607
0 0.14128385416666667 0.4542328703703704 0.009241666666666681 0.014082407407407412
0 0.5710104166666667 0.46362129629629634 0.009239583333333337 0.016429629629629655
0 0.5769505208333333 0.4759430555555555 0.007921874999999901 0.01525648148148146
0 0.5571484375 0.48063703703703703 0.011880208333333423 0.015255555555555555
3 0.7366927083333333 0.4407375 0.040927083333333295 0.06454351851851857
3 0.7079791666666667 0.46420787037037037 0.03630208333333336 0.06454351851851851
3 0.5627578124999999 0.46831481481481485 0.04554687500000002 0.06571666666666671
3 0.43502838541666666 0.42724212962962965 0.04620677083333338 0.08214537037037035
3 0.302678125 0.43486990740740744 0.05874895833333333 0.1020953703703704
3 0.15217578125 0.4430847222222222 0.05082760416666665 0.07158425925925929
