0 0.21884557291666665 0.7646268518518519 0.020463020833333328 0.022296296296296335
0 0.18551067708333333 0.7593458333333333 0.01320156249999999 0.023469444444444532
0 0.3406341145833333 0.7787087962962963 0.014522395833333293 0.02229722222222224
0 0.309609375 0.7798824074074074 0.010561458333333343 0.019950000000000048
0 0.09606718750000001 0.5463537037037037 0.017822916666666667 0.019950000000000048
0 0.101678125 0.558675462962963 0.013202083333333324 0.01877685185185185
0 0.07527395833333334 0.5721708333333334 0.013202083333333324 0.019949074074074036
0 0.952875 0.4882652777777777 0.008583333333333342 0.021123148148148137
0 0.9726796875 0.4976532407407408 0.021786458333333297 0.014082407407407464
0 0.9746588541666666 0.5134953703703704 0.021786458333333297 0.017601851851851844
0 0.5436145833333333 0.43897731481481483 0.01121874999999998 0.0164287037037037
0 0.5314036458333333 0.42841574074074074 0.00792187500000002 0.014081481481481507
0 0.5244708333333333 0.4378041666666667 0.008579166666666657 0.021123148148148137
0 0.8700338541666667 0.3163453703703704 0.014526041666666718 0.019949999999999992
2 0.8782838541666667 0.3134120370370371 0.03498437500000004 0.07745185185185188
3 0.5957630208333333 0.4735962962962963 0.0455468749999999 0.08097222222222217
3 0.5406434895833333 0.43076296296296296 0.047525520833333404 0.06102222222222222
3 0.968390625 0.4724226851851852 0.046208333333333344 0.10678981481481484
3 0.3280921875 0.7270740740740741 0.06997083333333336 0.1772
3 0.2099341145833333 0.7305949074074074 0.07261093749999997 0.11617685185185186
3 0.08847604166666666 0.5539814814814814 0.04752708333333333 0.08214629629629626
