0 0.8868645833333333 0.27527268518518516 0.012541666666666628 0.048113888888888914
1 0.8703645833333332 0.24593472222222226 0.019145833333333327 0.01290833333333331
0 0.5261223958333333 0.46362129629629634 0.013203125000000012 0.016429629629629655
3 0.7528645833333333 0.4677287037037037 0.042906250000000055 0.06219629629629627
3 0.52084140625 0.4419115740740741 0.04356718749999994 0.07862499999999997
0 0.8667343750000001 0.2635375 0.0066041666666667 0.02229722222222224
0 0.8495703124999999 0.2711657407407408 0.0145260416666666 0.04694074074074071
0 0.73834375 0.47418287037037044 0.008583333333333224 0.01642870370370375
0 0.7564973958333333 0.48239722222222226 0.01320312500000007 0.016429629629629655
0 0.5063190104166666 0.4477791666666667 0.00924114583333336 0.0176027777777778
4 0.8637630208333333 0.28935509259259257 0.0706302083333334 0.11383055555555555
0 0.7637578125 0.33160092592592594 0.01583854166666659 0.015255555555555555
2 0.7706901041666666 0.3251467592592593 0.031026041666666632 0.0704101851851852
0 0.7832317708333333 0.529924537037037 0.01122395833333331 0.012908333333333362
0 0.7904921874999999 0.5440069444444445 0.008578125000000015 0.01760277777777775
0 0.7693697916666666 0.5457671296296296 0.012541666666666628 0.016428703703703647
0 0.6422994791666666 0.6683986111111111 0.011880208333333305 0.012908333333333362
0 0.6403203125 0.6906958333333334 0.013203124999999953 0.01760277777777775
0 0.6182057291666666 0.6906953703703704 0.01122395833333331 0.015255555555555555
0 0.07230364583333333 0.5041069444444445 0.015182291666666662 0.017602777777777853
0 0.051840546875 0.49882638888888897 0.015182447916666668 0.014082407407407358
0 0.04655963541666666 0.5129087962962964 0.013861979166666663 0.016428703703703647
3 0.29013645833333335 0.4466050925925926 0.054788541666666676 0.09036018518518524
3 0.06174205729166667 0.49178518518518527 0.06270963541666667 0.0844925925925926
3 0.7736588541666667 0.5328583333333333 0.047526041666666664 0.068062962962963
3 0.6317395833333334 0.6801337962962963 0.05016666666666663 0.0668898148148148
