0 0.3412940104166666 0.8555736111111112 0.022443229166666672 0.016428703703703647
0 0.3709984375 0.776948611111111 0.01320208333333331 0.01642870370370375
0 0.39509244791666664 0.7669736111111112 0.009901562499999983 0.019949074074074143
0 0.2284171875 0.4847444444444445 0.009241666666666652 0.011735185185185166
0 0.20663385416666666 0.4706620370370371 0.009241666666666652 0.016429629629629655
0 0.21554531249999997 0.49354583333333335 0.012541666666666658 0.01760277777777775
0 0.18683098958333333 0.6261523148148148 0.007921354166666669 0.019949074074074143
0 0.16636770833333336 0.6296726851851853 0.01320208333333334 0.012908333333333362
0 0.35878671875 0.6443416666666667 0.019143229166666664 0.01408148148148156
2 0.3607671875 0.6431680555555556 0.028384375000000024 0.06806388888888891
3 0.2171953125 0.47711666666666674 0.036965624999999995 0.05750185185185183
3 0.17230859375 0.6155907407407407 0.040926562500000006 0.06219629629629632
3 0.37858958333333337 0.7505444444444445 0.05214791666666662 0.09974814814814811
3 0.342284375 0.8203680555555556 0.05610833333333331 0.11031018518518529
0 0.14062395833333333 0.6607712962962964 0.015842708333333337 0.05398148148148155
0 0.12181119791666667 0.6601837962962963 0.007260937500000001 0.03637870370370369
0 0.10200807291666666 0.6742666666666668 0.013861979166666672 0.05750185185185183
1 0.12544140625 0.6279125000000001 0.011881770833333328 0.014082407407407358
1 0.11058932291666666 0.6326064814814815 0.012542187500000008 0.016429629629629655
1 0.12016067708333333 0.6378875 0.021123437499999995 0.01760277777777775
4 0.12379140625000001 0.6860018518518518 0.0811921875 0.13495370370370371
