0 0.8495703124999999 0.27116527777777777 0.013203124999999953 0.04928796296296296
0 0.7545182291666667 0.48239722222222226 0.013203124999999953 0.016429629629629655
0 0.5238119791666667 0.4647949074074075 0.01254270833333333 0.0164287037037037
3 0.5178703124999999 0.4424981481481482 0.042905208333333354 0.07745185185185183
4 0.8637630208333333 0.28935509259259257 0.0706302083333334 0.11383055555555555
1 0.8680546874999999 0.24534814814814815 0.018484375000000004 0.014081481481481454
0 0.8852161458333333 0.2758597222222222 0.010557291666666658 0.05163425925925925
0 0.8677239583333333 0.2647111111111112 0.005937500000000047 0.026990740740740773
0 0.7383463541666666 0.4765296296296297 0.00990104166666678 0.016429629629629655
0 0.5069791666666668 0.44895231481481485 0.009241666666666681 0.01994907407407409
3 0.7495651041666667 0.4683152777777778 0.04422395833333326 0.0704101851851852
0 0.582890625 0.3304277777777778 0.017166666666666684 0.015255555555555555
2 0.5891614583333333 0.32514722222222225 0.03366666666666672 0.06571666666666666
0 0.7188723958333334 0.5 0.011880208333333423 0.01408148148148156
0 0.7003880208333333 0.4917856481481482 0.007921874999999901 0.01642870370370375
3 0.7129296875 0.4841578703703704 0.04224479166666673 0.0668898148148148
