0 0.9670703125000001 0.2811402777777777 0.011880208333333423 0.048113888888888914
0 0.9307630208333334 0.27527268518518516 0.013203124999999953 0.048113888888888914
1 0.9502343749999999 0.2506291666666666 0.01782291666666668 0.01290833333333331
4 0.9456145833333333 0.2952222222222223 0.07327083333333337 0.11617777777777781
0 0.8089739583333333 0.32221342592592594 0.019145833333333327 0.012908333333333362
2 0.8076536458333334 0.3145851851851852 0.031026041666666632 0.05867592592592593
0 0.8505598958333332 0.5363787037037037 0.009901041666666662 0.01408148148148156
0 0.861453125 0.5557421296296297 0.01584375000000004 0.01760277777777775
0 0.7865312499999999 0.5029337962962963 0.012541666666666748 0.01760277777777775
0 0.5970833333333334 0.46362129629629634 0.013864583333333395 0.018775925925925946
0 0.5792604166666667 0.44895231481481485 0.007260416666666695 0.0176027777777778
3 0.8607942708333333 0.5422462962962963 0.04356770833333326 0.068062962962963
3 0.7908203125 0.4865046296296296 0.03828645833333345 0.06689074074074082
3 0.593453125 0.44191111111111114 0.040927083333333295 0.07627777777777772
