0 0.11171874999999999 0.6041666666666667 0.009895833333333333 0.02314814814814815
0 0.08333333333333333 0.6199074074074075 0.021875 0.015740740740740743
0 0.29635416666666664 0.8 0.017708333333333333 0.020370370370370372
0 0.26588541666666665 0.8 0.009895833333333333 0.024074074074074074
0 0.22552083333333334 0.5180555555555556 0.011458333333333333 0.017592592592592594
0 0.22552083333333334 0.549537037037037 0.013541666666666667 0.017592592592592594
0 0.20208333333333334 0.5402777777777777 0.0125 0.017592592592592594
0 0.9744791666666667 0.5125000000000001 0.008333333333333333 0.02314814814814815
0 0.5997395833333333 0.43703703703703706 0.0109375 0.016666666666666666
0 0.5877604166666667 0.4273148148148148 0.009895833333333333 0.015740740740740743
0 0.58203125 0.4375 0.008854166666666666 0.021296296296296296
0 0.7359375 0.5537037037037037 0.016666666666666666 0.018518518518518517
0 0.7419270833333333 0.5671296296296297 0.011979166666666666 0.015740740740740743
0 0.7203125 0.5587962962962963 0.0125 0.017592592592592594
0 0.8705729166666667 0.3125 0.015104166666666667 0.019444444444444445
2 0.8776041666666666 0.31203703703703706 0.03333333333333333 0.07962962962962963
3 0.28802083333333334 0.7657407407407407 0.07604166666666666 0.1388888888888889
3 0.21562499999999998 0.5328703703703704 0.04791666666666666 0.06944444444444445
3 0.08828125 0.5847222222222223 0.0609375 0.11388888888888889
0 0.06640625 0.5967592592592593 0.011979166666666666 0.021296296296296296
3 0.5950520833333334 0.4305555555555556 0.04739583333333333 0.061111111111111116
3 0.7286458333333333 0.5518518518518519 0.052083333333333336 0.07407407407407407
3 0.9841145833333333 0.49722222222222223 0.03177083333333333 0.10370370370370371
