0 0.2696734375 0.676613425925926 0.005940624999999974 0.043419444444444365
0 0.21752552083333332 0.6466888888888889 0.013862499999999993 0.04928703703703705
0 0.20399322916666668 0.657250462962963 0.006601041666666685 0.046939814814814865
0 0.17890963541666666 0.7024305555555556 0.00924114583333333 0.05515555555555554
0 0.21983567708333332 0.6144175925925925 0.022443229166666672 0.015255555555555555
0 0.22280625 0.6836546296296296 0.02178333333333334 0.015255555555555555
0 0.45615156249999994 0.6443416666666667 0.019803125000000026 0.01642962962962955
2 0.4561513020833334 0.6290861111111111 0.031684895833333296 0.06102222222222222
4 0.22346640625 0.6707458333333334 0.10099531249999998 0.14903611111111106
0 0.32314140625 0.8297564814814815 0.009901562499999983 0.01877592592592584
0 0.3544963541666667 0.8450124999999999 0.006601041666666655 0.021123148148148137
0 0.33238281249999996 0.8555736111111112 0.015182291666666655 0.01877685185185185
0 0.19442213541666664 0.8297564814814815 0.016502604166666667 0.016429629629629655
0 0.28749609375 0.6279125000000001 0.012542187500000008 0.01642870370370375
0 0.25515104166666663 0.6414078703703704 0.011221874999999996 0.01760277777777775
0 0.1528359375 0.6901087962962963 0.015182291666666655 0.016428703703703647
0 0.12478151041666667 0.6942157407407407 0.014522395833333323 0.01994999999999994
3 0.2703333333333333 0.5968148148148148 0.06931041666666665 0.12321851851851844
3 0.3340330729166666 0.835037037037037 0.050167187500000016 0.07627777777777778
3 0.1970625 0.8068731481481481 0.04818749999999999 0.08566666666666665
3 0.14029375000000002 0.6719189814814814 0.06666979166666669 0.09505462962962963
