0 0.26670286458333337 0.6754398148148149 0.005280729166666671 0.04107222222222218
0 0.214225 0.6425819444444444 0.011221874999999996 0.04811388888888896
0 0.20036276041666667 0.6519694444444444 0.007260937499999986 0.04342037037037038
0 0.17659947916666668 0.7047777777777778 0.008581249999999999 0.045766666666666664
0 0.21587526041666666 0.6103101851851852 0.02112343750000001 0.011735185185185166
0 0.22016588541666668 0.6789606481481482 0.021782812499999988 0.01760277777777775
4 0.21950598958333334 0.6654648148148148 0.10099531250000003 0.14551481481481476
0 0.4535109375 0.6396476851851852 0.017162499999999997 0.01642870370370375
2 0.4528510416666666 0.6238055555555556 0.033005208333333334 0.06454259259259261
0 0.9442942708333334 0.8608546296296297 0.015182291666666596 0.01994999999999994
0 0.9188828125 0.8508796296296297 0.01320312500000007 0.018775925925925946
0 0.5416354166666667 0.7886837962962964 0.013864583333333276 0.016428703703703647
0 0.5224903645833333 0.7810555555555555 0.007258854166666673 0.015255555555555555
0 0.19112135416666665 0.8279958333333334 0.015182291666666684 0.01760277777777775
3 0.37363906249999995 0.796311574074074 0.06336979166666665 0.13964722222222228
3 0.9393437499999999 0.7740148148148148 0.07657291666666666 0.11852407407407405
3 0.9317526041666667 0.844425462962963 0.060067708333333414 0.07627870370370368
3 0.5370145833333333 0.7740148148148148 0.04290833333333334 0.069237037037037
3 0.19508203125 0.8068731481481481 0.046867187500000004 0.08566666666666665
