0 0.6426302083333333 0.6484490740740741 0.01121874999999998 0.017601851851851844
0 0.6211770833333332 0.6478625 0.010562499999999985 0.016428703703703647
0 0.5182015625 0.5510476851851852 0.009242708333333382 0.019949074074074036
0 0.7452734375 0.598574537037037 0.00792187500000002 0.021123148148148137
0 0.7234921875 0.6062023148148148 0.013203124999999953 0.01760277777777775
0 0.7149114583333334 0.5897736111111112 0.009239583333333337 0.019949074074074036
0 0.5756302083333333 0.5739310185185186 0.010562499999999985 0.016428703703703647
0 0.5422942708333333 0.5756912037037037 0.009901041666666662 0.012908333333333362
0 0.18980130208333332 0.5463537037037037 0.00858177083333332 0.017601851851851844
0 0.17296875 0.5774513888888889 0.01320208333333334 0.014082407407407358
0 0.19772265625 0.559262037037037 0.007260937500000016 0.015255555555555555
0 0.9112890625 0.4143337962962963 0.020463541666666647 0.0164287037037037
2 0.9109609375000001 0.41316018518518516 0.02904687499999999 0.07275740740740744
3 0.17890963541666666 0.5510476851851852 0.04752760416666666 0.07158425925925929
3 0.727453125 0.5968143518518519 0.0514895833333334 0.07158425925925929
3 0.6366875000000001 0.6443416666666667 0.04686458333333334 0.07745185185185177
3 0.6000520833333333 0.6560768518518518 0.05148958333333328 0.1032685185185185
3 0.564078125 0.5451800925925926 0.061385416666666734 0.12791203703703702
3 0.5023583333333334 0.5357921296296296 0.05940833333333331 0.11148425925925928
3 0.4445997395833333 0.5422462962962963 0.054788020833333326 0.11265740740740737
