0 0.2203125 0.7430555555555556 0.014583333333333334 0.019444444444444445
0 0.18671875 0.7356481481481482 0.011979166666666666 0.021296296296296296
0 0.46953125 0.4287037037037037 0.009895833333333333 0.014814814814814815
0 0.4731770833333333 0.45462962962962966 0.013020833333333334 0.012962962962962964
0 0.6619791666666667 0.42083333333333334 0.0125 0.015740740740740743
0 0.6497395833333334 0.4115740740740741 0.009895833333333333 0.015740740740740743
0 0.6447916666666667 0.42083333333333334 0.009375 0.019444444444444445
0 0.98984375 0.65 0.0078125 0.022222222222222223
0 0.9015624999999999 0.31527777777777777 0.015625 0.019444444444444445
2 0.9083333333333333 0.3125 0.036458333333333336 0.08055555555555556
3 0.47812499999999997 0.44074074074074077 0.03958333333333333 0.06296296296296297
3 0.6588541666666666 0.4134259259259259 0.04583333333333333 0.062037037037037036
3 0.9919270833333333 0.6560185185185186 0.01614583333333333 0.075
3 0.20755208333333333 0.7115740740740741 0.07864583333333333 0.13240740740740742
