0 0.2627421875 0.6754398148148149 0.006601041666666685 0.036379629629629595
0 0.21059453125 0.6408212962962964 0.011881770833333328 0.04928703703703705
0 0.19640234374999999 0.6490361111111111 0.007260937499999986 0.04224629629629638
0 0.17164869791666668 0.7024305555555556 0.007921354166666669 0.04342037037037038
0 0.21224479166666665 0.6085495370370371 0.02178333333333334 0.012908333333333258
0 0.21554505208333333 0.6789601851851853 0.020463020833333328 0.015255555555555555
4 0.2168653645833333 0.6654648148148148 0.1009953125 0.14551481481481476
0 0.44856015625 0.6378875 0.01650260416666664 0.015256481481481565
2 0.44856041666666663 0.6208712962962962 0.03234479166666671 0.06571666666666671
0 0.8944583333333334 0.44895231481481485 0.010562499999999985 0.015256481481481511
0 0.9066692708333334 0.4665546296296297 0.015182291666666714 0.015255555555555503
0 0.9010572916666666 0.8303430555555555 0.01452083333333339 0.01760277777777775
0 0.874984375 0.8244759259259259 0.013864583333333276 0.019950000000000048
0 0.9093098958333333 0.7223800925925926 0.015182291666666714 0.017602777777777853
0 0.8726744791666667 0.7124055555555555 0.011880208333333305 0.016429629629629655
0 0.50103828125 0.6959759259259259 0.007921354166666639 0.018775925925925946
0 0.4828856770833333 0.7071245370370371 0.013861979166666672 0.017602777777777853
0 0.18749088541666664 0.825649537037037 0.014522395833333323 0.01760277777777775
0 0.46671302083333327 0.8561601851851852 0.010561458333333284 0.019950000000000048
3 0.4465802083333333 0.8150875 0.07195104166666665 0.1373009259259259
3 0.18980130208333332 0.8027657407407407 0.046867187500000004 0.07979814814814816
3 0.48519609375 0.6906953703703704 0.042246354166666694 0.0692370370370371
3 0.9040286458333334 0.45247268518518524 0.044223958333333376 0.06688981481481486
3 0.8970989583333332 0.6895217592592593 0.06733333333333331 0.12087129629629624
3 0.8852161458333333 0.814500462962963 0.05941145833333342 0.07510462962962958
