0 0.24359947916666666 0.6742662037037037 0.006601041666666655 0.02229722222222224
0 0.19079140625 0.6414078703703704 0.010561979166666664 0.03168425925925931
0 0.19310182291666667 0.5997486111111111 0.020463020833333328 0.014082407407407358
0 0.1970625 0.6701587962962964 0.02178333333333334 0.01642870370370375
0 0.17659921875 0.6414078703703704 0.007260937499999986 0.043419444444444476
0 0.1525057291666667 0.7012574074074074 0.009241666666666652 0.02699074074074072
0 0.4304075520833333 0.6284990740740741 0.015842187500000014 0.015255555555555555
0 0.16768802083333334 0.8168476851851852 0.017162499999999997 0.01642870370370375
2 0.43139765625 0.6108967592592592 0.03102447916666667 0.06454351851851851
4 0.1970625 0.6590106481481481 0.10231562500000001 0.14903611111111117
3 0.17197864583333333 0.795137962962963 0.04818749999999999 0.08566666666666665
0 0.7670572916666667 0.5498740740740741 0.00923958333333322 0.012909259259259266
0 0.7762994791666666 0.5698240740740742 0.01320312500000007 0.015255555555555555
0 0.5099494791666667 0.4859180555555556 0.008581249999999999 0.01642870370370375
0 0.5208416666666666 0.6067898148148149 0.018483333333333303 0.011735185185185166
0 0.5215002604166667 0.6284995370370371 0.014520312500000009 0.012908333333333362
0 0.4898166666666666 0.706537962962963 0.014521875000000031 0.018775925925925946
0 0.7416458333333333 0.5310981481481482 0.012541666666666628 0.015255555555555555
0 0.7485755208333332 0.5475273148148149 0.011880208333333423 0.017602777777777853
0 0.72184375 0.5428333333333334 0.01782291666666668 0.015255555555555555
3 0.49674765625 0.45834074074074077 0.05082760416666664 0.09270740740740743
3 0.52084140625 0.6038555555555556 0.038285937500000006 0.07393148148148149
3 0.7304244791666666 0.5234699074074075 0.060067708333333296 0.09388055555555552
3 0.7759713541666666 0.5557416666666667 0.04026562499999997 0.0692370370370371
3 0.4894864583333333 0.6719194444444445 0.05478854166666664 0.10913703703703699
