0 0.09639713541666665 0.6719194444444445 0.022443229166666655 0.015255555555555555
0 0.10233802083333333 0.6895217592592593 0.019803124999999994 0.01760277777777775
0 0.07263359375 0.6789601851851853 0.017163020833333327 0.01994999999999994
0 0.26076223958333333 0.7071245370370371 0.011881770833333357 0.017602777777777853
0 0.22445651041666667 0.7552384259259259 0.015842187500000014 0.01760277777777775
0 0.1756091145833333 0.7329421296296297 0.021123437499999977 0.012908333333333362
0 0.17626927083333332 0.7523046296296297 0.015842708333333337 0.016429629629629655
0 0.7588072916666667 0.3955578703703704 0.008583333333333342 0.014082407407407412
0 0.7525364583333333 0.41316018518518516 0.018479166666666557 0.014081481481481507
0 0.7304218749999999 0.43545694444444444 0.013864583333333395 0.014082407407407412
0 0.7000572916666667 0.4272421296296297 0.0112187500000001 0.0164287037037037
0 0.3112596354166667 0.8274092592592592 0.013861979166666672 0.018775925925925946
0 0.2858455729166666 0.8256490740740742 0.011881770833333328 0.019950000000000048
0 0.9390156249999999 0.292875 0.023104166666666613 0.015255555555555555
2 0.9370338541666666 0.2823138888888889 0.03498437500000004 0.06454259259259261
3 0.7482447916666667 0.39086342592592593 0.053468750000000044 0.07979907407407406
3 0.24888020833333335 0.6889351851851852 0.05412812499999999 0.07979814814814816
3 0.08880598958333333 0.6601837962962962 0.0666703125 0.11383055555555557
3 0.17692916666666667 0.7305949074074074 0.04356666666666668 0.07158425925925929
3 0.227096875 0.7182731481481481 0.06733020833333334 0.11500370370370366
3 0.2980575520833334 0.814500925925926 0.05742864583333335 0.07979814814814806
3 0.7145807291666666 0.40318564814814817 0.05874479166666677 0.11383055555555557
