2 0.43139765625 0.598574537037037 0.03102447916666667 0.06336944444444441
0 0.17758958333333333 0.6273259259259258 0.006601041666666685 0.04342037037037027
0 0.19211145833333332 0.627912962962963 0.010561458333333343 0.03051111111111111
0 0.19178177083333334 0.5874263888888889 0.02178333333333331 0.017602777777777853
0 0.1970625 0.656663425925926 0.02178333333333334 0.01760277777777775
0 0.16801796875000002 0.8021791666666667 0.016502604166666667 0.017602777777777853
3 0.1699984375 0.7804689814814816 0.049507291666666654 0.07979907407407406
0 0.24359921875 0.6631175925925926 0.005280729166666642 0.011735185185185166
0 0.15349583333333333 0.6901083333333333 0.008581249999999999 0.023470370370370332
4 0.19673229166666667 0.6437550925925926 0.10165520833333333 0.15138240740740735
0 0.4304075520833333 0.6108967592592592 0.015842187500000014 0.01525648148148146
0 0.5290911458333334 0.4847444444444445 0.011223958333333369 0.01642962962962955
0 0.5102796875 0.4870912037037037 0.010561458333333343 0.016428703703703647
0 0.3297421875 0.8162611111111111 0.015182291666666655 0.019950000000000048
0 0.30564895833333333 0.8080462962962964 0.010561458333333343 0.01994999999999994
0 0.27132369791666666 0.5856662037037037 0.014522395833333352 0.01877685185185185
0 0.24128906249999998 0.5821458333333334 0.008581249999999999 0.01877685185185185
0 0.6125963541666666 0.5164291666666667 0.011880208333333305 0.01877685185185185
0 0.5835494791666667 0.49706620370370375 0.00792187500000002 0.012908333333333362
0 0.5875130208333333 0.5140819444444444 0.01716145833333336 0.01642870370370375
3 0.51721015625 0.4782898148148148 0.04422552083333334 0.05750185185185189
3 0.5957630208333333 0.5017601851851852 0.05874479166666665 0.08097222222222221
3 0.26439244791666666 0.5498740740740741 0.06402968749999997 0.12087222222222226
3 0.3211609375 0.8010050925925927 0.056108333333333364 0.07862499999999997
