3 0.1699984375 0.7804689814814816 0.049507291666666654 0.07979907407407406
0 0.17626927083333332 0.6249787037037037 0.007920833333333318 0.04342037037037038
0 0.19178151041666666 0.5833189814814815 0.02310364583333332 0.014082407407407464
4 0.1964020833333333 0.6402347222222223 0.09967499999999999 0.15138240740740747
0 0.16768802083333334 0.7986587962962963 0.017162499999999997 0.01760277777777775
0 0.4307377604166666 0.6091365740740742 0.0165026041666667 0.01642870370370375
2 0.43139791666666666 0.5927074074074075 0.03234479166666671 0.06571666666666671
0 0.19178151041666666 0.6296726851851853 0.011221354166666675 0.01760277777777775
0 0.15316562499999997 0.6918689814814815 0.006601041666666685 0.012908333333333258
1 0.1970625 0.6507958333333334 0.01914270833333334 0.01760277777777775
0 0.7258020833333333 0.26177777777777783 0.013864583333333276 0.011735185185185218
0 0.7300937500000001 0.2740995370370371 0.010562499999999985 0.01290833333333331
0 0.711609375 0.27233888888888885 0.009239583333333337 0.014081481481481507
0 0.33238281249999996 0.7839893518518518 0.011221874999999966 0.021123148148148137
0 0.30696901041666663 0.7892703703703704 0.01320156249999999 0.015255555555555555
0 0.27627421875 0.5903601851851852 0.013861979166666672 0.016429629629629655
0 0.24359921875 0.5909467592592592 0.011881770833333357 0.01760277777777775
0 0.6482421875 0.5234703703703704 0.011880208333333305 0.016429629629629655
0 0.6234869791666666 0.5217097222222222 0.01650520833333336 0.01760277777777775
0 0.6191953125 0.5041074074074073 0.00792187500000002 0.01056111111111117
3 0.38519088541666663 0.3984912037037037 0.05742864583333335 0.09036018518518518
3 0.7201901041666666 0.26236435185185186 0.04356770833333326 0.0598490740740741
3 0.6317369791666666 0.5082143518518518 0.06204687500000006 0.0868398148148148
3 0.25746145833333334 0.5557421296296295 0.06733020833333331 0.12556574074074073
3 0.31687057291666665 0.7728407407407408 0.05808906250000003 0.08097222222222226
