2 0.00546875 0.6986111111111112 0.009895833333333333 0.06944444444444445
0 0.8341145833333333 0.39305555555555555 0.008854166666666666 0.012037037037037037
0 0.8270833333333333 0.40925925925925927 0.019791666666666666 0.014814814814814815
0 0.7966145833333333 0.40972222222222227 0.009895833333333333 0.017592592592592594
0 0.7661458333333333 0.4236111111111111 0.013541666666666667 0.017592592592592594
0 0.2669270833333333 0.6157407407407408 0.0078125 0.018518518518518517
0 0.24661458333333333 0.6263888888888889 0.0140625 0.01388888888888889
0 0.3182291666666667 0.688425925925926 0.0125 0.019444444444444445
0 0.3268229166666667 0.7032407407407407 0.008854166666666666 0.019444444444444445
0 0.11562499999999999 0.7680555555555556 0.013541666666666667 0.01388888888888889
0 0.1109375 0.7939814814814815 0.016666666666666666 0.015740740740740743
0 0.08489583333333334 0.7949074074074074 0.011458333333333333 0.017592592592592594
0 0.3299479166666667 0.5074074074074074 0.0078125 0.014814814814814815
0 0.3138020833333333 0.49768518518518523 0.0203125 0.010185185185185186
0 0.31223958333333335 0.5148148148148148 0.0140625 0.014814814814814815
0 0.28020833333333334 0.7462962962962963 0.015625 0.016666666666666666
0 0.16432291666666665 0.6611111111111111 0.022395833333333334 0.014814814814814815
0 0.16875 0.6805555555555556 0.022916666666666665 0.016666666666666666
0 0.14296875 0.6652777777777779 0.011979166666666666 0.021296296296296296
3 0.30572916666666666 0.6865740740740741 0.057291666666666664 0.08611111111111111
3 0.103125 0.7814814814814816 0.05625 0.07592592592592592
3 0.8216145833333334 0.3888888888888889 0.05572916666666666 0.08703703703703704
3 0.7736979166666667 0.3893518518518519 0.058854166666666666 0.11203703703703705
3 0.31614583333333335 0.4990740740740741 0.046875 0.07222222222222223
3 0.2513020833333333 0.6074074074074074 0.0484375 0.07222222222222223
3 0.15885416666666666 0.6458333333333334 0.058333333333333334 0.11388888888888889
3 0.2830729166666667 0.7078703703703704 0.0671875 0.12314814814814816
