0 0.17890963541666668 0.6906953703703704 0.022443229166666672 0.015255555555555555
2 0.1785796875 0.6748527777777779 0.03630520833333334 0.07275740740740738
0 0.9858828125 0.4202013888888889 0.020463541666666647 0.014082407407407412
0 0.9495755208333333 0.4225481481481481 0.013859374999999948 0.016429629629629603
0 0.9155807291666667 0.42665555555555557 0.011880208333333305 0.017601851851851844
0 0.45384114583333335 0.46538148148148145 0.005940624999999974 0.017601851851851792
0 0.42677708333333336 0.4512990740740741 0.008581249999999999 0.015255555555555555
0 0.435028125 0.4712490740740741 0.01320208333333331 0.015255555555555555
0 0.45252109375 0.5692370370370371 0.013861979166666672 0.016429629629629655
0 0.4346981770833333 0.5610222222222222 0.007260937500000016 0.018775925925925946
0 0.41192473958333337 0.7194462962962963 0.00924114583333336 0.01877592592592584
0 0.3908015625 0.7294212962962963 0.014521874999999972 0.017601851851851844
0 0.32050104166666665 0.5322712962962963 0.013862499999999993 0.015255555555555555
0 0.3046588541666666 0.5199495370370371 0.015182291666666655 0.01642870370370375
0 0.29904765624999996 0.5346185185185185 0.011881770833333328 0.015255555555555555
0 0.46671302083333327 0.7652134259259259 0.015842708333333337 0.01642870370370375
0 0.32413151041666666 0.6549032407407407 0.022443229166666672 0.01642870370370375
3 0.97696875 0.40025185185185186 0.046208333333333344 0.08918703703703704
3 0.9320833333333333 0.390863425925926 0.06468750000000002 0.13378055555555557
3 0.4366786458333333 0.4559935185185185 0.042906250000000055 0.06923703703703706
3 0.3139 0.519362962962963 0.05082812499999995 0.07158333333333339
3 0.32083098958333334 0.6279125000000001 0.042246354166666694 0.09388055555555552
3 0.44724010416666665 0.5551550925925927 0.04686666666666669 0.06806388888888891
3 0.39872291666666665 0.7135787037037037 0.04752708333333331 0.07041111111111109
3 0.46572291666666665 0.7270740740740741 0.056108333333333364 0.11617777777777777
