0 0.19475208333333333 0.6842412037037038 0.023763541666666683 0.016428703703703647
2 0.19376197916666668 0.6689856481481482 0.03498541666666665 0.06806388888888891
0 0.96575 0.4237217592592593 0.01584375000000004 0.0164287037037037
0 0.4488903645833333 0.48533101851851856 0.007921354166666698 0.012908333333333362
0 0.43700859375 0.5046939814814816 0.014522395833333352 0.014082407407407358
0 0.47694453125 0.5234703703703704 0.007260937499999957 0.018775925925925946
0 0.45813177083333334 0.5322712962962963 0.01320208333333337 0.015255555555555555
0 0.4594520833333333 0.6455152777777778 0.014521875000000031 0.01877685185185185
0 0.43832890625 0.6396476851851851 0.009241145833333301 0.01877685185185185
0 0.24458958333333333 0.5516342592592592 0.009901041666666662 0.018775925925925946
0 0.21620520833333334 0.5346185185185186 0.011221874999999996 0.017601851851851844
0 0.22247630208333333 0.5563282407407407 0.014522395833333323 0.014082407407407358
0 0.5248020833333333 0.6772004629629631 0.0066041666666667 0.021123148148148137
0 0.4977377604166667 0.6924555555555556 0.013201562500000048 0.018775925925925946
0 0.34690494791666665 0.6461018518518519 0.020463020833333328 0.015255555555555555
0 0.3205010416666667 0.6326069444444445 0.015182291666666655 0.021123148148148137
3 0.9680598958333333 0.38558287037037037 0.06139062499999994 0.13260648148148146
3 0.4379986979166666 0.4870912037037037 0.042906770833333316 0.06806388888888891
3 0.46209244791666665 0.5187763888888889 0.04092656249999997 0.06336944444444452
3 0.5000471354166667 0.6595976851851852 0.05742656250000001 0.11735092592592596
3 0.45087083333333333 0.6314328703703704 0.04752708333333331 0.06806388888888891
3 0.33436302083333336 0.6208717592592593 0.06006875 0.09388055555555552
3 0.22676692708333332 0.5457666666666667 0.05346822916666666 0.0657166666666666
