0 0.2596354166666667 0.6828703703703703 0.0203125 0.017592592592592594
2 0.2643229166666667 0.6712962962962963 0.0390625 0.08148148148148149
0 0.9877604166666667 0.4185185185185185 0.011979166666666666 0.018518518518518517
0 0.51015625 0.4620370370370371 0.011979166666666666 0.016666666666666666
0 0.48723958333333334 0.45787037037037037 0.009895833333333333 0.017592592592592594
0 0.5575520833333333 0.49259259259259264 0.008854166666666666 0.018518518518518517
0 0.5364583333333334 0.49722222222222223 0.013541666666666667 0.014814814814814815
0 0.46458333333333335 0.6050925925925926 0.014583333333333334 0.015740740740740743
0 0.5296875 0.6939814814814815 0.015625 0.017592592592592594
0 0.37864583333333335 0.638888888888889 0.019791666666666666 0.016666666666666666
0 0.35442708333333334 0.625462962962963 0.011979166666666666 0.021296296296296296
3 0.3677083333333333 0.6134259259259259 0.05625 0.09351851851851853
3 0.46432291666666664 0.5935185185185186 0.03697916666666667 0.06851851851851852
3 0.5322916666666666 0.6532407407407408 0.06458333333333333 0.125
3 0.54453125 0.48240740740740745 0.044270833333333336 0.06481481481481481
3 0.496875 0.44537037037037036 0.04791666666666666 0.06851851851851852
3 0.9877604166666667 0.40185185185185185 0.024479166666666666 0.10185185185185186
