0 0.2944270833333333 0.6918689814814815 0.011882291666666649 0.024643518518518526
2 0.3082893229166667 0.6848277777777778 0.04620677083333333 0.08097222222222226
0 0.47694479166666665 0.5398995370370371 0.011221874999999966 0.014082407407407464
0 0.4733143229166667 0.5610226851851852 0.011881770833333328 0.016428703703703647
0 0.45153072916666664 0.5627824074074075 0.010561458333333343 0.015255555555555555
0 0.6366901041666666 0.7523046296296297 0.015182291666666714 0.018775925925925946
0 0.6050052083333334 0.7382226851851852 0.0072604166666665765 0.01877685185185185
0 0.5439427083333332 0.44191111111111114 0.010562499999999985 0.012909259259259266
0 0.5393229166666667 0.4554064814814815 0.01584375000000004 0.014081481481481454
0 0.5142414062499999 0.46186064814814815 0.013204687499999975 0.0176027777777778
0 0.7069895833333334 0.38675601851851854 0.010562499999999985 0.01290833333333331
0 0.6944479166666667 0.4055324074074074 0.013197916666666623 0.015255555555555555
3 0.7954427083333333 0.3709138888888889 0.0514895833333334 0.1009222222222222
3 0.7287708333333334 0.4272421296296297 0.04488541666666658 0.06336944444444446
3 0.4650627604166666 0.5481138888888889 0.04818697916666667 0.07041111111111109
3 0.5284325520833333 0.44073750000000006 0.05346822916666672 0.08331944444444446
3 0.6957682291666667 0.3902768518518519 0.03828645833333345 0.06219629629629627
3 0.6297578125 0.7118189814814815 0.05808854166666677 0.12556574074074084
