0 0.2630208333333333 0.674074074074074 0.021875 0.018518518518518517
2 0.26197916666666665 0.663425925925926 0.034375 0.0787037037037037
0 0.26927083333333335 0.5203703703703704 0.010416666666666666 0.016666666666666666
0 0.2596354166666667 0.5402777777777777 0.0140625 0.01388888888888889
0 0.40625 0.46990740740740744 0.017708333333333333 0.012037037037037037
0 0.41041666666666665 0.4847222222222222 0.014583333333333334 0.015740740740740743
0 0.3911458333333333 0.48240740740740745 0.010416666666666666 0.014814814814814815
0 0.5796875 0.6449074074074075 0.013541666666666667 0.017592592592592594
0 0.5494791666666666 0.6300925925925926 0.009375 0.017592592592592594
0 0.4166666666666667 0.5518518518518519 0.007291666666666667 0.020370370370370372
0 0.39947916666666666 0.5550925925925926 0.020833333333333332 0.010185185185185186
0 0.39817708333333335 0.5726851851851852 0.0203125 0.017592592592592594
0 0.6989583333333333 0.4175925925925926 0.014583333333333334 0.016666666666666666
0 0.6682291666666667 0.39861111111111114 0.011458333333333333 0.01388888888888889
0 0.9859375 0.4481481481481482 0.013541666666666667 0.018518518518518517
0 0.9934895833333334 0.46296296296296297 0.009895833333333333 0.016666666666666666
0 0.9690104166666667 0.46111111111111114 0.0171875 0.016666666666666666
0 0.9567708333333333 0.8541666666666667 0.029166666666666667 0.017592592592592594
3 0.25807291666666665 0.5282407407407408 0.0453125 0.06018518518518519
3 0.9596354166666666 0.8324074074074075 0.07135416666666666 0.1
3 0.9778645833333334 0.4476851851851852 0.044270833333333336 0.075
3 0.6895833333333333 0.3819444444444445 0.058333333333333334 0.11018518518518519
3 0.5723958333333333 0.6092592592592593 0.057291666666666664 0.11851851851851852
3 0.40130208333333334 0.46805555555555556 0.049479166666666664 0.0638888888888889
3 0.40078125 0.5398148148148149 0.043229166666666666 0.09074074074074075
