0 0.2785846354166666 0.6719189814814815 0.022443229166666672 0.01760277777777775
2 0.2779247395833333 0.6531435185185185 0.03564531250000001 0.0692370370370371
0 0.2848557291666667 0.5176027777777777 0.008581249999999999 0.014081481481481454
0 0.27363385416666663 0.538725925925926 0.015182291666666655 0.014081481481481454
0 0.41555546875 0.5088013888888889 0.009901562499999983 0.01760277777777775
0 0.4003729166666667 0.49882638888888897 0.019142708333333282 0.014082407407407358
0 0.39707265625 0.5140819444444444 0.013861979166666672 0.014082407407407358
0 0.6030234374999999 0.5938805555555555 0.007265625000000024 0.018775925925925946
0 0.5762890624999999 0.6085495370370371 0.014526041666666718 0.017602777777777853
0 0.4102744791666667 0.6531430555555556 0.02178333333333331 0.012908333333333362
0 0.411925 0.6707453703703704 0.019803125000000026 0.015255555555555555
0 0.3888213541666667 0.6513828703703705 0.009241666666666681 0.021123148148148137
0 0.5696901041666667 0.4466055555555556 0.013203124999999953 0.015255555555555555
0 0.5393229166666667 0.42841574074074074 0.00923958333333322 0.016429629629629603
0 0.7980833333333334 0.7904439814814814 0.013197916666666623 0.01760277777777775
0 0.7601276041666667 0.7687337962962963 0.01122395833333331 0.01642870370370375
0 0.7663984375 0.7898569444444444 0.021119791666666644 0.014082407407407358
3 0.2742940104166667 0.5275773148148148 0.04290677083333335 0.05984907407407403
3 0.4040036458333333 0.4982398148148148 0.046207291666666706 0.069237037037037
3 0.4036734375 0.6320199074074074 0.052147916666666676 0.09740092592592592
3 0.5611067708333334 0.41316018518518516 0.056765624999999945 0.11030925925925922
3 0.5805807291666667 0.5739310185185186 0.052151041666666606 0.11031018518518518
3 0.7759713541666665 0.7740148148148148 0.06667187499999999 0.09505370370370372
