0 0.35383619791666665 0.687175 0.011881770833333387 0.026990740740740825
2 0.36769817708333336 0.6748532407407407 0.04488697916666666 0.07510462962962969
0 0.37957994791666666 0.5217101851851851 0.011881770833333387 0.015255555555555555
0 0.38651093750000004 0.5352055555555555 0.008581249999999999 0.01877592592592584
0 0.36538776041666665 0.538725925925926 0.013861979166666672 0.016429629629629655
0 0.5073091145833333 0.51995 0.009901562499999983 0.01877592592592584
0 0.5380052083333333 0.5275773148148148 0.01452083333333339 0.01760277777777775
0 0.3056486979166666 0.6994967592592592 0.011881770833333328 0.021123148148148245
0 0.3152203125 0.7147523148148148 0.008581249999999999 0.01877685185185185
0 0.29145651041666665 0.7200333333333333 0.01650260416666664 0.015255555555555555
0 0.44790026041666664 0.6349537037037037 0.012542187500000008 0.018775925925925946
0 0.45714166666666667 0.6507962962962963 0.012541666666666628 0.019950000000000048
0 0.4287575520833333 0.6478625 0.020463020833333328 0.016428703703703647
0 0.8664036458333333 0.803938888888889 0.01122395833333331 0.023470370370370332
0 0.8324088541666667 0.8027652777777778 0.02376562499999994 0.021123148148148137
0 0.8277864583333333 0.7798824074074073 0.010562499999999985 0.015255555555555555
0 0.4287575520833333 0.5340319444444445 0.013861979166666672 0.016428703703703647
3 0.5267817708333333 0.49706620370370375 0.06600937499999997 0.10913611111111109
3 0.4205059895833333 0.5058675925925926 0.059408854166666636 0.1196981481481482
3 0.36835833333333334 0.5269907407407407 0.044886458333333344 0.068062962962963
3 0.2964072916666667 0.7030171296296297 0.05016770833333333 0.07510462962962969
3 0.43403828124999994 0.6243916666666668 0.061389062500000036 0.10796296296296298
3 0.8432994791666667 0.7834027777777779 0.0706302083333334 0.09740185185185192
