0 0.10596874999999999 0.6414078703703704 0.015182291666666669 0.01760277777777775
0 0.5690286458333333 0.4395643518518519 0.011880208333333305 0.0176027777777778
0 0.07989479166666667 0.6384740740740741 0.009241666666666667 0.023470370370370332
0 0.7568255208333333 0.5246435185185185 0.009901041666666662 0.018775925925925946
0 0.7340520833333334 0.5152555555555556 0.010562499999999985 0.01408148148148156
0 0.7373541666666666 0.529337962962963 0.011885416666666752 0.01877592592592584
0 0.7687083333333333 0.5269907407407408 0.012541666666666628 0.014081481481481454
0 0.7693697916666666 0.5428328703703704 0.01121874999999998 0.01760277777777775
0 0.7888411458333333 0.5434199074074074 0.011880208333333305 0.01877685185185185
0 0.9010598958333332 0.3163453703703704 0.01716145833333336 0.022296296296296283
2 0.9076614583333333 0.3151722222222222 0.03564583333333336 0.08097222222222221
3 0.10332838541666667 0.6138305555555555 0.06138906250000001 0.12439259259259264
3 0.7756380208333333 0.5352050925925926 0.05280729166666672 0.07510462962962958
3 0.7416458333333333 0.5217097222222222 0.04818749999999999 0.0668898148148148
3 0.5818984374999999 0.4360439814814815 0.04554687500000002 0.0668898148148148
