0 0.20465338541666664 0.4923722222222222 0.014522395833333323 0.015255555555555555
0 0.17758932291666665 0.4870912037037037 0.00924114583333333 0.016428703703703647
0 0.0917765625 0.470662037037037 0.009241666666666667 0.018775925925925894
0 0.07230338541666666 0.4812236111111111 0.01650260416666666 0.016428703703703647
0 0.170328125 0.8191949074074074 0.023763541666666683 0.01877685185185185
0 0.8135963541666666 0.7053643518518519 0.013859375000000066 0.01877685185185185
0 0.83471875 0.7235537037037038 0.023104166666666613 0.017601851851851844
0 0.7898307291666666 0.8233018518518518 0.016505208333333243 0.01994999999999994
0 0.5848697916666665 0.7775351851851853 0.010562499999999985 0.01994999999999994
0 0.57496875 0.8033523148148148 0.01452083333333339 0.01760277777777775
0 0.5528541666666666 0.795137962962963 0.007260416666666695 0.019950000000000048
0 0.8875260416666667 0.42313518518518517 0.019145833333333327 0.012909259259259266
0 0.9063411458333333 0.4348699074074074 0.011880208333333305 0.0176027777777778
0 0.8829036458333333 0.4401509259259259 0.015182291666666714 0.014081481481481454
3 0.890828125 0.4219615740740741 0.04951041666666676 0.07393055555555558
3 0.8300963541666666 0.6983236111111111 0.06667187499999999 0.09857500000000001
3 0.7862005208333334 0.7722541666666667 0.06336979166666659 0.13612685185185192
3 0.5719973958333334 0.7839893518518518 0.05478645833333324 0.07979907407407406
3 0.16867812499999998 0.7863365740740741 0.046866666666666654 0.1009212962962963
3 0.19838255208333333 0.4589273148148148 0.058748437500000014 0.11031018518518512
3 0.07791458333333333 0.46479490740740736 0.04752708333333334 0.06806388888888885
