0 0.20696380208333331 0.4923722222222222 0.013861979166666672 0.015255555555555555
0 0.1785796875 0.4841578703703704 0.008581249999999999 0.01760277777777775
0 0.13105234375 0.43663055555555563 0.011221354166666645 0.014081481481481507
0 0.12181093750000001 0.4542328703703704 0.015182291666666669 0.014082407407407412
0 0.1584466145833333 0.7411564814814816 0.015842187499999986 0.022296296296296335
0 0.12742187500000002 0.7364625 0.022443750000000005 0.019949074074074143
0 0.8406614583333334 0.8168481481481482 0.01782291666666668 0.018775925925925946
0 0.5644088541666666 0.7968981481481482 0.013203124999999953 0.018775925925925946
0 0.5389947916666666 0.7939643518518519 0.0112187500000001 0.019949074074074143
0 0.8898359375 0.4254819444444444 0.01716145833333336 0.0176027777777778
0 0.9086510416666668 0.4424981481481482 0.013864583333333395 0.016429629629629603
0 0.8835651041666668 0.4407375 0.013859374999999948 0.0176027777777778
3 0.19904270833333332 0.45716666666666667 0.06006875 0.11617777777777777
3 0.11950052083333333 0.4407375 0.040926041666666683 0.06454351851851857
3 0.1376533854166667 0.7206199074074074 0.07195052083333334 0.09857500000000001
3 0.5508749999999999 0.7810560185185186 0.05742708333333333 0.07862500000000007
3 0.8366979166666667 0.7675601851851851 0.06403125000000003 0.13143333333333332
3 0.8980885416666666 0.42841574074074074 0.053468750000000044 0.07275740740740744
3 0.8304270833333334 0.6959763888888889 0.05940624999999997 0.09388055555555563
