0 0.20168307291666665 0.4882648148148149 0.013861979166666672 0.016429629629629655
0 0.17032838541666667 0.48357083333333334 0.010561979166666664 0.01642870370370375
0 0.17065859374999998 0.3984912037037037 0.016502604166666667 0.012908333333333362
0 0.15547604166666668 0.41198657407407413 0.012541666666666658 0.014082407407407412
0 0.22775703125 0.6936291666666667 0.022443229166666672 0.01877685185185185
0 0.20366328125 0.6754398148148147 0.012542187500000008 0.022296296296296335
0 0.9475963541666667 0.6789606481481482 0.011223958333333428 0.01760277777777775
0 0.9617864583333334 0.7006703703703704 0.026406250000000023 0.018775925925925946
0 0.8297682291666667 0.8285828703703704 0.01716145833333336 0.021123148148148137
0 0.7324036458333334 0.7282476851851851 0.013859374999999948 0.012908333333333258
0 0.7343854166666667 0.7546518518518519 0.012541666666666628 0.018775925925925946
0 0.7092994791666667 0.7605194444444444 0.015182291666666714 0.01408148148148156
0 0.8598046874999999 0.4172675925925926 0.009901041666666662 0.012909259259259266
0 0.8723437500000001 0.43721759259259263 0.013864583333333395 0.015255555555555555
3 0.8706953125000001 0.4219615740740741 0.04356770833333326 0.0668898148148148
3 0.96046875 0.6795472222222223 0.05677083333333333 0.09153333333333344
3 0.8314192708333332 0.7775351851851853 0.06534895833333335 0.1396481481481482
3 0.7201901041666666 0.7429166666666667 0.05280729166666672 0.07979814814814816
3 0.22082578125 0.6648782407407409 0.05742864583333335 0.09036018518518524
3 0.1614169270833333 0.3967314814814815 0.049507812500000005 0.06571666666666666
3 0.19013125 0.45481990740740746 0.06336979166666667 0.1208712962962963
0 0.9670703125000001 0.253562962962963 0.02244270833333329 0.016429629629629655
2 0.9637682291666666 0.244175 0.03432812500000004 0.06571666666666669
