0 0.9829088541666666 0.24886851851851854 0.02244270833333329 0.018775925925925894
2 0.9789505208333333 0.243587962962963 0.034328124999999925 0.06923703703703706
0 0.0633921875 0.6507962962962963 0.00792083333333334 0.019950000000000048
0 0.05382075520833333 0.638474537037037 0.01254182291666667 0.021123148148148137
0 0.03434783854166667 0.6543166666666668 0.022443385416666666 0.017601851851851844
0 0.1785796875 0.46186064814814815 0.015182291666666655 0.0176027777777778
0 0.14656484374999998 0.7499574074074074 0.011881770833333328 0.01877592592592584
0 0.13567317708333335 0.7704939814814815 0.017822395833333317 0.012908333333333362
0 0.15778645833333335 0.5551550925925927 0.019803124999999994 0.016428703703703647
0 0.16273723958333336 0.5715842592592593 0.013861979166666642 0.018775925925925946
0 0.14062369791666668 0.5674768518518519 0.011881770833333328 0.02229629629629623
0 0.8584817708333333 0.6449287037037037 0.019140625 0.019950000000000048
0 0.8386796874999999 0.8051125000000001 0.015182291666666596 0.021123148148148137
0 0.7644192708333333 0.5516347222222222 0.011880208333333305 0.014082407407407464
0 0.7885104166666667 0.5756916666666667 0.012541666666666628 0.01994999999999994
0 0.7650781249999999 0.5733444444444444 0.013197916666666623 0.017601851851851844
0 0.8898359375 0.6531430555555556 0.018484375000000004 0.019949074074074143
0 0.8518802083333332 0.4178541666666667 0.008583333333333342 0.014082407407407412
0 0.8637630208333333 0.4360435185185186 0.013859375000000066 0.015255555555555555
3 0.8611223958333333 0.4202013888888889 0.04422395833333326 0.06806388888888891
3 0.8700338541666667 0.6314328703703704 0.0699739583333334 0.09388055555555563
3 0.7743203125000001 0.5621958333333333 0.05676562500000001 0.0704101851851852
3 0.8469296875 0.7569990740740741 0.07260937499999992 0.1384740740740741
3 0.17131848958333334 0.43134953703703705 0.0627098958333333 0.10913611111111118
3 0.15382578125000002 0.558088888888889 0.052807812499999995 0.07627777777777778
3 0.0366582890625 0.6290861111111111 0.06535008854166667 0.1009222222222222
3 0.13270260416666665 0.7581726851851852 0.052808333333333346 0.07510462962962969
