2 0.9940104166666667 0.24583333333333335 0.011979166666666666 0.06759259259259259
0 0.1109375 0.6333333333333333 0.013541666666666667 0.020370370370370372
0 0.08255208333333333 0.6523148148148148 0.019270833333333334 0.017592592592592594
0 0.2046875 0.4175925925925926 0.013541666666666667 0.016666666666666666
0 0.12083333333333333 0.8111111111111111 0.008333333333333333 0.020370370370370372
0 0.10026041666666667 0.8277777777777778 0.0171875 0.020370370370370372
0 0.2375 0.5171296296296296 0.0125 0.01388888888888889
0 0.21536458333333333 0.5162037037037037 0.009895833333333333 0.01388888888888889
0 0.7111979166666667 0.4314814814814815 0.0078125 0.016666666666666666
0 0.6890625 0.4351851851851852 0.019791666666666666 0.016666666666666666
0 0.68046875 0.4166666666666667 0.0078125 0.014814814814814815
0 0.8742187499999999 0.5439814814814815 0.011979166666666666 0.017592592592592594
0 0.8393229166666667 0.5291666666666667 0.013020833333333334 0.017592592592592594
0 0.3921875 0.3740740740740741 0.016666666666666666 0.016666666666666666
0 0.40989583333333335 0.3837962962962963 0.008333333333333333 0.017592592592592594
0 0.3888020833333333 0.38842592592592595 0.0109375 0.017592592592592594
0 0.88671875 0.40972222222222227 0.008854166666666666 0.015740740740740743
0 0.8971354166666666 0.4273148148148148 0.0140625 0.015740740740740743
3 0.8966145833333333 0.41481481481481486 0.044270833333333336 0.07037037037037037
3 0.8580729166666666 0.5055555555555555 0.0734375 0.12962962962962962
3 0.6927083333333334 0.4166666666666667 0.057291666666666664 0.08333333333333334
3 0.39791666666666664 0.3736111111111111 0.046875 0.06574074074074074
3 0.20625 0.38703703703703707 0.06145833333333333 0.10370370370370371
3 0.23098958333333333 0.5060185185185185 0.0515625 0.06759259259259259
3 0.09557291666666666 0.625 0.06614583333333333 0.0962962962962963
3 0.10260416666666666 0.8050925925925926 0.052083333333333336 0.0787037037037037
