0 0.40169322916666667 0.8121541666666667 0.01782291666666668 0.021123148148148137
0 0.40499375 0.834450462962963 0.015182291666666655 0.014082407407407464
0 0.3779296875 0.8168481481481482 0.016502083333333317 0.023470370370370332
0 0.3581265625 0.7476106481481481 0.015182291666666655 0.01877685185185185
0 0.3254518229166667 0.7429166666666667 0.00924114583333336 0.018775925925925946
0 0.7122682291666667 0.3134115740740741 0.00792187500000002 0.014082407407407412
0 0.7274505208333333 0.3257333333333333 0.01716145833333336 0.015255555555555555
0 0.7053385416666667 0.32514722222222225 0.008583333333333342 0.018775925925925946
0 0.6389973958333334 0.5088009259259261 0.011880208333333305 0.015255555555555555
3 0.7231614583333333 0.3093046296296296 0.053468749999999926 0.07393148148148149
3 0.34624479166666666 0.6977365740740741 0.06666979166666664 0.15138240740740747
3 0.3888213541666667 0.7939643518518519 0.06204895833333334 0.10913611111111109
3 0.6264583333333333 0.48005046296296305 0.062052083333333265 0.11031018518518523
