0 0.7276041666666666 0.4226851851851852 0.0125 0.015740740740740743
0 0.69765625 0.4185185185185185 0.009895833333333333 0.018518518518518517
0 0.7809895833333333 0.7606481481481482 0.019270833333333334 0.017592592592592594
0 0.7549479166666666 0.7388888888888889 0.011979166666666666 0.020370370370370372
0 0.9916666666666667 0.38472222222222224 0.016666666666666666 0.01388888888888889
0 0.9869791666666666 0.4013888888888889 0.020833333333333332 0.019444444444444445
0 0.86953125 0.26851851851851855 0.0171875 0.016666666666666666
2 0.8770833333333333 0.26157407407407407 0.034375 0.062037037037037036
3 0.7731770833333333 0.7263888888888889 0.058854166666666666 0.10092592592592593
3 0.7184895833333333 0.39537037037037037 0.0640625 0.10555555555555556
3 0.9841145833333333 0.3717592592592593 0.03177083333333333 0.10277777777777779
