0 0.8571640625 0.579212037037037 0.015182291666666596 0.015255555555555555
0 0.8634348958333333 0.5944675925925926 0.01320312500000007 0.017601851851851844
0 0.8380208333333333 0.5880134259259259 0.012541666666666628 0.01642870370370375
0 0.7446145833333333 0.4202013888888889 0.01584374999999992 0.014082407407407412
0 0.730421875 0.4882648148148149 0.007260416666666695 0.018775925925925946
0 0.7036874999999999 0.4689023148148148 0.009239583333333337 0.01760277777777775
0 0.7093020833333334 0.4894384259259259 0.012541666666666748 0.01642870370370375
0 0.7122708333333333 0.6144171296296297 0.010562499999999985 0.019949074074074036
0 0.6855338541666666 0.6296726851851853 0.020463541666666647 0.01760277777777775
0 0.7423046874999999 0.9476898148148147 0.017817708333333352 0.02699074074074072
0 0.7769609375 0.6496226851851852 0.007921874999999901 0.019949074074074036
0 0.7446145833333333 0.6502097222222223 0.014520833333333271 0.021123148148148137
0 0.7555052083333335 0.2776194444444445 0.021781249999999967 0.015255555555555555
2 0.7574869791666666 0.2658847222222222 0.029703125000000104 0.057502777777777785
3 0.7508880208333333 0.913663425925926 0.07063020833333328 0.12791388888888883
3 0.8479218749999999 0.5827324074074074 0.04818749999999999 0.07627777777777787
3 0.7531953124999999 0.6367143518518518 0.07260937499999992 0.12556574074074073
3 0.6931276041666665 0.6009217592592593 0.05676562500000001 0.1032694444444444
0 0.6267864583333334 0.4683152777777778 0.005937500000000047 0.021123148148148137
0 0.6135859375 0.4659680555555556 0.01650520833333336 0.009387962962962973
0 0.6132552083333332 0.4841578703703704 0.013197916666666623 0.012908333333333362
3 0.6135859375 0.4618611111111111 0.03498437500000004 0.06454259259259261
3 0.7155703125 0.4812240740740741 0.04489062500000003 0.058675925925925985
3 0.7472552083333334 0.3896902777777778 0.05544791666666669 0.10561574074074075
