0 0.8248177083333333 0.5610222222222222 0.0072604166666665765 0.018775925925925946
0 0.8307578124999999 0.5815587962962963 0.013859374999999948 0.02229722222222224
0 0.698078125 0.4653814814814815 0.012541666666666628 0.015255555555555555
0 0.7129322916666666 0.4812236111111111 0.010562499999999985 0.016428703703703647
0 0.6914765625 0.48005046296296305 0.011223958333333428 0.0164287037037037
0 0.6696953125 0.6085495370370371 0.020463541666666647 0.017602777777777853
0 0.6459296875 0.5903606481481483 0.008578125000000015 0.021123148148148137
0 0.8525390625 0.9259847222222223 0.015182291666666714 0.021123148148148137
0 0.8225052083333333 0.9077944444444445 0.010562499999999985 0.026990740740740825
0 0.7762994791666666 0.578625 0.014526041666666718 0.016429629629629655
0 0.5677083333333334 0.5580888888888889 0.017166666666666684 0.010561111111111065
0 0.572 0.5756916666666667 0.012541666666666628 0.015255555555555555
0 0.5505468750000001 0.5668902777777779 0.009239583333333337 0.021123148148148137
0 0.7234921875 0.2717523148148148 0.018484375000000004 0.01760277777777775
2 0.7287734374999999 0.2635375 0.03432812500000004 0.0598490740740741
3 0.8380182291666666 0.5751046296296297 0.052151041666666606 0.07745185185185188
3 0.8489114583333334 0.8819773148148148 0.07657291666666666 0.13495277777777792
3 0.7779505208333333 0.5645430555555556 0.060067708333333296 0.12439166666666673
3 0.7043489583333333 0.47124907407407407 0.04753125 0.06219629629629627
3 0.6627630208333334 0.578625462962963 0.05280729166666672 0.08683981481481474
3 0.5604479166666666 0.5616092592592593 0.046208333333333344 0.07627777777777778
3 0.6581432291666667 0.37971527777777775 0.05808854166666677 0.10913611111111113
0 0.6779453125 0.401425 0.006598958333333371 0.018775925925925946
0 0.6522005208333332 0.40846620370370373 0.01320312500000007 0.014082407407407412
