0 0.7151041666666667 0.412962962962963 0.007291666666666667 0.022222222222222223
0 0.6908854166666667 0.41944444444444445 0.013020833333333334 0.016666666666666666
0 0.6934895833333333 0.4777777777777778 0.018229166666666668 0.012962962962962964
0 0.69765625 0.4930555555555556 0.011979166666666666 0.015740740740740743
0 0.6778645833333333 0.48564814814814816 0.0078125 0.017592592592592594
0 0.54375 0.46481481481481485 0.014583333333333334 0.014814814814814815
0 0.515625 0.47222222222222227 0.013541666666666667 0.018518518518518517
0 0.7197916666666666 0.6041666666666667 0.0125 0.01388888888888889
0 0.6825520833333333 0.5967592592592593 0.0109375 0.017592592592592594
0 0.65390625 0.6805555555555556 0.0078125 0.016666666666666666
0 0.6330729166666667 0.6949074074074074 0.0140625 0.017592592592592594
0 0.99375 0.18055555555555555 0.0125 0.016666666666666666
0 0.6799479166666667 0.27175925925925926 0.019270833333333334 0.019444444444444445
0 0.9768229166666667 0.20740740740740743 0.015104166666666667 0.05
2 0.6846354166666666 0.26435185185185184 0.033854166666666664 0.06018518518518519
4 0.9765625 0.22731481481481483 0.046875 0.11203703703703705
3 0.5333333333333333 0.44907407407407407 0.059375 0.08888888888888889
3 0.6895833333333333 0.47500000000000003 0.040625 0.06296296296296297
3 0.7028645833333333 0.5884259259259259 0.07760416666666667 0.12314814814814816
3 0.63984375 0.6773148148148148 0.0453125 0.08055555555555556
3 0.6947916666666667 0.3907407407407408 0.05416666666666667 0.10925925925925926
