0 0.9669270833333333 0.5750000000000001 0.0067708333333333336 0.020370370370370372
0 0.94765625 0.5875 0.0171875 0.015740740740740743
0 0.64921875 0.40972222222222227 0.013020833333333334 0.015740740740740743
0 0.6236979166666666 0.40046296296296297 0.0078125 0.017592592592592594
0 0.5708333333333333 0.45787037037037037 0.010416666666666666 0.015740740740740743
0 0.58046875 0.47685185185185186 0.0140625 0.014814814814814815
0 0.40130208333333334 0.4828703703703704 0.015104166666666667 0.017592592592592594
0 0.37421875 0.4930555555555556 0.0140625 0.017592592592592594
0 0.6760416666666667 0.5694444444444444 0.013541666666666667 0.014814814814814815
0 0.6421875 0.5726851851851852 0.009375 0.019444444444444445
0 0.4942708333333333 0.6 0.0125 0.012962962962962964
0 0.47369791666666666 0.5884259259259259 0.008854166666666666 0.021296296296296296
0 0.8841145833333334 0.1787037037037037 0.019270833333333334 0.014814814814814815
0 0.59765625 0.274537037037037 0.0203125 0.017592592592592594
0 0.8645833333333334 0.20231481481481484 0.015625 0.049074074074074076
0 0.90078125 0.20925925925925926 0.0109375 0.05555555555555556
2 0.5989583333333334 0.26342592592592595 0.027083333333333334 0.05648148148148149
4 0.8796875 0.2240740740740741 0.075 0.11851851851851852
3 0.9489583333333333 0.5680555555555555 0.04375 0.0712962962962963
3 0.6627604166666666 0.5643518518518519 0.06822916666666666 0.12314814814814816
3 0.6432291666666666 0.3800925925925926 0.05520833333333333 0.10462962962962963
3 0.58046875 0.46944444444444444 0.0390625 0.05555555555555556
3 0.4875 0.5888888888888889 0.040625 0.07222222222222223
3 0.390625 0.47175925925925927 0.059375 0.09537037037037037
3 0.9817708333333334 0.7064814814814815 0.036458333333333336 0.11666666666666667
0 0.9848958333333333 0.7300925925925926 0.020833333333333332 0.025
