0 0.8927083333333333 0.4689814814814815 0.014583333333333334 0.015740740740740743
0 0.6208333333333333 0.4 0.009375 0.016666666666666666
0 0.59375 0.40185185185185185 0.0125 0.012962962962962964
0 0.4591145833333333 0.45833333333333337 0.011979166666666666 0.016666666666666666
0 0.44921875 0.43842592592592594 0.0078125 0.01388888888888889
0 0.33177083333333335 0.47500000000000003 0.010416666666666666 0.016666666666666666
0 0.32578125 0.48888888888888893 0.018229166666666668 0.014814814814814815
0 0.2973958333333333 0.4930555555555556 0.010416666666666666 0.019444444444444445
0 0.9760416666666667 0.6972222222222223 0.016666666666666666 0.020370370370370372
0 0.9434895833333333 0.6949074074074074 0.019270833333333334 0.028703703703703703
0 0.6182291666666666 0.5564814814814815 0.008333333333333333 0.014814814814814815
0 0.5869791666666666 0.5777777777777778 0.0125 0.012962962962962964
0 0.39765625 0.5592592592592592 0.0067708333333333336 0.018518518518518517
0 0.37916666666666665 0.5731481481481482 0.0125 0.016666666666666666
0 0.8075520833333333 0.17731481481481481 0.019270833333333334 0.015740740740740743
0 0.5354166666666667 0.27546296296296297 0.01875 0.015740740740740743
0 0.8247395833333333 0.20694444444444446 0.013020833333333334 0.05092592592592593
0 0.7877604166666666 0.20185185185185187 0.015104166666666667 0.05555555555555556
2 0.53359375 0.2625 0.027604166666666666 0.05648148148148149
4 0.8033854166666666 0.22222222222222224 0.07447916666666667 0.11481481481481481
3 0.9619791666666666 0.6689814814814815 0.07604166666666666 0.11203703703703705
3 0.8903645833333333 0.44953703703703707 0.03802083333333333 0.07685185185185185
0 0.8770833333333333 0.45046296296296295 0.008333333333333333 0.021296296296296296
3 0.5916666666666667 0.5620370370370371 0.07083333333333333 0.10555555555555556
3 0.6052083333333333 0.3731481481481482 0.06458333333333333 0.1
3 0.4575520833333333 0.45 0.04114583333333333 0.05740740740740741
3 0.3841145833333333 0.5550925925925926 0.0390625 0.0712962962962963
3 0.31744791666666666 0.46851851851851856 0.05677083333333333 0.0925925925925926
0 0.8049479166666667 0.19583333333333333 0.0078125 0.032407407407407406
