0 0.5743098958333333 0.3615259259259259 0.009244791666666667 0.016429629629629603
0 0.5604479166666666 0.35624490740740744 0.01584375000000004 0.01056203703703702
0 0.555828125 0.3709138888888889 0.010562499999999985 0.014081481481481454
0 0.17329869791666666 0.47887685185185186 0.009901562499999983 0.018775925925925946
0 0.16702786458333332 0.4624476851851852 0.014522395833333323 0.018776851851851902
0 0.15217552083333336 0.4782902777777778 0.011221874999999996 0.01760277777777775
0 0.051510390625 0.5428328703703704 0.010561510416666664 0.01760277777777775
0 0.0492 0.5610226851851852 0.019142708333333328 0.016428703703703647
0 0.017845338541666665 0.5668902777777779 0.01320203125 0.021123148148148137
0 0.7370234375 0.7746013888888889 0.020463541666666647 0.01877685185185185
0 0.3548260416666667 0.5709976851851852 0.008581249999999999 0.01760277777777775
0 0.29145651041666665 0.6114833333333334 0.013861979166666672 0.016429629629629655
0 0.2703333333333333 0.599161574074074 0.008581249999999999 0.02229722222222224
0 0.5314010416666667 0.21835740740740744 0.01584374999999998 0.014081481481481481
0 0.2884861979166667 0.32280000000000003 0.02112343750000001 0.016429629629629603
0 0.5485651041666666 0.2512157407407407 0.009244791666666667 0.05398148148148149
0 0.5145703125 0.2471083333333333 0.009901041666666662 0.0504611111111111
2 0.28749609375 0.3145851851851852 0.02706406250000004 0.06102222222222222
4 0.5320622395833333 0.2652976851851852 0.06996927083333333 0.12204537037037037
3 0.735375 0.7411560185185185 0.05677083333333333 0.11383055555555557
3 0.73834375 0.6871745370370371 0.04290624999999994 0.04811388888888886
3 0.5627578124999999 0.35976527777777784 0.038942708333333444 0.07158425925925924
3 0.2841955729166667 0.5956412037037038 0.04422656250000004 0.07627870370370368
3 0.16240703125 0.4671416666666667 0.04620677083333333 0.06337037037037031
3 0.03797828125 0.5422462962962963 0.06534968749999999 0.09622777777777783
3 0.3696783854166667 0.5715842592592593 0.05940885416666669 0.10796296296296298
3 0.35944687499999994 0.4424981481481482 0.06006875 0.10796296296296294
0 0.5304140625 0.23889398148148147 0.004619791666666669 0.03168425925925928
