0 0.5304140625 0.4166810185185185 0.004619791666666669 0.014082407407407412
0 0.517209375 0.40787962962962965 0.012539583333333345 0.010561111111111117
0 0.5165505208333333 0.4237217592592593 0.011221874999999966 0.0164287037037037
0 0.7178802083333333 0.7006703703703704 0.008583333333333342 0.016429629629629655
0 0.1587765625 0.49354583333333335 0.007261458333333337 0.01760277777777775
0 0.14392447916666667 0.4841578703703704 0.019803124999999994 0.012908333333333362
0 0.14128385416666667 0.5023472222222223 0.01320208333333334 0.016429629629629655
0 0.05382067708333333 0.5445935185185186 0.009901354166666664 0.014081481481481454
0 0.05316075520833333 0.5610226851851853 0.019143072916666667 0.021123148148148137
0 0.02081578125 0.5709972222222223 0.013862083333333332 0.019950000000000048
0 0.7465963541666667 0.7798819444444445 0.02244270833333329 0.01760277777777775
0 0.7215130208333334 0.766387037037037 0.006598958333333371 0.025816666666666724
0 0.3498755208333333 0.5322712962962963 0.006601041666666655 0.015255555555555555
0 0.22280625 0.5950546296296296 0.013862499999999993 0.018775925925925946
0 0.5287630208333334 0.2230513888888889 0.01583854166666671 0.014082407407407412
0 0.2766044270833333 0.33160092592592594 0.018482812499999984 0.015255555555555555
0 0.5462552083333333 0.2559101851851852 0.01121874999999998 0.05398148148148149
0 0.5115999999999999 0.24886851851851854 0.010561458333333284 0.04694074074074071
2 0.27495416666666667 0.31927916666666667 0.03102500000000002 0.056328703703703686
4 0.52777265625 0.2664712962962963 0.07063177083333336 0.11969814814814815
3 0.35152578125 0.45540694444444446 0.054788020833333326 0.10561574074074069
0 0.33172265625 0.47887685185185186 0.007260937500000016 0.023470370370370384
3 0.7277838541666667 0.6989097222222223 0.04158854166666662 0.0668898148148148
3 0.3564765625 0.5428328703703704 0.04356666666666668 0.07862499999999997
3 0.7442838541666668 0.7523046296296297 0.05478645833333324 0.10796296296296298
3 0.5182002604166667 0.4137472222222222 0.03696406250000006 0.06923703703703706
3 0.22082604166666667 0.578038425925926 0.03762604166666668 0.07862500000000007
3 0.14623463541666665 0.4865046296296296 0.04158593749999998 0.06454259259259261
3 0.03962864583333333 0.5463537037037037 0.06733020833333334 0.09270740740740743
