0 0.4942708333333333 0.5078703703703704 0.007291666666666667 0.015740740740740743
0 0.47760416666666666 0.5226851851851853 0.013541666666666667 0.01388888888888889
0 0.7072916666666667 0.649537037037037 0.007291666666666667 0.017592592592592594
0 0.72578125 0.6569444444444444 0.011979166666666666 0.01388888888888889
0 0.14140625 0.44583333333333336 0.005729166666666666 0.021296296296296296
0 0.11692708333333333 0.4564814814814815 0.01614583333333333 0.014814814814814815
0 0.09869791666666666 0.5041666666666667 0.018229166666666668 0.012037037037037037
0 0.09505208333333333 0.5194444444444445 0.0140625 0.016666666666666666
0 0.023697916666666666 0.5287037037037037 0.011979166666666666 0.018518518518518517
0 0.019791666666666666 0.5458333333333334 0.019791666666666666 0.017592592592592594
0 0.6682291666666667 0.7134259259259259 0.014583333333333334 0.021296296296296296
0 0.63671875 0.7166666666666667 0.0171875 0.018518518518518517
0 0.6322916666666667 0.6912037037037038 0.007291666666666667 0.015740740740740743
0 0.3497395833333333 0.4615740740740741 0.015104166666666667 0.017592592592592594
0 0.2598958333333333 0.5402777777777777 0.010416666666666666 0.017592592592592594
0 0.2359375 0.5407407407407407 0.014583333333333334 0.016666666666666666
0 0.5479166666666666 0.22777777777777777 0.016666666666666666 0.014814814814814815
0 0.23958333333333334 0.33101851851851855 0.017708333333333333 0.025
0 0.5640625 0.25601851851851853 0.010416666666666666 0.05092592592592593
0 0.5296875 0.25462962962962965 0.010416666666666666 0.05
0 0.5463541666666667 0.24629629629629632 0.004166666666666667 0.02777777777777778
2 0.24583333333333332 0.32222222222222224 0.034375 0.05925925925925926
4 0.5466145833333333 0.2712962962962963 0.0734375 0.11851851851851852
3 0.34739583333333335 0.4476851851851852 0.057291666666666664 0.09351851851851853
3 0.021354166666666667 0.5328703703703704 0.041666666666666664 0.09907407407407408
3 0.71875 0.6439814814814815 0.04375 0.05648148148148149
3 0.6479166666666667 0.688425925925926 0.065625 0.10833333333333334
3 0.47994791666666664 0.5092592592592593 0.04010416666666666 0.07407407407407407
3 0.24557291666666667 0.5324074074074074 0.0484375 0.07222222222222223
3 0.10104166666666667 0.5106481481481482 0.040625 0.058333333333333334
3 0.11692708333333333 0.42824074074074076 0.058854166666666666 0.09722222222222222
