0 0.5627578124999999 0.5070412037037036 0.005942708333333376 0.01642870370370375
0 0.5459244791666666 0.5222967592592593 0.0145260416666666 0.014082407407407358
0 0.7759687500000001 0.6513828703703705 0.0072604166666665765 0.01642870370370375
0 0.7964322916666667 0.6625310185185186 0.013864583333333395 0.012908333333333362
0 0.12643177083333335 0.4759430555555555 0.015182291666666669 0.01525648148148146
0 0.23996875 0.6959759259259259 0.008581249999999999 0.018775925925925946
0 0.23138776041666667 0.7206199074074074 0.013861979166666672 0.01877685185185185
0 0.05514088541666666 0.5387259259259259 0.013861979166666663 0.011735185185185166
0 0.055470911458333334 0.557501851851852 0.01716234375 0.016429629629629655
0 0.6746432291666666 0.717099537037037 0.011880208333333305 0.021123148148148137
0 0.6456015624999999 0.7253138888888888 0.018484375000000004 0.016429629629629655
0 0.6380104166666667 0.6953898148148148 0.008583333333333342 0.015255555555555555
0 0.4482302083333333 0.4454314814814815 0.014521875000000031 0.015255555555555555
0 0.32710208333333335 0.529924537037037 0.008581249999999999 0.012908333333333362
0 0.3076291666666667 0.5428328703703704 0.01320208333333331 0.012908333333333362
0 0.6182083333333334 0.22774537037037035 0.01782291666666668 0.011735185185185192
0 0.34723489583333333 0.3333615740740741 0.019803125000000026 0.0164287037037037
0 0.6350364583333333 0.2588435185185185 0.010562499999999985 0.05280740740740742
0 0.6003828125 0.253562962962963 0.01122395833333331 0.04694074074074077
0 0.6165572916666666 0.24886851851851854 0.005281249999999934 0.035205555555555545
2 0.3452546875 0.3251467592592593 0.027723958333333344 0.058675000000000026
4 0.6172161458333333 0.27468611111111113 0.0712864583333334 0.12204444444444444
3 0.44790026041666664 0.4360435185185186 0.0521473958333333 0.1044425925925926
3 0.05019028645833333 0.5246435185185185 0.04884755208333333 0.1032685185185185
3 0.7895000000000001 0.6513828703703705 0.0448854166666667 0.05632870370370363
3 0.6545130208333333 0.6924555555555557 0.06534895833333335 0.11265740740740737
3 0.5475755208333334 0.5058675925925926 0.03763020833333333 0.07041111111111115
3 0.31489036458333336 0.5240569444444444 0.04224635416666664 0.07393055555555558
0 0.3109294270833333 0.5258171296296297 0.018482812499999984 0.01877685185185185
3 0.22907734375 0.7112319444444445 0.04488697916666666 0.061023148148148125
3 0.12247109375 0.44484490740740745 0.06138906249999998 0.10092129629629625
