0 0.6083046875000001 0.520536574074074 0.005942708333333376 0.019949074074074036
0 0.5904817708333333 0.5352050925925926 0.013859374999999948 0.01642870370370375
0 0.8419791666666666 0.6789601851851853 0.012541666666666748 0.015255555555555555
0 0.8231666666666667 0.6695722222222221 0.010562499999999985 0.01994999999999994
0 0.4908067708333333 0.657250462962963 0.008581249999999999 0.021123148148148137
0 0.8017135416666666 0.627912962962963 0.016500000000000032 0.011735185185185166
0 0.8056744791666667 0.6443416666666667 0.013859375000000066 0.01642962962962955
0 0.7852109375 0.6378875 0.009901041666666662 0.019949074074074143
0 0.3597768229166667 0.6478625 0.018482812499999984 0.014082407407407464
0 0.7756380208333333 0.7329421296296297 0.018484375000000004 0.01760277777777775
0 0.7456067708333334 0.7247268518518518 0.009901041666666662 0.02699074074074072
0 0.4779348958333333 0.5974013888888889 0.010561458333333343 0.014082407407407358
0 0.4436096354166666 0.6062023148148148 0.011881770833333328 0.01760277777777775
0 0.08682578125 0.5052810185185185 0.013861979166666672 0.012908333333333362
0 0.07923463541666666 0.491199074074074 0.009241145833333346 0.015255555555555555
0 0.6640833333333334 0.23889398148148147 0.017166666666666684 0.012908333333333336
0 0.3838705729166667 0.3445101851851852 0.021782812499999988 0.015255555555555555
0 0.6456015625 0.2682319444444444 0.011880208333333305 0.05280833333333335
0 0.6809140625 0.27351250000000005 0.011223958333333428 0.05163425925925925
2 0.3838705729166667 0.3392291666666667 0.029704687500000007 0.06806388888888891
4 0.6617708333333333 0.28759444444444443 0.07327083333333337 0.11500370370370372
3 0.08946614583333333 0.49882638888888886 0.048187499999999994 0.07510462962962963
3 0.35647630208333336 0.619111574074074 0.04620677083333333 0.08331944444444446
3 0.4568114583333333 0.5950541666666667 0.07393124999999999 0.11031018518518518
0 0.34096406250000005 0.6302597222222222 0.011221874999999966 0.023469444444444532
3 0.5934505208333333 0.5181893518518519 0.04224479166666673 0.0715842592592592
3 0.7990729166666667 0.6249791666666666 0.0442291666666667 0.07158425925925929
3 0.8370286458333334 0.6683990740740742 0.04224479166666673 0.05750185185185183
3 0.7660677083333333 0.705951388888889 0.06270833333333325 0.1020953703703703
3 0.50763984375 0.6331930555555556 0.05016822916666672 0.09036018518518524
