0 0.6828958333333334 0.22950555555555555 0.00990624999999999 0.015255555555555555
0 0.6743151041666666 0.2324398148148148 0.019140625 0.018775925925925918
0 0.6911484375000001 0.26647175925925926 0.01320312500000007 0.056328703703703686
0 0.6548411458333334 0.26060416666666664 0.014526041666666718 0.05163425925925925
4 0.6726640624999999 0.27703287037037044 0.07393229166666669 0.12439166666666669
0 0.7300911458333333 0.3984916666666667 0.018484375000000004 0.015255555555555555
0 0.7099609375 0.3803018518518519 0.013859375000000066 0.016429629629629655
0 0.7030286458333334 0.3937972222222223 0.013203124999999953 0.019949999999999992
0 0.4937770833333333 0.6361273148148148 0.014521875000000031 0.01642870370370375
0 0.7479140624999999 0.7030171296296296 0.01320312500000007 0.01642870370370375
0 0.7267916666666667 0.69715 0.010562499999999985 0.018775925925925946
0 0.8495703124999999 0.6877615740740741 0.013203124999999953 0.01877685185185185
0 0.872015625 0.6953893518518518 0.01452083333333339 0.01760277777777775
0 0.40136328125000004 0.558088888888889 0.02112343749999995 0.015255555555555555
0 0.38189036458333336 0.5398995370370371 0.007260937500000016 0.025817592592592628
0 0.617546875 0.5140824074074075 0.007260416666666695 0.01877592592592584
0 0.6000520833333333 0.5287509259259259 0.014520833333333271 0.015255555555555555
3 0.39872291666666665 0.5293375000000001 0.04356666666666662 0.09388055555555552
3 0.4950963541666667 0.6020953703703704 0.062046874999999994 0.11735185185185186
3 0.6026927083333333 0.5117351851851852 0.03960416666666665 0.07745185185185188
3 0.7201901041666666 0.3703273148148148 0.0594114583333333 0.10678981481481484
0 0.4109348958333333 0.3380555555555556 0.02178333333333337 0.016429629629629603
2 0.4079643229166667 0.32808055555555554 0.029044270833333326 0.07627777777777778
3 0.7393359375 0.6901083333333333 0.05280729166666672 0.0657166666666666
3 0.8621119791666667 0.6836541666666668 0.05148437500000007 0.06454351851851851
