0 0.6875 0.4763888888888889 0.013541666666666667 0.017592592592592594
0 0.6565104166666667 0.4708333333333333 0.0109375 0.019444444444444445
0 0.7692708333333333 0.7592592592592593 0.010416666666666666 0.020370370370370372
0 0.78515625 0.7800925925925927 0.0171875 0.021296296296296296
0 0.09401041666666667 0.5689814814814815 0.015104166666666667 0.021296296296296296
0 0.05677083333333333 0.5652777777777778 0.0125 0.019444444444444445
3 0.67734375 0.44722222222222224 0.06510416666666667 0.10740740740740741
3 0.07890625 0.5606481481481481 0.0765625 0.1175925925925926
3 0.7869791666666667 0.7537037037037038 0.06041666666666667 0.11111111111111112
3 0.9893229166666666 0.40370370370370373 0.021354166666666667 0.11111111111111112
0 0.94375 0.27731481481481485 0.02395833333333333 0.017592592592592594
2 0.9421875 0.2652777777777778 0.03229166666666666 0.07685185185185185
