0 0.668703125 0.23302638888888888 0.009239583333333337 0.012908333333333336
0 0.6604531250000001 0.23948055555555559 0.01782291666666668 0.016429629629629655
0 0.6772864583333332 0.27057870370370374 0.014520833333333271 0.055155555555555597
0 0.6432916666666666 0.2664712962962963 0.012541666666666748 0.04928703703703705
4 0.6591328124999999 0.2852476851851852 0.07195312499999992 0.12439166666666666
0 0.6657317708333332 0.37736851851851855 0.019140625 0.015255555555555555
0 0.6650729166666667 0.39321064814814816 0.021781249999999967 0.0164287037037037
0 0.44856041666666674 0.4735958333333334 0.008581249999999999 0.0176027777777778
0 0.42116614583333334 0.48063703703703703 0.01320208333333331 0.015255555555555555
0 0.7386744791666667 0.4254819444444444 0.007921874999999901 0.022297222222222187
0 0.7254713541666667 0.4172675925925926 0.018484375000000004 0.015255555555555555
0 0.7225026041666667 0.43310972222222227 0.013859374999999948 0.0164287037037037
0 0.837359375 0.6942157407407407 0.012541666666666628 0.01994999999999994
0 0.8588125 0.7018435185185186 0.017166666666666684 0.018775925925925946
0 0.3700083333333333 0.5463537037037037 0.008581249999999999 0.02229629629629623
0 0.38816119791666664 0.5651296296296295 0.019802604166666644 0.015255555555555555
0 0.601703125 0.5228837962962963 0.01121874999999998 0.017602777777777853
0 0.5809088541666667 0.5340319444444445 0.011880208333333305 0.016428703703703647
3 0.43007734374999995 0.45188611111111116 0.0640296875 0.10326851851851855
3 0.3865109375 0.5369652777777778 0.0442270833333333 0.09036018518518514
3 0.5904817708333333 0.5187759259259259 0.046869791666666674 0.07745185185185188
3 0.665734375 0.3621125 0.04686458333333334 0.09974907407407411
3 0.7264635416666666 0.4172675925925926 0.03894791666666665 0.06689074074074071
3 0.8485807291666667 0.6895217592592594 0.04950520833333331 0.06454351851851851
0 0.3904713541666666 0.3439231481481482 0.02178333333333331 0.018775925925925946
2 0.38684088541666667 0.3327745370370371 0.03168489583333335 0.07862499999999997
