0 0.6700234374999999 0.2359601851851852 0.009244791666666667 0.011735185185185166
0 0.6601223958333333 0.24006759259259264 0.01716145833333336 0.015255555555555581
0 0.6786067708333333 0.272925462962963 0.013203124999999953 0.05515462962962964
0 0.6426302083333333 0.26647175925925926 0.012541666666666748 0.0516342592592593
4 0.6584713541666666 0.2852476851851852 0.07195312499999992 0.12204537037037035
0 0.7261328125000001 0.37971527777777775 0.02244270833333329 0.01290833333333331
0 0.7244817708333334 0.3937976851851852 0.021786458333333415 0.0176027777777778
0 0.4320580729166667 0.46772870370370373 0.009901562499999983 0.015255555555555555
0 0.4040033854166667 0.4747699074074074 0.011881770833333328 0.01760277777777775
0 0.7693697916666666 0.4378037037037037 0.007260416666666695 0.018775925925925894
0 0.7564947916666667 0.4290027777777778 0.019802083333333324 0.015255555555555555
0 0.7548463541666667 0.4454319444444445 0.01650520833333336 0.0176027777777778
0 0.8363697916666666 0.6918689814814815 0.010562499999999985 0.019949074074074036
0 0.85353125 0.7036041666666666 0.017166666666666684 0.017602777777777853
0 0.38783124999999996 0.5668902777777779 0.02178333333333331 0.01642870370370375
0 0.3696783854166667 0.5469407407407408 0.007921354166666639 0.023470370370370332
0 0.6050026041666666 0.5305111111111112 0.009901041666666662 0.018775925925925946
0 0.5769479166666667 0.5082143518518518 0.010562500000000105 0.01642870370370375
0 0.5822317708333333 0.5275773148148148 0.013203124999999953 0.01760277777777775
3 0.588171875 0.5181898148148149 0.0514895833333334 0.08097222222222226
3 0.7254713541666666 0.3656328703703704 0.047526041666666664 0.09740092592592596
3 0.7564973958333333 0.431349537037037 0.03828645833333333 0.07393055555555553
3 0.8485807291666667 0.6895222222222223 0.044223958333333376 0.06219629629629632
3 0.41258489583333335 0.4471921296296296 0.059409375000000014 0.10561574074074075
3 0.3848606770833333 0.5381393518518518 0.04620677083333338 0.09036018518518524
0 0.37891979166666667 0.34568333333333334 0.019803125000000026 0.015255555555555555
2 0.3805700520833334 0.33336157407407413 0.02706406250000004 0.07979907407407406
0 0.6601223958333333 0.2623643518518519 0.006598958333333371 0.029337962962962965
