0 0.6947916666666667 0.4777777777777778 0.014583333333333334 0.014814814814814815
0 0.6651041666666666 0.47175925925925927 0.010416666666666666 0.017592592592592594
0 0.7614583333333333 0.7662037037037037 0.013541666666666667 0.02314814814814815
0 0.753125 0.7800925925925927 0.0125 0.021296296296296296
0 0.78515625 0.7791666666666667 0.0171875 0.017592592592592594
0 0.13828125 0.5546296296296297 0.013020833333333334 0.020370370370370372
0 0.175 0.5578703703703703 0.015625 0.017592592592592594
3 0.7763020833333333 0.75 0.06822916666666666 0.12037037037037038
3 0.6838541666666667 0.4425925925925926 0.06770833333333333 0.12407407407407407
3 0.9908854166666666 0.3731481481481482 0.018229166666666668 0.10555555555555556
3 0.15911458333333334 0.5467592592592593 0.07760416666666667 0.1175925925925926
0 0.96171875 0.2777777777777778 0.022395833333333334 0.016666666666666666
2 0.9604166666666667 0.26712962962962966 0.03125 0.08055555555555556
