0 0.6696927083333333 0.2359601851851852 0.008583333333333342 0.018775925925925918
0 0.6611145833333334 0.23889398148148147 0.01782291666666668 0.0176027777777778
0 0.6786041666666667 0.27233888888888885 0.010562499999999985 0.05867592592592593
0 0.6416380208333333 0.26764490740740743 0.013203124999999953 0.0516342592592593
4 0.658140625 0.28642129629629637 0.0712916666666666 0.1243925925925926
0 0.7650781249999999 0.3990777777777778 0.013197916666666623 0.018775925925925894
0 0.7429661458333333 0.38440925925925923 0.019140625 0.015255555555555555
0 0.738015625 0.4002518518518519 0.01584375000000004 0.023470370370370384
0 0.43469843750000003 0.4642078703703704 0.008581249999999999 0.0176027777777778
0 0.40895442708333335 0.47711620370370367 0.01254218749999995 0.017602777777777853
0 0.783890625 0.6091365740740742 0.01121874999999998 0.01642870370370375
0 0.7690390624999999 0.5950546296296296 0.019807291666666654 0.018775925925925946
0 0.7637578125 0.6108967592592593 0.011880208333333305 0.019949074074074143
0 0.8604635416666666 0.6789601851851853 0.01121874999999998 0.022296296296296335
0 0.8502317708333335 0.7000833333333334 0.01716145833333336 0.019950000000000048
0 0.3888213541666667 0.5663037037037036 0.019803125000000026 0.015255555555555555
0 0.37066875 0.5469407407407408 0.008581249999999999 0.023470370370370332
0 0.5993932291666667 0.5134953703703704 0.010557291666666658 0.017601851851851844
0 0.606984375 0.5275773148148148 0.007260416666666695 0.022297222222222135
0 0.5875130208333333 0.5281643518518518 0.01320312500000007 0.01877685185185185
3 0.41324479166666667 0.44660555555555553 0.05412812500000002 0.10444259259259255
3 0.3865109375 0.5357916666666667 0.0442270833333333 0.09270740740740743
3 0.5894921875 0.5164291666666667 0.04620312500000002 0.0727583333333334
3 0.7498958333333333 0.371500462962963 0.062052083333333265 0.10678981481481484
3 0.7733281249999999 0.5968143518518519 0.04818749999999999 0.07158425925925929
3 0.8492421875 0.6877615740740741 0.04554687500000002 0.07510462962962969
0 0.36010703125000004 0.3415763888888889 0.0178223958333333 0.02112314814814819
2 0.3660479166666667 0.32984120370370373 0.03234479166666671 0.07979907407407406
