0 0.67134375 0.23830740740740744 0.010562499999999985 0.018775925925925946
0 0.6611119791666666 0.24124120370370372 0.019140625 0.017602777777777773
0 0.6789348958333332 0.2717523148148148 0.013859374999999948 0.05280833333333335
0 0.6449401041666666 0.2652976851851852 0.01583854166666671 0.05163425925925925
4 0.6594609375 0.2870078703703704 0.07393229166666669 0.12087129629629627
0 0.7548463541666666 0.4096393518518519 0.01122395833333331 0.021123148148148137
0 0.7327317708333332 0.3984916666666667 0.018484375000000004 0.015255555555555555
0 0.7291015625 0.4125736111111111 0.019140625 0.01760277777777775
0 0.4343682291666667 0.4647949074074075 0.007920833333333318 0.0164287037037037
0 0.4109346354166667 0.4759430555555556 0.011221354166666704 0.0176027777777778
0 0.6409791666666665 0.6672250000000001 0.009239583333333337 0.022296296296296335
0 0.3891513020833333 0.5674768518518519 0.020463020833333387 0.015255555555555661
0 0.37033854166666663 0.5469407407407408 0.007920833333333318 0.023470370370370332
0 0.59609375 0.5352055555555555 0.01452083333333339 0.01877592592592584
0 0.5743098958333333 0.5228833333333333 0.009244791666666667 0.01994999999999994
3 0.7376848958333333 0.38558287037037037 0.060067708333333296 0.10678981481481484
3 0.5871822916666667 0.5170157407407407 0.04686458333333334 0.07627777777777778
3 0.413575 0.44484537037037036 0.05610833333333331 0.10796296296296294
3 0.38783124999999996 0.5357921296296297 0.04554687500000002 0.08801388888888885
3 0.6248072916666667 0.6595976851851852 0.048187500000000105 0.07510462962962969
0 0.36736822916666667 0.3433365740740741 0.01914270833333334 0.0176027777777778
2 0.37264895833333334 0.33512222222222227 0.03102499999999999 0.08097222222222221
3 0.9423125 0.7071245370370371 0.04818749999999999 0.06219537037037031
