0 0.7013020833333333 0.25601851851851853 0.009895833333333333 0.012037037037037037
0 0.6921875 0.2601851851851852 0.01875 0.014814814814814815
0 0.6744791666666666 0.28703703703703703 0.014583333333333334 0.053703703703703705
0 0.7088541666666667 0.29305555555555557 0.0125 0.05648148148148149
4 0.6893229166666667 0.30694444444444446 0.06927083333333334 0.125
0 0.6947916666666667 0.4203703703703704 0.019791666666666666 0.012962962962962964
0 0.69296875 0.4337962962962963 0.021354166666666667 0.015740740740740743
0 0.7153645833333333 0.42453703703703705 0.0109375 0.021296296296296296
0 0.48723958333333334 0.5143518518518518 0.009895833333333333 0.017592592592592594
0 0.45703125 0.5157407407407407 0.011979166666666666 0.016666666666666666
0 0.39401041666666664 0.675462962962963 0.013020833333333334 0.015740740740740743
0 0.43307291666666664 0.5675925925925926 0.009895833333333333 0.02592592592592593
0 0.41328125 0.5865740740740741 0.019270833333333334 0.017592592592592594
0 0.6302083333333334 0.5412037037037037 0.009375 0.015740740740740743
0 0.6109375 0.5569444444444445 0.014583333333333334 0.019444444444444445
3 0.3953125 0.6625 0.0375 0.0638888888888889
3 0.41640625 0.5532407407407408 0.04635416666666667 0.09351851851851853
3 0.46953125 0.4810185185185185 0.0640625 0.12685185185185185
3 0.6158854166666666 0.5416666666666667 0.043229166666666666 0.07777777777777778
3 0.6973958333333333 0.4041666666666667 0.053125 0.10462962962962963
0 0.43333333333333335 0.36342592592592593 0.019791666666666666 0.019444444444444445
2 0.43072916666666666 0.3523148148148148 0.03333333333333333 0.0787037037037037
0 0.6903645833333333 0.28101851851851856 0.0067708333333333336 0.026851851851851852
0 0.6942708333333333 0.2986111111111111 0.00625 0.02314814814814815
1 0.03984375 0.015740740740740743 0.06614583333333333 0.02962962962962963
