0 0.7557291666666667 0.2513888888888889 0.009375 0.010185185185185186
0 0.7463541666666667 0.2569444444444445 0.022916666666666665 0.01388888888888889
0 0.76328125 0.28935185185185186 0.0109375 0.05648148148148149
0 0.7278645833333334 0.2828703703703704 0.013020833333333334 0.05277777777777778
4 0.7440104166666667 0.3013888888888889 0.07239583333333333 0.12685185185185185
0 0.7140625 0.4361111111111111 0.019791666666666666 0.014814814814814815
0 0.7119791666666666 0.45046296296296295 0.019791666666666666 0.017592592592592594
0 0.5083333333333333 0.4967592592592593 0.013541666666666667 0.015740740740740743
0 0.48333333333333334 0.48750000000000004 0.008333333333333333 0.021296296296296296
0 0.47734375 0.6439814814814815 0.008854166666666666 0.019444444444444445
0 0.4614583333333333 0.6532407407407408 0.013541666666666667 0.015740740740740743
0 0.4861979166666667 0.5592592592592592 0.008854166666666666 0.018518518518518517
0 0.4661458333333333 0.5791666666666667 0.020833333333333332 0.017592592592592594
0 0.4966145833333333 0.9638888888888889 0.011979166666666666 0.02592592592592593
0 0.5067708333333333 0.9865740740740742 0.013541666666666667 0.021296296296296296
3 0.5028645833333333 0.46111111111111114 0.057812499999999996 0.12222222222222223
3 0.7130208333333333 0.4236111111111111 0.04791666666666666 0.09722222222222222
3 0.509375 0.9634259259259259 0.053125 0.07314814814814816
3 0.46796875 0.5476851851851852 0.0453125 0.09166666666666667
3 0.46458333333333335 0.6407407407407407 0.03958333333333333 0.06481481481481481
0 0.49765624999999997 0.35370370370370374 0.0203125 0.016666666666666666
2 0.49374999999999997 0.34351851851851856 0.03229166666666666 0.07777777777777778
