0 0.8561718749999999 0.31751944444444447 0.009239583333333337 0.015255555555555555
0 0.8469296875 0.32103935185185184 0.017161458333333237 0.0176027777777778
0 0.8624427083333333 0.34979074074074074 0.012541666666666748 0.05163518518518515
0 0.8281171875000001 0.3445101851851852 0.016505208333333243 0.0504611111111111
4 0.8426406249999999 0.36445925925925926 0.07194791666666672 0.11617777777777777
0 0.8413203125000001 0.5111486111111112 0.008578125000000015 0.017602777777777853
0 0.8221744791666666 0.4982398148148149 0.020463541666666647 0.012909259259259266
0 0.8195364583333333 0.5117351851851852 0.021781250000000085 0.016429629629629655
0 0.6178750000000001 0.5422462962962963 0.014520833333333271 0.016429629629629655
0 0.5927942708333334 0.5334449074074075 0.00792187500000002 0.01760277777777775
0 0.582890625 0.6959759259259259 0.0066041666666667 0.018775925925925946
0 0.5670494791666667 0.7053643518518519 0.01320312500000007 0.016428703703703647
0 0.9139296874999999 0.8708296296296296 0.015182291666666596 0.018775925925925946
0 0.8974270833333333 0.8508796296296297 0.016500000000000032 0.02112407407407404
0 0.8904973958333334 0.864375 0.014526041666666718 0.019950000000000048
0 0.5832213541666667 0.6155907407407407 0.019140625 0.017601851851851844
0 0.564078125 0.5962282407407408 0.007260416666666695 0.021123148148148137
0 0.13006223958333332 0.6466888888888889 0.0158421875 0.018775925925925946
0 0.4003731770833333 0.9072083333333333 0.009901562499999983 0.018775925925925946
0 0.3891513020833333 0.9253967592592592 0.013861979166666613 0.019947222222222227
0 0.36835833333333334 0.9230495370370371 0.006601041666666714 0.02464166666666672
3 0.38684088541666667 0.9160092592592592 0.04884739583333335 0.08566666666666665
3 0.6116041666666667 0.4964796296296296 0.05742708333333333 0.12673888888888882
3 0.5792604166666666 0.5868398148148148 0.04158333333333329 0.08449259259259266
3 0.5683671874999999 0.6936291666666667 0.03696354166666668 0.06336944444444452
3 0.9046901041666667 0.8579203703703704 0.05478645833333324 0.07275740740740738
3 0.8258072916666667 0.4882648148148149 0.05544791666666669 0.09153333333333333
3 0.12511145833333334 0.6320199074074074 0.06666979166666664 0.11383055555555546
0 0.5614375 0.4055324074074074 0.01782291666666668 0.017601851851851844
2 0.5657291666666666 0.3943837962962963 0.03036458333333331 0.07510462962962963
0 0.8456093750000001 0.34098888888888895 0.0066041666666667 0.026990740740740773
0 0.8485807291666667 0.3585921296296296 0.008578125000000015 0.024643518518518526
