0 0.8383489583333333 0.2963962962962963 0.010562499999999985 0.015255555555555555
0 0.8307578125 0.2987430555555556 0.019140625 0.0176027777777778
0 0.8456119791666666 0.33042777777777776 0.013203124999999953 0.05280740740740739
0 0.8116145833333334 0.32280000000000003 0.016500000000000032 0.04694074074074071
4 0.8258072916666668 0.3404023148148148 0.06996874999999995 0.11735092592592596
0 0.76771875 0.5522212962962963 0.009239583333333337 0.02229629629629623
0 0.7462630208333334 0.5428333333333334 0.020463541666666647 0.015255555555555555
0 0.7432942708333333 0.5575018518518519 0.021119791666666762 0.018775925925925946
0 0.609625 0.5187763888888889 0.012541666666666628 0.016428703703703647
0 0.58321875 0.5123217592592593 0.007260416666666695 0.019949074074074143
0 0.5571484375 0.7176861111111112 0.01320312500000007 0.015255555555555555
0 0.5498854166666668 0.5727578703703705 0.00791666666666669 0.021123148148148137
0 0.5700208333333333 0.5909472222222222 0.01782291666666668 0.015255555555555555
0 0.11554010416666666 0.6196981481481482 0.015842708333333337 0.018775925925925946
0 0.4785950520833333 0.7681472222222222 0.007921354166666639 0.01994999999999994
0 0.46209244791666665 0.7845763888888889 0.014522395833333352 0.01760277777777775
3 0.6010442708333333 0.4782902777777778 0.05610937499999989 0.13730092592592597
3 0.7489036458333334 0.5252305555555556 0.05610937500000001 0.11148333333333338
3 0.5657265625 0.5657166666666666 0.04356770833333338 0.08214629629629626
3 0.5581380208333333 0.7041907407407408 0.036307291666666686 0.05867592592592593
3 0.4653927083333333 0.7675601851851852 0.040926041666666656 0.07275740740740738
3 0.1175203125 0.5997486111111111 0.05808854166666667 0.12439166666666664
0 0.5436171875 0.38323564814814814 0.015182291666666596 0.02229722222222224
2 0.5498854166666668 0.37443472222222224 0.03036458333333331 0.07510462962962963
3 0.8690442708333334 0.9523875 0.054786458333333364 0.08331759259259254
1 0.3637375 0.031182548287037044 0.04752708333333331 0.06219601453703704
