0 0.8277864583333333 0.293462037037037 0.010562499999999985 0.014081481481481507
0 0.8201953125 0.29756944444444444 0.020463541666666647 0.015255555555555555
0 0.8350494791666667 0.3263203703703704 0.01320312500000007 0.05632777777777778
0 0.802703125 0.31927916666666667 0.01452083333333339 0.05163425925925925
4 0.8172265625 0.3380555555555556 0.06865104166666663 0.11265740740740743
0 0.7294322916666668 0.6179375 0.009239583333333337 0.024643518518518422
0 0.7066588541666666 0.6114837962962962 0.021786458333333415 0.014082407407407358
0 0.7053385416666667 0.6290861111111111 0.019145833333333445 0.018775925925925946
0 0.5858619791666667 0.5170162037037038 0.013859375000000066 0.017602777777777853
0 0.5627578124999999 0.5105615740740741 0.008578125000000015 0.01877685185185185
0 0.5568177083333334 0.6642916666666666 0.012541666666666748 0.016429629629629655
0 0.5703489583333334 0.6543166666666668 0.009239583333333337 0.01994999999999994
0 0.7700286458333333 0.9506249999999999 0.01122395833333331 0.023472222222222137
0 0.5419635416666667 0.5762782407407407 0.014520833333333271 0.016428703703703647
0 0.5660572916666666 0.588012962962963 0.016500000000000032 0.018775925925925946
0 0.11554010416666666 0.6138305555555555 0.015842708333333337 0.01642962962962955
0 0.4759544270833333 0.7388097222222222 0.010561979166666664 0.01760277777777775
0 0.4564815104166667 0.7493708333333334 0.011221354166666645 0.01760277777777775
3 0.7099583333333332 0.5997486111111111 0.05742708333333333 0.11735092592592586
3 0.5805807291666667 0.47183564814814816 0.052151041666666606 0.12908611111111112
3 0.553515625 0.5645430555555556 0.05479166666666663 0.08683981481481486
3 0.558796875 0.6525560185185186 0.034989583333333366 0.06336944444444441
3 0.46473281250000004 0.734701851851852 0.044886458333333344 0.07275740740740749
3 0.7597994791666667 0.9606046296296297 0.05808854166666665 0.07158703703703691
3 0.11818046874999999 0.5874263888888889 0.05940885416666668 0.1373009259259259
0 0.5479036458333333 0.3820625 0.01716145833333336 0.01760277777777775
2 0.5512057291666667 0.37443472222222224 0.02904687499999999 0.07510462962962963
1 0.29739765625000003 0.08927120370370371 0.054788020833333326 0.04928722222222223
