0 0.8172265625 0.2823138888888889 0.009244791666666667 0.012909259259259266
0 0.8089739583333333 0.2852476851851852 0.016499999999999914 0.0164287037037037
0 0.8248177083333333 0.3163458333333333 0.012541666666666748 0.05280833333333335
0 0.7918125 0.3110648148148148 0.013864583333333276 0.04928703703703705
4 0.8060026041666667 0.3286675925925926 0.06865104166666676 0.11500370370370372
0 0.6406510416666668 0.944175925925926 0.01782291666666668 0.02464814814814815
0 0.6142447916666666 0.7300078703703704 0.01121874999999998 0.016428703703703647
0 0.5931197916666666 0.7329421296296297 0.012541666666666628 0.01760277777777775
0 0.7132604166666667 0.9341981481481482 0.012541666666666628 0.021122222222222233
0 0.7050104166666666 0.9430000000000001 0.009239583333333337 0.022296296296296335
0 0.24954036458333334 0.8796305555555556 0.022443229166666672 0.019950000000000048
0 0.10365833333333334 0.6032689814814816 0.014521875000000002 0.014082407407407358
0 0.4634127604166667 0.7247273148148149 0.007921354166666639 0.02229722222222224
0 0.43634843749999996 0.7135787037037037 0.007920833333333377 0.016429629629629655
0 0.4449296875 0.7294212962962963 0.01320208333333331 0.017601851851851844
0 0.45120078124999996 0.5428328703703704 0.011221354166666645 0.01760277777777775
0 0.43964895833333334 0.5557421296296297 0.014521875000000031 0.01760277777777775
3 0.6746458333333334 0.5052805555555555 0.05016666666666663 0.11617777777777777
3 0.7258020833333333 0.943001388888889 0.05610416666666668 0.07862685185185199
3 0.65253125 0.9171851851851852 0.07063541666666673 0.12322222222222216
3 0.10365833333333334 0.5850796296296297 0.05808854166666667 0.11617777777777777
3 0.44228932291666667 0.5469407407407407 0.03960572916666667 0.06571666666666671
3 0.6033541666666666 0.7247273148148149 0.046208333333333344 0.06454351851851851
3 0.44690989583333335 0.7200333333333333 0.04752708333333331 0.08097222222222226
3 0.24789010416666665 0.854987037037037 0.056108333333333336 0.11148333333333338
0 0.6023645833333333 0.3691537037037037 0.019145833333333327 0.015255555555555555
2 0.5997239583333334 0.36152546296296295 0.028385416666666666 0.06806388888888891
1 0.20498359374999997 0.06404064814814815 0.0627098958333333 0.09505388888888888
