0 0.7578177083333334 0.27996666666666664 0.009239583333333337 0.012909259259259266
0 0.7498958333333333 0.2846606481481481 0.018479166666666675 0.0176027777777778
0 0.7640885416666666 0.3145851851851852 0.01121874999999998 0.04928703703703705
0 0.7324010416666666 0.31047824074074076 0.012541666666666628 0.048113888888888914
4 0.7469270833333332 0.32749398148148146 0.06798958333333331 0.11265648148148152
0 0.57496875 0.4882648148148149 0.009239583333333337 0.016429629629629655
0 0.5488958333333334 0.49413240740740744 0.012541666666666748 0.01642962962962955
0 0.9403359375 0.7217935185185186 0.015182291666666714 0.023470370370370332
0 0.9617890625 0.7176861111111111 0.011880208333333305 0.019950000000000048
0 0.8657421875 0.7986583333333332 0.013859374999999948 0.01994999999999994
0 0.8423098958333334 0.774014351851852 0.011880208333333423 0.017602777777777853
0 0.8446197916666667 0.7998319444444445 0.013864583333333395 0.024643518518518526
0 0.04127885416666667 0.6132439814814815 0.016502500000000003 0.01760277777777775
0 0.32050104166666665 0.8778703703703704 0.016502083333333317 0.018775925925925946
0 0.3082893229166667 0.8626148148148148 0.011881770833333328 0.018775925925925946
0 0.30036796875 0.874936574074074 0.007921354166666698 0.02229722222222224
0 0.4792549479166666 0.5569152777777777 0.007921354166666639 0.01525648148148146
0 0.46671302083333327 0.5692370370370371 0.01320208333333337 0.014081481481481454
3 0.04424924479166667 0.5909472222222222 0.06600984375 0.1302592592592592
3 0.31753046875 0.8678958333333333 0.04884739583333335 0.07862499999999997
3 0.46704296875 0.5516347222222222 0.033665104166666696 0.06806388888888891
3 0.5578072916666666 0.4694888888888889 0.05544791666666669 0.10092222222222226
3 0.850890625 0.7886837962962964 0.048843749999999984 0.06806388888888891
3 0.9489166666666667 0.7118185185185184 0.04686458333333334 0.06454259259259261
0 0.47661458333333334 0.37502083333333336 0.017162499999999997 0.0176027777777778
2 0.4815653645833333 0.36269953703703706 0.03102447916666667 0.07510462962962963
3 0.6617734375 0.9341990740740741 0.07591145833333333 0.12204629629629625
