0 0.6954375 0.9576712962962964 0.02310416666666673 0.021120370370370425
0 0.6621015625000001 0.9476944444444445 0.011880208333333423 0.03168518518518511
0 0.32710208333333335 0.4466055555555556 0.008581249999999999 0.019950000000000048
0 0.2980575520833333 0.4595138888888889 0.013861979166666672 0.017601851851851844
0 0.22907708333333332 0.5457666666666667 0.010561458333333313 0.018775925925925946
0 0.2102645833333333 0.5557421296296297 0.015182291666666684 0.01760277777777775
0 0.09342682291666667 0.6384740740740741 0.01782239583333333 0.018775925925925946
0 0.07395390625 0.6255657407407408 0.011881770833333328 0.023470370370370332
1 0.1756091145833333 0.6085495370370371 0.017163020833333348 0.012908333333333258
1 0.15712630208333334 0.6144171296296297 0.011881770833333328 0.019949074074074036
1 0.16900807291666667 0.617937962962963 0.025083854166666666 0.01994999999999994
0 0.19409192708333334 0.6461018518518519 0.018482812499999984 0.06219629629629632
0 0.1716484375 0.6502092592592593 0.009241666666666681 0.046940740740740665
0 0.14821510416666667 0.6601842592592593 0.015182291666666684 0.069237037037037
4 0.17428906249999998 0.676613425925926 0.09769479166666667 0.16077129629629625
3 0.30465859375000004 0.4460185185185185 0.061389062500000036 0.10561666666666665
3 0.21653541666666665 0.5434199074074074 0.04356666666666668 0.07275833333333329
3 0.09012630208333333 0.6202847222222223 0.0495078125 0.08566574074074075
3 0.6881770833333333 0.9242226851851851 0.06931249999999996 0.12086944444444454
0 0.3356833333333333 0.5668902777777778 0.009901041666666721 0.025817592592592628
2 0.34723489583333333 0.5704106481481481 0.03696562500000002 0.07275833333333329
