0 0.72734375 0.28425925925925927 0.011979166666666666 0.012962962962962964
0 0.7205729166666667 0.2884259259259259 0.0171875 0.01388888888888889
0 0.7169270833333333 0.34305555555555556 0.018229166666666668 0.015740740740740743
0 0.6817708333333333 0.34074074074074073 0.007291666666666667 0.05
0 0.73125 0.3212962962962963 0.007291666666666667 0.03333333333333333
0 0.75078125 0.350462962962963 0.0078125 0.04722222222222222
0 0.7208333333333333 0.31527777777777777 0.0125 0.03981481481481482
4 0.7158854166666666 0.32962962962962966 0.08072916666666667 0.11481481481481481
0 0.72109375 0.913425925925926 0.022395833333333334 0.021296296296296296
0 0.5200520833333333 0.5273148148148148 0.009895833333333333 0.017592592592592594
0 0.8638020833333333 0.7467592592592592 0.01614583333333333 0.017592592592592594
0 0.85546875 0.7236111111111111 0.009895833333333333 0.019444444444444445
0 0.0078125 0.6180555555555556 0.014583333333333334 0.015740740740740743
0 0.3260416666666667 0.6018518518518519 0.011458333333333333 0.016666666666666666
0 0.3328125 0.6143518518518519 0.007291666666666667 0.021296296296296296
0 0.31328125 0.6152777777777778 0.0140625 0.017592592592592594
0 0.4322916666666667 0.5712962962962963 0.017708333333333333 0.012962962962962964
0 0.41822916666666665 0.5768518518518518 0.008333333333333333 0.018518518518518517
0 0.4354166666666667 0.5865740740740741 0.013541666666666667 0.01388888888888889
3 0.7291666666666666 0.8865740740740741 0.06041666666666667 0.1175925925925926
3 0.5361979166666666 0.5083333333333333 0.05677083333333333 0.0925925925925926
3 0.022135416666666668 0.5986111111111111 0.043229166666666666 0.11574074074074074
3 0.865625 0.736574074074074 0.04479166666666667 0.0638888888888889
3 0.42994791666666665 0.5694444444444444 0.04010416666666666 0.06851851851851852
3 0.3169270833333333 0.6069444444444445 0.043229166666666666 0.06944444444444445
0 0.50859375 0.375 0.018229166666666668 0.016666666666666666
2 0.5072916666666667 0.3675925925925926 0.027083333333333334 0.06851851851851852
