0 0.7278645833333334 0.2847222222222222 0.0078125 0.019444444444444445
0 0.71953125 0.287962962962963 0.01614583333333333 0.012962962962962964
0 0.7177083333333333 0.34351851851851856 0.017708333333333333 0.014814814814814815
0 0.7317708333333334 0.31851851851851853 0.008333333333333333 0.031481481481481485
0 0.7515625 0.35000000000000003 0.009375 0.0462962962962963
0 0.7203125 0.31203703703703706 0.011458333333333333 0.04259259259259259
0 0.6815104166666667 0.3375 0.0078125 0.04722222222222222
4 0.7158854166666666 0.32916666666666666 0.08177083333333333 0.11388888888888889
0 0.73984375 0.8467592592592593 0.018229166666666668 0.017592592592592594
0 0.5263020833333333 0.5342592592592593 0.008854166666666666 0.020370370370370372
0 0.8421875 0.7356481481481482 0.014583333333333334 0.017592592592592594
0 0.86484375 0.7625000000000001 0.015104166666666667 0.015740740740740743
0 0.009375 0.6189814814814815 0.013541666666666667 0.017592592592592594
0 0.3515625 0.6736111111111112 0.013541666666666667 0.019444444444444445
0 0.3302083333333333 0.6805555555555556 0.0125 0.018518518518518517
0 0.43776041666666665 0.5685185185185185 0.009895833333333333 0.016666666666666666
0 0.44453125 0.5805555555555556 0.0078125 0.018518518518518517
0 0.425 0.5805555555555556 0.0125 0.016666666666666666
3 0.8510416666666667 0.7550925925925926 0.04791666666666666 0.06574074074074074
3 0.74296875 0.8162037037037038 0.05572916666666666 0.10833333333333334
3 0.5432291666666667 0.5171296296296296 0.04895833333333333 0.09351851851851853
3 0.021354166666666667 0.5995370370370371 0.041666666666666664 0.12314814814814816
3 0.4302083333333333 0.5712962962962963 0.04479166666666667 0.07037037037037037
3 0.34375 0.6689814814814815 0.04479166666666667 0.0712962962962963
0 0.50859375 0.37453703703703706 0.0171875 0.015740740740740743
2 0.5065104166666666 0.3675925925925926 0.025520833333333333 0.06851851851851852
0 0.7630208333333334 0.8314814814814815 0.007291666666666667 0.02592592592592593
