0 0.6571510416666667 0.29580925925925927 0.01121874999999998 0.016429629629629655
0 0.6479114583333333 0.2999162037037037 0.017822916666666563 0.0176027777777778
0 0.6469192708333333 0.3597657407407408 0.01716145833333336 0.015255555555555555
0 0.6502213541666666 0.3286671296296297 0.013203124999999953 0.04459351851851852
0 0.6601223958333333 0.3351217592592593 0.00792187500000002 0.03168425925925925
0 0.6819036458333334 0.3650462962962963 0.007921874999999901 0.04694074074074077
0 0.6086328125 0.35800509259259256 0.00792187500000002 0.0516342592592593
4 0.644609375 0.3433365740740741 0.08515625 0.1208712962962963
0 0.7092994791666667 0.460100462962963 0.015182291666666714 0.021123148148148137
0 0.6835572916666666 0.46538148148148145 0.01782291666666668 0.019949999999999992
0 0.8723437500000001 0.8373842592592593 0.016500000000000032 0.017601851851851844
0 0.8522109374999999 0.8262356481481481 0.009244791666666667 0.025817592592592524
0 0.7535286458333333 0.5492875 0.015182291666666596 0.016428703703703647
0 0.73834375 0.5269907407407408 0.008583333333333224 0.02112407407407404
3 0.8654140625 0.8215421296296297 0.04884895833333332 0.06806388888888891
3 0.7498958333333333 0.5264041666666667 0.03564583333333336 0.07158425925925929
3 0.6941171875 0.43956435185185183 0.05874479166666665 0.09505462962962963
3 0.5122606770833333 0.5164291666666667 0.051489062500000016 0.09622870370370373
0 0.42446692708333333 0.39614444444444447 0.018482812500000043 0.015255555555555555
2 0.4205059895833333 0.38910324074074076 0.03168489583333335 0.07393055555555553
