0 0.6555 0.29698287037037036 0.009239583333333337 0.0164287037037037
0 0.6482421875 0.30050324074074075 0.018484374999999886 0.0164287037037037
0 0.6459296875 0.35917870370370375 0.019140625 0.014081481481481454
0 0.6485703125000001 0.3304277777777778 0.009901041666666662 0.04342037037037038
0 0.6607838541666666 0.3339486111111111 0.00792187500000002 0.036378703703703746
0 0.6819036458333334 0.36680648148148143 0.007921874999999901 0.0504611111111111
0 0.6089635416666667 0.35565833333333335 0.008583333333333342 0.05398148148148149
4 0.644609375 0.34450972222222226 0.08515625 0.1208712962962963
0 0.6861953125 0.45716712962962963 0.020463541666666765 0.01760277777777775
0 0.6723333333333333 0.43839074074074075 0.012541666666666748 0.017601851851851844
0 0.6647447916666667 0.4477787037037037 0.010562499999999985 0.019950000000000048
0 0.9093098958333333 0.6695722222222221 0.011223958333333428 0.022296296296296335
0 0.8505625 0.7863365740740741 0.012541666666666628 0.01642870370370375
0 0.8274583333333333 0.7798824074074073 0.013864583333333276 0.022296296296296335
0 0.6822343750000001 0.7118185185185184 0.008583333333333342 0.015255555555555555
0 0.6759635416666666 0.7288342592592593 0.014520833333333271 0.018775925925925946
0 0.6528619791666666 0.7294212962962963 0.009244791666666667 0.017601851851851844
0 0.7961015625 0.48533101851851856 0.01320312500000007 0.01760277777777775
0 0.7766276041666667 0.4765296296296297 0.00990104166666678 0.018775925925925998
3 0.5215013020833333 0.5146689814814814 0.05676822916666667 0.1020953703703704
3 0.6696927083333333 0.7212069444444444 0.053468750000000044 0.0715842592592592
3 0.9175625 0.6613578703703703 0.03432291666666672 0.05515462962962964
3 0.837359375 0.7781222222222223 0.05214583333333327 0.06571666666666671
3 0.7868619791666667 0.4730092592592593 0.047526041666666664 0.07275740740740744
3 0.6838854166666666 0.4284157407407408 0.054125000000000034 0.09622777777777783
0 0.42413671875 0.39731759259259264 0.019143229166666664 0.015255555555555555
2 0.4195158854166666 0.3885166666666667 0.029704687500000007 0.07745185185185188
