0 0.9512265625 0.42841574074074074 0.019807291666666654 0.018775925925925894
0 0.9304348958333333 0.4055324074074074 0.015182291666666714 0.019949999999999992
0 0.9228437500000001 0.4190277777777778 0.014520833333333271 0.021124074074074094
0 0.6413098958333333 0.47653009259259255 0.009901041666666662 0.021123148148148137
0 0.32281145833333336 0.8045259259259259 0.010561458333333343 0.01994999999999994
0 0.33931406249999996 0.8209550925925926 0.023763541666666714 0.01760277777777775
0 0.32182135416666663 0.6830675925925925 0.015182291666666655 0.016429629629629655
3 0.6640833333333334 0.43663055555555563 0.06996875000000008 0.14786296296296303
3 0.9446249999999999 0.3967310185185185 0.06205208333333338 0.11031018518518518
3 0.32314140625 0.6502092592592594 0.06138906249999998 0.15020925925925926
3 0.33832369791666667 0.7922041666666667 0.06138906249999998 0.11735092592592596
0 0.3152200520833333 0.8133273148148148 0.009901562499999983 0.02816388888888892
0 0.8980885416666666 0.26588472222222226 0.01782291666666668 0.024643518518518526
2 0.9050182291666666 0.25708333333333333 0.036963541666666565 0.08214629629629631
