0 0.6515416666666667 0.3069574074074074 0.010562499999999985 0.015255555555555555
0 0.6439505208333334 0.3098912037037037 0.01650520833333336 0.014082407407407412
0 0.6409791666666667 0.3703268518518518 0.018479166666666675 0.015255555555555555
0 0.644609375 0.34098935185185186 0.012541666666666748 0.045767592592592624
0 0.6545104166666667 0.34509675925925926 0.008583333333333342 0.03989907407407408
0 0.6769557291666667 0.37795462962962967 0.008578125000000015 0.05398148148148149
0 0.6036822916666666 0.36680648148148143 0.007260416666666695 0.05280740740740739
4 0.6393307291666666 0.35683148148148147 0.08515104166666668 0.11969814814814815
0 0.7660677083333333 0.45716666666666667 0.01121874999999998 0.019949999999999992
0 0.7452760416666667 0.44484490740740745 0.019802083333333324 0.014082407407407412
0 0.7416458333333333 0.46186064814814815 0.01782291666666668 0.0176027777777778
0 0.5066489583333333 0.5334449074074075 0.011221874999999966 0.012908333333333362
0 0.47826484375 0.5375523148148148 0.011221354166666704 0.01642870370370375
0 0.7746484375 0.7100583333333335 0.015182291666666714 0.016429629629629655
0 0.75946875 0.6983236111111111 0.008583333333333342 0.021123148148148137
0 0.8109557291666666 0.7898574074074075 0.015182291666666596 0.01877592592592584
0 0.7901614583333334 0.7822291666666668 0.011885416666666633 0.022297222222222135
0 0.6931276041666667 0.4753564814814815 0.011880208333333305 0.016429629629629603
0 0.6759661458333334 0.46538148148148145 0.00792187500000002 0.019949999999999992
0 0.7479140624999999 0.38558287037037037 0.011880208333333423 0.0176027777777778
0 0.735375 0.3767814814814815 0.010562499999999985 0.018775925925925894
0 0.7291015625 0.3879296296296296 0.00990104166666678 0.019950000000000048
3 0.4901458333333333 0.509387962962963 0.06270833333333332 0.09388148148148154
3 0.7426354166666668 0.37854166666666667 0.04092708333333341 0.06454259259259261
3 0.7515468749999998 0.43663055555555563 0.058749999999999976 0.09622777777777777
3 0.773 0.6983231481481481 0.03960416666666665 0.06102222222222222
3 0.8017135416666666 0.774601388888889 0.04686458333333334 0.06102314814814823
3 0.6875182291666667 0.46186111111111106 0.04026562499999997 0.06219629629629627
0 0.4191859375 0.4067055555555556 0.019803124999999967 0.015255555555555555
2 0.4158854166666667 0.40025138888888884 0.03168437500000003 0.07510462962962963
