0 0.6139166666666666 0.31223842592592593 0.010562499999999985 0.0164287037037037
0 0.6056640625 0.31575879629629633 0.017817708333333352 0.0164287037037037
0 0.6033541666666666 0.3750212962962963 0.019802083333333324 0.015255555555555555
0 0.6056640625 0.34275000000000005 0.007265624999999905 0.042246296296296275
0 0.6188645833333334 0.35331111111111113 0.007260416666666695 0.037551851851851836
0 0.639328125 0.381475462962963 0.007260416666666695 0.04928796296296296
0 0.567046875 0.371500462962963 0.009239583333333337 0.05280833333333335
4 0.6013723958333334 0.36035231481481483 0.08449479166666668 0.11735092592592596
0 0.61490625 0.43897731481481483 0.019145833333333327 0.014082407407407412
0 0.6158958333333333 0.4554064814814815 0.017166666666666684 0.016429629629629655
0 0.46440286458333335 0.4108134259259259 0.009901562499999983 0.0164287037037037
0 0.4914669270833334 0.41316018518518516 0.012542187500000008 0.018775925925925894
0 0.6865260416666668 0.4911986111111111 0.009239583333333337 0.019949074074074143
0 0.6637526041666668 0.4759430555555555 0.009901041666666662 0.01525648148148146
0 0.6700234374999999 0.4947194444444445 0.013203124999999953 0.015255555555555555
0 0.7056692708333333 0.6390611111111111 0.013203124999999953 0.015255555555555555
0 0.6116041666666666 0.4659680555555556 0.007260416666666695 0.014082407407407412
0 0.5957604166666667 0.48005046296296305 0.012541666666666748 0.0164287037037037
0 0.7076484375 0.390863425925926 0.013203124999999953 0.014082407407407412
0 0.698078125 0.3803018518518519 0.01121874999999998 0.018775925925925946
0 0.6898255208333333 0.39086342592592593 0.00792187500000002 0.01877685185185185
3 0.47694453125 0.3885162037037037 0.06667031249999997 0.09857499999999997
3 0.7043489583333333 0.3838226851851852 0.04356250000000005 0.06336944444444441
3 0.6720052083333333 0.48533101851851856 0.03960416666666665 0.059849074074074075
3 0.7056692708333333 0.6261523148148148 0.03564062499999991 0.05515462962962964
3 0.6119348958333333 0.4237217592592593 0.04620312500000002 0.09388055555555558
3 0.5993932291666667 0.46890185185185185 0.034328124999999925 0.05515555555555554
0 0.38222031250000005 0.41492083333333335 0.019803125000000026 0.0176027777777778
2 0.3779296875 0.4055324074074074 0.03102499999999999 0.07158333333333333
