0 0.6083046875000001 0.312825 0.009901041666666662 0.012909259259259266
0 0.6013723958333335 0.3163458333333333 0.018484375000000004 0.01760277777777775
0 0.5984010416666665 0.3767814814814815 0.01782291666666668 0.014081481481481507
0 0.6013749999999999 0.3468569444444445 0.010562499999999985 0.04576759259259257
0 0.6139140624999999 0.34861712962962965 0.00792187500000002 0.03989907407407408
0 0.6337187499999999 0.38323564814814814 0.009239583333333337 0.04811388888888886
0 0.5607786458333334 0.3709138888888889 0.005942708333333376 0.04694074074074077
4 0.5974140625000001 0.36152546296296295 0.08449479166666668 0.11735092592592596
0 0.6040130208333333 0.44601851851851854 0.018484375000000004 0.014081481481481454
0 0.6046744791666666 0.4618611111111111 0.018484375000000004 0.015255555555555555
0 0.5845416666666666 0.45305972222222224 0.008583333333333342 0.021123148148148137
0 0.5630885416666667 0.4689023148148148 0.010562499999999985 0.01760277777777775
0 0.6749765624999999 0.4947189814814815 0.009901041666666662 0.01760277777777775
0 0.6683749999999999 0.5064541666666666 0.007260416666666695 0.019949074074074143
0 0.6855364583333333 0.5158425925925926 0.012541666666666628 0.015255555555555555
0 0.7248125 0.636713888888889 0.013197916666666623 0.01994999999999994
0 0.7069895833333334 0.6290861111111111 0.009239583333333337 0.018775925925925946
0 0.6122656249999999 0.49295925925925926 0.008583333333333342 0.018775925925925946
0 0.5855312499999998 0.4794638888888889 0.00791666666666669 0.015255555555555503
0 0.5931197916666666 0.49413240740740744 0.012541666666666628 0.01642962962962955
0 0.69246875 0.380888425925926 0.010562499999999985 0.0176027777777778
0 0.7026979166666666 0.3926236111111111 0.013864583333333395 0.012908333333333362
0 0.6865260416666668 0.391450462962963 0.00791666666666669 0.01760277777777775
3 0.6832265625 0.5058675925925926 0.042244791666666615 0.05632777777777784
3 0.7185416666666666 0.6267388888888888 0.04158333333333329 0.05867592592592593
3 0.6997265625 0.38616944444444445 0.04356770833333326 0.06102222222222222
3 0.5987317708333334 0.4325231481481482 0.047526041666666664 0.09974814814814816
3 0.5964218750000001 0.48533101851851856 0.04290624999999994 0.059849074074074075
3 0.5624270833333334 0.43839074074074075 0.048843749999999984 0.09740185185185182
0 0.37627942708333334 0.41550740740740744 0.019802604166666644 0.016429629629629655
2 0.37264895833333334 0.4078791666666667 0.03234479166666671 0.07158425925925929
