0 0.26953125 0.7800925925925927 0.015104166666666667 0.019444444444444445
0 0.23906249999999998 0.7856481481481482 0.017708333333333333 0.021296296296296296
0 0.0046875 0.6935185185185185 0.008333333333333333 0.020370370370370372
0 0.8984375 0.5027777777777778 0.013541666666666667 0.016666666666666666
0 0.8770833333333333 0.4935185185185185 0.009375 0.018518518518518517
0 0.3208333333333333 0.6888888888888889 0.011458333333333333 0.022222222222222223
2 0.3325520833333333 0.6935185185185185 0.03802083333333333 0.061111111111111116
3 0.8971354166666666 0.47824074074074074 0.05364583333333333 0.09166666666666667
3 0.006510416666666667 0.6856481481481482 0.011979166666666666 0.06759259259259259
3 0.27265625 0.7282407407407407 0.05572916666666666 0.1175925925925926
3 0.2526041666666667 0.7555555555555555 0.06458333333333333 0.09814814814814815
