0 0.5644062499999999 0.29815601851851853 0.010562499999999985 0.0164287037037037
0 0.5551666666666667 0.3010902777777778 0.019802083333333324 0.01760277777777775
0 0.5568177083333334 0.3351217592592593 0.012541666666666748 0.048113888888888914
0 0.5696875000000001 0.342162962962963 0.009239583333333337 0.04342037037037038
0 0.5941119791666666 0.37795509259259263 0.00792187500000002 0.04928796296296296
0 0.51093984375 0.3679800925925926 0.009241145833333301 0.04576759259259257
0 0.5528567708333334 0.3697402777777778 0.020463541666666765 0.01877685185185185
0 0.567046875 0.4653814814814815 0.02112499999999997 0.012909259259259266
0 0.5667187499999999 0.4829837962962963 0.021781249999999967 0.017602777777777853
0 0.53965625 0.47183564814814816 0.0072604166666665765 0.01877685185185185
0 0.5178708333333333 0.4865046296296296 0.013862499999999993 0.01994999999999994
0 0.7634270833333333 0.6414078703703704 0.01121874999999998 0.019949074074074143
0 0.7403255208333333 0.6414078703703703 0.013859375000000066 0.02229722222222224
0 0.7086380208333334 0.6502092592592593 0.009901041666666662 0.018775925925925946
0 0.684875 0.6496226851851852 0.012541666666666628 0.019949074074074036
0 0.6548411458333334 0.4911986111111111 0.010557291666666658 0.01760277777777775
0 0.63140625 0.48181064814814817 0.012541666666666628 0.01994907407407409
0 0.6581432291666667 0.37326064814814813 0.011880208333333305 0.0164287037037037
0 0.6716744791666667 0.3849958333333333 0.013859375000000066 0.0164287037037037
0 0.65253125 0.38675601851851854 0.0112187500000001 0.0176027777777778
3 0.6693619791666666 0.37619444444444444 0.04884895833333332 0.06923703703703706
3 0.7482447916666667 0.6337805555555556 0.053468750000000044 0.06571666666666671
3 0.6947760416666666 0.6431680555555556 0.04818749999999999 0.06806388888888891
3 0.6432890625 0.4782902777777778 0.05082812500000008 0.07862499999999997
3 0.5660572916666666 0.4507125 0.053468750000000044 0.11031018518518518
3 0.5211703125 0.4542333333333334 0.050826041666666676 0.10796296296296294
0 0.30036796875 0.41668055555555555 0.02112343750000001 0.016429629629629655
2 0.2964075520833333 0.4072925925925926 0.035645312499999984 0.08214629629629631
4 0.5525255208333333 0.35272453703703704 0.09505312499999997 0.13260648148148152
