0 0.5601171875000001 0.29698287037037036 0.01122395833333331 0.014082407407407412
0 0.5521953125 0.3010902777777778 0.020463541666666647 0.01760277777777775
0 0.5528567708333334 0.33394814814814816 0.01122395833333331 0.05280740740740739
0 0.5908098958333333 0.3785416666666667 0.00792187500000002 0.05280740740740739
0 0.5079692708333333 0.36680648148148143 0.008581249999999999 0.0504611111111111
0 0.550546875 0.3691537037037037 0.019802083333333324 0.015255555555555555
4 0.54823515625 0.35331111111111113 0.09439427083333332 0.13377962962962966
0 0.6885078124999999 0.47183564814814816 0.01716145833333336 0.01877685185185185
0 0.6591328124999999 0.46714212962962964 0.013859374999999948 0.021123148148148085
0 0.46605286458333334 0.41726712962962964 0.014522395833333352 0.0176027777777778
0 0.44096927083333337 0.4061194444444445 0.009241666666666681 0.018775925925925894
0 0.7710182291666666 0.6343666666666666 0.013203124999999953 0.019950000000000048
0 0.7918098958333334 0.6437550925925926 0.015182291666666596 0.01760277777777775
0 0.6908151041666667 0.6560768518518518 0.015182291666666714 0.01642962962962955
0 0.6753046875000001 0.6443421296296297 0.009244791666666667 0.021123148148148245
0 0.7000572916666667 0.42665555555555557 0.0112187500000001 0.017601851851851844
0 0.5908125000000001 0.3421625 0.011885416666666633 0.0176027777777778
0 0.5802499999999999 0.3298412037037038 0.009239583333333337 0.0164287037037037
3 0.4620921875 0.38616944444444445 0.054128124999999964 0.11030925925925927
3 0.6894973958333334 0.41961435185185186 0.04950520833333331 0.07862500000000003
3 0.5891614583333333 0.3316013888888889 0.04686458333333334 0.07158425925925929
3 0.6904869791666667 0.6419949074074074 0.04356770833333326 0.0704101851851852
3 0.7862005208333334 0.6320199074074074 0.05280729166666672 0.069237962962963
3 0.6766249999999999 0.4495393518518519 0.06864583333333331 0.11031018518518523
0 0.29574739583333337 0.41726712962962964 0.021122916666666686 0.0176027777777778
2 0.2924466145833333 0.4061189814814815 0.035645312499999984 0.07979907407407406
