0 0.6479088541666668 0.43663055555555563 0.015182291666666596 0.018775925925925894
0 0.6254661458333333 0.4419115740740741 0.020463541666666647 0.01760277777777775
0 0.7865312499999999 0.5463537037037037 0.0112187500000001 0.019950000000000048
0 0.7555078125 0.5445930555555555 0.013859375000000066 0.021123148148148137
0 0.6746458333333334 0.47887685185185186 0.010562499999999985 0.018775925925925946
0 0.6465885416666667 0.46538148148148145 0.012541666666666628 0.019949999999999992
0 0.65253125 0.4812240740740741 0.012541666666666748 0.018775925925925894
0 0.7581484374999999 0.4090532407407408 0.011223958333333428 0.0176027777777778
0 0.7700286458333333 0.42137500000000006 0.015182291666666596 0.016429629629629603
0 0.7508880208333333 0.41961481481481483 0.009901041666666662 0.019949999999999992
0 0.9350546875 0.28407407407407403 0.01650520833333336 0.021124074074074094
2 0.9449557291666667 0.2823138888888889 0.04158854166666662 0.08566666666666665
3 0.7673880208333334 0.4137472222222222 0.05082812500000008 0.07627777777777778
3 0.7726692708333334 0.5211231481481482 0.06930729166666663 0.1243925925925926
3 0.6360286458333334 0.4172675925925926 0.0640260416666667 0.1208722222222222
3 0.6594609375 0.4724226851851852 0.052807291666666596 0.07627870370370374
