0 0.5607786458333334 0.29815601851851853 0.009901041666666662 0.0164287037037037
0 0.5512057291666667 0.3016768518518519 0.01716145833333336 0.018775925925925894
0 0.553515625 0.3351217592592593 0.013864583333333276 0.045767592592592624
0 0.5069791666666666 0.3679800925925926 0.010561458333333343 0.05280833333333335
0 0.5502161458333333 0.3691537037037037 0.020463541666666647 0.015255555555555555
0 0.5901536458333333 0.37795509259259263 0.00792187500000002 0.05163425925925925
4 0.5479059895833333 0.3544847222222222 0.09637552083333337 0.13143240740740741
0 0.6640833333333334 0.4424981481481482 0.02112499999999997 0.016429629629629603
0 0.5205119791666667 0.32103935185185184 0.009903125000000006 0.0176027777777778
0 0.7680494791666667 0.5668902777777779 0.015182291666666714 0.01642870370370375
0 0.7489036458333334 0.5481138888888889 0.009901041666666662 0.02581666666666662
0 0.6921380208333333 0.6813074074074075 0.015182291666666714 0.017601851851851844
3 0.6746458333333334 0.38206203703703706 0.046208333333333344 0.06454259259259261
3 0.5353645833333334 0.3016768518518519 0.06205208333333333 0.11265740740740743
3 0.7624375000000001 0.5475268518518518 0.04356250000000005 0.069237037037037
3 0.6663932291666667 0.4125731481481481 0.052151041666666606 0.09974814814814816
3 0.6914765625 0.6666388888888889 0.04026562499999997 0.06571666666666671
0 0.2950872395833333 0.41609398148148147 0.019802604166666644 0.0176027777777778
2 0.292446875 0.4072925925925926 0.033005208333333334 0.07979814814814812
