0 0.6059947916666667 0.293462037037037 0.011885416666666752 0.016429629629629603
0 0.5967526041666666 0.2987430555555556 0.018484375000000004 0.0176027777777778
0 0.5954322916666667 0.3644597222222222 0.018479166666666675 0.0176027777777778
0 0.6350390625000001 0.37267453703703707 0.00792187500000002 0.048113888888888914
0 0.5984036458333333 0.32984074074074077 0.013859374999999948 0.04694074074074077
0 0.5528541666666666 0.36387268518518523 0.007260416666666695 0.04928796296296296
4 0.5934505208333334 0.34861712962962965 0.09373437500000001 0.12673981481481483
0 0.6937864583333334 0.4301763888888889 0.010562499999999985 0.0176027777777778
0 0.7027005208333333 0.4565800925925926 0.020463541666666647 0.01877685185185185
0 0.727453125 0.4466050925925926 0.010562499999999985 0.024643518518518526
0 0.5360234374999999 0.332187962962963 0.009244791666666667 0.018775925925925894
0 0.7370234375 0.5082143518518518 0.01122395833333331 0.021123148148148137
0 0.7419765625 0.5346185185185185 0.013203124999999953 0.01994999999999994
0 0.7627682291666666 0.5299245370370371 0.008578125000000015 0.02229722222222224
0 0.7931328125 0.7024305555555556 0.01650520833333336 0.017601851851851844
0 0.7980833333333334 0.7176861111111111 0.013197916666666623 0.019950000000000048
0 0.775640625 0.7182731481481481 0.01452083333333339 0.023470370370370332
0 0.35119557291666664 0.3697402777777778 0.00924114583333336 0.01877685185185185
0 0.3353533854166667 0.3615259259259259 0.018482812499999984 0.016429629629629603
0 0.3307325520833333 0.3767814814814815 0.014522395833333293 0.016429629629629603
0 0.34723489583333333 0.4078791666666667 0.019803125000000026 0.01760277777777775
3 0.33799375000000004 0.3585916666666667 0.04620729166666664 0.06219629629629632
3 0.556484375 0.3098912037037037 0.060729166666666674 0.09857500000000001
3 0.7083098958333333 0.4260689814814815 0.05676562500000001 0.10561574074074075
3 0.7465937500000001 0.5222967592592593 0.046208333333333344 0.06806388888888891
3 0.7835598958333333 0.7036041666666666 0.05280729166666672 0.07862500000000007
2 0.34690494791666665 0.39966481481481486 0.03366510416666664 0.07862592592592593
