0 0.6086328125 0.2342 0.011880208333333305 0.01290925925925924
0 0.6000520833333333 0.24006759259259264 0.019802083333333324 0.015255555555555581
0 0.6007135416666666 0.2717523148148148 0.011885416666666633 0.04576759259259257
0 0.6373489583333334 0.3145851851851852 0.005937500000000047 0.04928703703703705
0 0.5568177083333333 0.30578379629629626 0.008583333333333342 0.05515462962962959
0 0.5974114583333333 0.30578379629629626 0.02112499999999997 0.0176027777777778
4 0.5951041666666667 0.28876805555555557 0.09307291666666669 0.13143240740740744
0 0.7129296874999999 0.39790462962962964 0.021119791666666644 0.018775925925925894
0 0.695109375 0.37619444444444444 0.010562499999999985 0.019949999999999992
0 0.6894973958333334 0.38558287037037037 0.008578125000000015 0.01994907407407409
0 0.5406432291666667 0.28055324074074073 0.011880208333333305 0.014082407407407412
0 0.7225026041666667 0.48239722222222226 0.01122395833333331 0.018775925925925946
0 0.6997291666666666 0.45540694444444446 0.009239583333333337 0.021123148148148137
0 0.7017083333333333 0.48239722222222226 0.013197916666666741 0.023470370370370384
0 0.7502265625 0.6783736111111112 0.0257447916666667 0.014082407407407464
0 0.7347135416666667 0.6860013888888888 0.010562499999999985 0.024643518518518526
0 0.7531953124999999 0.6948027777777778 0.017161458333333237 0.01877592592592584
0 0.3244614583333333 0.36445925925925926 0.008581249999999999 0.019949999999999992
0 0.34360442708333333 0.37560787037037036 0.011221354166666704 0.021123148148148137
0 0.34294453125 0.3609388888888889 0.023103645833333353 0.015255555555555555
0 0.35581640625 0.6742662037037037 0.014522395833333352 0.019949074074074143
0 0.33964374999999997 0.6613578703703703 0.011221875000000025 0.017602777777777853
0 0.3340330729166666 0.676026388888889 0.013201562500000048 0.021123148148148137
0 0.35053541666666665 0.3486171296296296 0.019803124999999967 0.0164287037037037
3 0.7096302083333333 0.36621944444444443 0.05677083333333333 0.10796296296296298
3 0.7086406249999999 0.47242222222222224 0.04818749999999999 0.0692370370370371
3 0.7485755208333333 0.676026388888889 0.047526041666666664 0.08214537037037035
3 0.35119557291666664 0.6642912037037038 0.05676822916666667 0.08683981481481474
3 0.33865390625 0.3679800925925926 0.04620677083333333 0.062195370370370366
2 0.3449247395833333 0.33570879629629635 0.03366510416666664 0.07510462962962963
3 0.54097421875 0.25297592592592594 0.05346822916666666 0.09974814814814813
