0 0.735375 0.18843287037037038 0.009239583333333337 0.017602777777777773
0 0.7258020833333333 0.19136666666666666 0.01782291666666668 0.018775925925925918
0 0.7264635416666666 0.22246481481481484 0.008583333333333342 0.041072222222222204
0 0.7611171875 0.2647115740740741 0.009244791666666667 0.048113888888888914
0 0.6832265625 0.254149537037037 0.00792187500000002 0.0504601851851852
0 0.7225026041666667 0.2547361111111111 0.020463541666666647 0.016429629629629655
4 0.7218411458333333 0.23654675925925928 0.09043229166666672 0.12556574074074076
0 0.8416510416666667 0.3392291666666667 0.01452083333333339 0.021123148148148137
0 0.8192057291666667 0.32573379629629634 0.021119791666666762 0.0176027777777778
0 0.8152447916666666 0.342162962962963 0.02112499999999997 0.019950000000000048
0 0.6465911458333333 0.23243981481481482 0.009901041666666662 0.016429629629629603
0 0.6201875 0.2359601851851852 0.012541666666666628 0.01642962962962963
0 0.7030286458333334 0.33336157407407413 0.010557291666666658 0.01877685185185185
0 0.6832239583333333 0.3304277777777778 0.010562499999999985 0.015255555555555555
0 0.5350338541666666 0.5111486111111112 0.015182291666666596 0.012908333333333258
0 0.5363541666666667 0.5281643518518518 0.013864583333333276 0.01877685185185185
0 0.21653541666666667 0.5252305555555556 0.01320208333333334 0.019950000000000048
0 0.49113671875000003 0.28994166666666665 0.019802604166666703 0.016429629629629655
3 0.5376744791666667 0.5093879629629628 0.036307291666666686 0.07041111111111109
3 0.6287682291666667 0.21073009259259262 0.06139062500000006 0.1020953703703704
3 0.6914765625 0.32690694444444446 0.04422395833333326 0.05515462962962964
3 0.8271276041666666 0.3163458333333333 0.0633697916666667 0.10913611111111109
3 0.20102291666666666 0.5123217592592593 0.04818749999999999 0.07862499999999997
2 0.48849635416666665 0.2823138888888889 0.03036458333333331 0.07627777777777778
