0 0.2214859375 0.44367129629629626 0.011221874999999996 0.018775925925925894
0 0.1756091145833333 0.48005 0.019802604166666675 0.018775925925925894
0 0.15580625 0.47476944444444447 0.014521875000000002 0.019949999999999992
0 0.14986536458333333 0.48885138888888885 0.015842187499999986 0.017602777777777853
0 0.3452546875 0.4031851851851852 0.01320208333333331 0.015255555555555555
0 0.33502317708333335 0.38910324074074076 0.011221354166666704 0.0176027777777778
0 0.9855520833333333 0.2711652777777778 0.02112499999999997 0.0164287037037037
3 0.34591484375000003 0.391450462962963 0.040926562500000034 0.0668898148148148
3 0.16867812499999998 0.45892685185185184 0.062709375 0.10092222222222226
3 0.2063036458333333 0.420787962962963 0.07195104166666667 0.14199444444444448
2 0.9825807291666666 0.2617773148148148 0.03234895833333328 0.07745092592592595
0 0.18848098958333334 0.43897731481481483 0.013861979166666642 0.014082407407407412
