0 0.5552083333333333 0.6069444444444445 0.008333333333333333 0.02314814814814815
0 0.5296875 0.6037037037037037 0.015625 0.012962962962962964
0 0.6411458333333333 0.5944444444444444 0.0125 0.016666666666666666
0 0.6651041666666666 0.612037037037037 0.010416666666666666 0.016666666666666666
0 0.64140625 0.6111111111111112 0.0109375 0.016666666666666666
0 0.5697916666666667 0.5407407407407407 0.011458333333333333 0.016666666666666666
0 0.5544270833333333 0.5282407407407408 0.009895833333333333 0.015740740740740743
0 0.2890625 0.5888888888888889 0.014583333333333334 0.016666666666666666
0 0.5096354166666667 0.563425925925926 0.009895833333333333 0.015740740740740743
0 0.007552083333333333 0.6282407407407408 0.009895833333333333 0.015740740740740743
0 0.9604166666666667 0.40925925925925927 0.021875 0.016666666666666666
2 0.9578125 0.4078703703703704 0.03125 0.075
3 0.4028645833333333 0.5393518518518519 0.05364583333333333 0.08981481481481482
3 0.3575520833333333 0.5277777777777778 0.06302083333333333 0.12222222222222223
3 0.30234375 0.5953703703703704 0.0453125 0.07037037037037037
3 0.010677083333333334 0.6393518518518518 0.0203125 0.08240740740740742
3 0.5682291666666667 0.5314814814814816 0.04479166666666667 0.07407407407407407
3 0.5377604166666666 0.587037037037037 0.05260416666666667 0.1
3 0.4908854166666667 0.5361111111111111 0.05572916666666666 0.11481481481481481
3 0.65078125 0.6064814814814815 0.05677083333333333 0.07777777777777778
