0 0.7766302083333334 0.35800509259259256 0.016500000000000032 0.02112314814814819
0 0.7555052083333335 0.34450972222222226 0.01782291666666668 0.01290833333333331
0 0.7508854166666665 0.3597657407407408 0.016500000000000032 0.019949999999999992
0 0.6531927083333334 0.46772870370370373 0.012541666666666748 0.01994999999999994
0 0.3568065104166667 0.7869236111111112 0.011221354166666645 0.024643518518518422
0 0.3333729166666667 0.8139143518518519 0.023763541666666655 0.01760277777777775
0 0.35746640625000003 0.6830675925925925 0.013861979166666672 0.018775925925925946
0 0.32116119791666664 0.6689856481481482 0.009901562499999983 0.021123148148148137
0 0.9169010416666666 0.2471083333333333 0.02112499999999997 0.019949999999999992
3 0.762109375 0.3286671296296297 0.06270833333333338 0.10561574074074075
3 0.34591484375000003 0.656663425925926 0.08185260416666669 0.13730092592592602
3 0.3363434895833334 0.7798824074074073 0.05346822916666666 0.10678888888888889
3 0.6386692708333332 0.41961481481481483 0.060067708333333414 0.14199444444444442
2 0.9218515625 0.24006712962962967 0.036307291666666686 0.09036018518518518
