0 0.5413046875 0.3057842592592593 0.010557291666666658 0.015255555555555555
0 0.5310729166666667 0.30871759259259257 0.01782291666666668 0.016429629629629603
0 0.5300828125 0.3791282407407407 0.019803124999999967 0.0164287037037037
0 0.5710078125 0.3873425925925926 0.00792187500000002 0.05398148148148149
0 0.5455963541666667 0.3503773148148149 0.009901041666666662 0.04107314814814813
0 0.5333828125 0.34098935185185186 0.011880208333333305 0.0504601851851852
0 0.4851958333333333 0.37912824074074075 0.009241666666666681 0.05163425925925925
4 0.5267830729166667 0.36328611111111114 0.09901718750000003 0.13260740740740742
0 0.46242239583333333 0.44484490740740745 0.013862499999999993 0.021123148148148137
0 0.43172786458333334 0.45188564814814813 0.018482812499999984 0.021123148148148137
0 0.6564895833333333 0.5234703703703704 0.012541666666666628 0.018775925925925946
0 0.6224973958333333 0.5222967592592593 0.013203124999999953 0.01642870370370375
0 0.7994036458333333 0.6725060185185184 0.017161458333333237 0.021123148148148137
0 0.8046848958333332 0.6901087962962963 0.01320312500000007 0.021123148148148245
0 0.7815807291666667 0.6877620370370371 0.013203124999999953 0.023470370370370332
0 0.7479166666666667 0.6396476851851852 0.010562500000000105 0.021123148148148137
0 0.75715625 0.6625314814814816 0.01584375000000004 0.019950000000000048
0 0.44261953125000003 0.6713324074074074 0.0178223958333333 0.023470370370370332
0 0.4076341145833333 0.6836541666666667 0.019143229166666664 0.024643518518518526
0 0.26670286458333337 0.4290027777777778 0.022443229166666672 0.019949999999999992
3 0.4412994791666666 0.4166810185185185 0.06931041666666668 0.11735092592592591
3 0.6386692708333332 0.49237222222222227 0.07458854166666656 0.12791296296296298
3 0.7597968749999999 0.6490356481481482 0.05016666666666663 0.06806388888888891
3 0.789171875 0.6713324074074074 0.04818749999999999 0.07275740740740738
3 0.42809739583333334 0.6502092592592594 0.0785520833333333 0.11969814814814815
2 0.2627424479166667 0.41961481481481483 0.038285937500000006 0.088012962962963
