0 0.76328125 0.6481481481481481 0.009895833333333333 0.020370370370370372
0 0.7953125 0.6662037037037037 0.021875 0.021296296296296296
0 0.7755208333333333 0.6805555555555556 0.014583333333333334 0.022222222222222223
3 0.7856770833333333 0.6652777777777779 0.050520833333333334 0.0712962962962963
3 0.75 0.6449074074074075 0.058333333333333334 0.06759259259259259
0 0.7385416666666667 0.6550925925925927 0.014583333333333334 0.017592592592592594
0 0.7981770833333334 0.6861111111111111 0.015104166666666667 0.018518518518518517
0 0.7330729166666666 0.6314814814814815 0.011979166666666666 0.014814814814814815
0 0.5341145833333333 0.300462962962963 0.013020833333333334 0.015740740740740743
0 0.52421875 0.30694444444444446 0.0203125 0.017592592592592594
0 0.5229166666666667 0.37453703703703706 0.020833333333333332 0.017592592592592594
0 0.5265625 0.3402777777777778 0.011458333333333333 0.049074074074074076
0 0.53828125 0.34444444444444444 0.0078125 0.04259259259259259
0 0.5640625 0.3842592592592593 0.007291666666666667 0.05185185185185186
0 0.47890625 0.375 0.0078125 0.05185185185185186
4 0.5216145833333333 0.35694444444444445 0.09739583333333333 0.13425925925925927
0 0.49140625 0.549074074074074 0.0171875 0.016666666666666666
0 0.46510416666666665 0.5319444444444444 0.020833333333333332 0.015740740740740743
0 0.46041666666666664 0.5462962962962963 0.019791666666666666 0.016666666666666666
0 0.6619791666666667 0.6717592592592593 0.015625 0.017592592592592594
0 0.6317708333333333 0.6569444444444444 0.008333333333333333 0.02314814814814815
0 0.46119791666666665 0.611574074074074 0.008854166666666666 0.026851851851851852
0 0.4354166666666667 0.6342592592592593 0.02395833333333333 0.018518518518518517
0 0.01328125 0.7708333333333334 0.021354166666666667 0.02314814814814815
0 0.02109375 0.7870370370370371 0.015104166666666667 0.020370370370370372
0 0.6247395833333333 0.6680555555555556 0.009895833333333333 0.017592592592592594
0 0.6182291666666666 0.688425925925926 0.014583333333333334 0.015740740740740743
0 0.5932291666666667 0.6865740740740741 0.009375 0.019444444444444445
0 0.26015625 0.42592592592592593 0.021354166666666667 0.018518518518518517
3 0.6583333333333333 0.6319444444444444 0.06666666666666667 0.12314814814814816
3 0.6111979166666667 0.6768518518518519 0.0546875 0.08518518518518518
3 0.47578125 0.5194444444444445 0.0703125 0.10740740740740741
3 0.43984375 0.5976851851851852 0.058854166666666666 0.10648148148148148
3 0.016666666666666666 0.7717592592592593 0.03229166666666666 0.09351851851851853
2 0.25677083333333334 0.41574074074074074 0.0375 0.08518518518518518
