0 0.5257911458333333 0.30754444444444445 0.011219791666666623 0.016429629629629603
0 0.5162213541666667 0.31165185185185185 0.018484375000000004 0.015255555555555555
0 0.5142403645833333 0.38088888888888894 0.02112343750000001 0.015255555555555555
0 0.5175408854166667 0.34275 0.014522395833333352 0.05398148148148149
0 0.5310729166666667 0.3515509259259259 0.008583333333333401 0.041072222222222225
0 0.5561562499999999 0.3873425925925926 0.007260416666666695 0.05398148148148149
0 0.4703434895833334 0.380888425925926 0.007260937499999957 0.0528083333333333
4 0.51325 0.36269953703703706 0.09835416666666662 0.13612685185185186
0 0.47694453125 0.559262037037037 0.012542187500000008 0.01994999999999994
0 0.45252083333333326 0.5422462962962963 0.02178333333333331 0.016429629629629655
0 0.44823046875 0.558088425925926 0.022443229166666672 0.01760277777777775
0 0.7010468750000001 0.7470236111111112 0.009239583333333337 0.024643518518518526
0 0.6693645833333333 0.7575856481481482 0.014520833333333271 0.019949074074074143
0 0.7842213541666666 0.6730925925925927 0.019807291666666654 0.01994999999999994
0 0.7898333333333334 0.6895217592592594 0.012541666666666628 0.02229722222222224
0 0.76540625 0.687175 0.012541666666666628 0.019950000000000048
0 0.7528671875 0.6543166666666668 0.009901041666666662 0.01994999999999994
0 0.7234921875 0.6361273148148148 0.01583854166666659 0.01642870370370375
0 0.7304218749999999 0.6601842592592593 0.013864583333333395 0.019950000000000048
0 0.4528510416666667 0.6155907407407407 0.010561458333333343 0.02933703703703701
0 0.42809713541666666 0.6396476851851852 0.024423437500000016 0.021123148148148137
0 0.31984088541666666 0.7816421296296298 0.009901562499999983 0.021123148148148137
0 0.29574739583333337 0.7998319444444446 0.017162499999999997 0.019949074074074036
0 0.6271171875 0.6772 0.009244791666666667 0.016429629629629655
0 0.6221666666666666 0.6977365740740741 0.013864583333333276 0.017602777777777853
0 0.5970833333333334 0.6989101851851852 0.01121874999999998 0.019950000000000048
0 0.25152057291666663 0.43017592592592596 0.021123437499999977 0.019949999999999992
3 0.7729999999999999 0.6707458333333334 0.05148958333333328 0.07158425925925929
3 0.735375 0.6455152777777778 0.05544791666666669 0.0727583333333334
3 0.6772864583333333 0.7206199074074076 0.07525000000000001 0.13847500000000001
3 0.6145755208333334 0.6848277777777778 0.05545312500000001 0.08566666666666665
3 0.46209244791666665 0.5305111111111112 0.06336927083333332 0.11500370370370366
3 0.4310677083333333 0.6026824074074074 0.059409375000000014 0.11148333333333327
3 0.3030083333333333 0.7804689814814816 0.0514875 0.08918611111111113
2 0.24789010416666665 0.42020092592592595 0.03894583333333334 0.0844925925925926
