0 0.5198513020833333 0.3098912037037037 0.009901562499999983 0.014082407407407412
0 0.5109390625 0.3151717592592593 0.021121874999999984 0.0176027777777778
0 0.5089596354166667 0.3849958333333333 0.018482812500000043 0.0164287037037037
0 0.5248020833333333 0.3521375 0.00791666666666669 0.03989907407407408
0 0.5122598958333333 0.34979074074074074 0.009241666666666622 0.05163518518518515
0 0.5502161458333333 0.3949708333333333 0.008578125000000015 0.057502777777777785
0 0.46572291666666665 0.3855828703703704 0.007261458333333337 0.05280833333333335
4 0.5076401041666667 0.36621990740740745 0.09637604166666668 0.13612685185185186
0 0.4759544270833333 0.5674768518518519 0.009241145833333301 0.017601851851851844
0 0.4521908854166667 0.5539814814814814 0.023764062499999974 0.014081481481481454
0 0.448890625 0.5709972222222223 0.023763541666666655 0.019950000000000048
0 0.7192005208333333 0.6936291666666667 0.015182291666666714 0.01877685185185185
0 0.6842161458333335 0.6883486111111112 0.01122395833333331 0.02229722222222224
0 0.7531953124999999 0.6631180555555556 0.013203124999999953 0.01877685185185185
0 0.7772890625 0.676613425925926 0.019140625 0.019949074074074036
0 0.7835598958333333 0.6942162037037037 0.011880208333333305 0.01760277777777775
0 0.7601276041666667 0.6918689814814815 0.013859374999999948 0.019949074074074036
0 0.44790026041666664 0.6214583333333333 0.009901562500000042 0.02464444444444443
0 0.42281640625 0.6431685185185185 0.024423437500000016 0.018775925925925946
0 0.6726640625 0.6824810185185186 0.010557291666666658 0.017602777777777853
0 0.6683749999999999 0.7006703703703704 0.012541666666666628 0.018775925925925946
0 0.6422994791666666 0.7047777777777778 0.011880208333333305 0.022296296296296335
3 0.7459348958333333 0.6513828703703705 0.047526041666666664 0.0727583333333334
3 0.7657395833333334 0.6742662037037037 0.0514895833333334 0.07393055555555558
3 0.7099583333333332 0.6607708333333334 0.06931250000000008 0.12908611111111112
3 0.6574817708333334 0.6930425925925926 0.05941145833333342 0.08566666666666665
3 0.45813177083333334 0.5369657407407408 0.060729166666666674 0.11148333333333338
3 0.42842734375 0.6103101851851852 0.05940885416666669 0.10796296296296289
0 0.24491953125 0.43545694444444444 0.02112343750000001 0.01877685185185185
2 0.24128906249999998 0.42665555555555557 0.03762604166666668 0.08801296296296295
3 0.31489010416666663 0.5956412037037038 0.047527083333333366 0.07862499999999997
