3 0.3607671875 0.4777032407407407 0.0613895833333333 0.11500462962962968
3 0.4888263020833333 0.4759430555555556 0.05742864583333335 0.07158425925925924
3 0.8815859375 0.5088013888888889 0.07195312500000005 0.13026018518518517
3 0.9485859374999999 0.460100462962963 0.06204687499999994 0.07979907407407406
0 0.8994062500000001 0.5516342592592592 0.01782291666666668 0.023470370370370332
0 0.35350598958333335 0.4982398148148148 0.020463020833333328 0.01994999999999994
0 0.37726979166666663 0.49589259259259266 0.015182291666666655 0.022296296296296335
0 0.35053567708333333 0.5176027777777777 0.018482812500000043 0.016429629629629655
0 0.9565078124999999 0.4583402777777778 0.018484375000000004 0.01760277777777775
0 0.9380260416666667 0.46538148148148145 0.01452083333333339 0.017601851851851792
0 0.9634401041666667 0.4765296296296297 0.015182291666666714 0.018775925925925998
0 0.4789247395833333 0.47242222222222224 0.013861979166666672 0.019950000000000048
0 0.49509739583333334 0.4865046296296296 0.015842708333333337 0.01994999999999994
0 0.47265416666666665 0.4888518518518519 0.010561458333333343 0.01994999999999994
