0 0.7772890625 0.676026851851852 0.019140625 0.018775925925925946
0 0.7835598958333333 0.6942162037037037 0.013203124999999953 0.01760277777777775
0 0.7597968749999999 0.6918689814814815 0.013197916666666623 0.019949074074074036
3 0.7670572916666667 0.6754398148148147 0.0514895833333334 0.07627777777777778
0 0.5201799479166667 0.31223842592592593 0.011879687499999984 0.0164287037037037
0 0.5102809895833332 0.31575879629629633 0.021125520833333352 0.0164287037037037
0 0.5082994791666666 0.3849958333333333 0.019803125000000026 0.0164287037037037
0 0.5244739583333333 0.3538981481481482 0.007260416666666695 0.03872592592592594
0 0.5492265624999999 0.39379722222222224 0.006598958333333253 0.05515555555555554
0 0.5112697916666666 0.34979074074074074 0.013862499999999993 0.04928703703703705
0 0.46407291666666667 0.3855828703703704 0.006601041666666655 0.05280833333333335
4 0.5079682291666666 0.36680648148148143 0.09703229166666667 0.13025925925925927
0 0.4713338541666667 0.5739314814814815 0.009241666666666622 0.023470370370370332
0 0.44625 0.5621958333333333 0.02244374999999999 0.014082407407407358
0 0.44294947916666666 0.5833194444444445 0.02244374999999999 0.018775925925925946
0 0.7248098958333333 0.6525564814814815 0.00792187500000002 0.023470370370370332
0 0.695109375 0.6613574074074074 0.01584374999999992 0.01994999999999994
0 0.7376848958333333 0.6226319444444445 0.008578125000000015 0.022297222222222135
0 0.4472403645833333 0.6220453703703703 0.009901562499999983 0.023470370370370332
0 0.42281640625 0.6431685185185185 0.024423437500000016 0.018775925925925946
0 0.20234322916666667 0.4336967592592593 0.013862500000000022 0.01290833333333331
0 0.6670520833333333 0.6760268518518519 0.008583333333333342 0.023470370370370437
0 0.6502213541666667 0.6948023148148149 0.01716145833333336 0.021123148148148137
3 0.45318098958333336 0.5481138888888889 0.06006927083333332 0.11735185185185186
3 0.42677682291666663 0.6144175925925927 0.05742864583333335 0.09270740740740743
3 0.21092447916666668 0.4190277777777778 0.04818750000000002 0.07510555555555559
3 0.7495651041666667 0.6308467592592593 0.04950520833333331 0.07862500000000007
3 0.7013776041666666 0.6214583333333333 0.06534895833333335 0.12321851851851855
3 0.65253125 0.6719189814814814 0.0402708333333333 0.08331944444444446
0 0.24392968750000002 0.43663055555555563 0.02178333333333334 0.016429629629629603
2 0.24062890625 0.42665555555555557 0.03630572916666666 0.08566666666666665
