3 0.4053239583333333 0.3838226851851852 0.05016770833333333 0.06806388888888891
3 0.4858559895833333 0.5293375 0.06469010416666669 0.11031018518518518
3 0.6036848958333332 0.44601851851851854 0.04950520833333331 0.08214629629629626
3 0.42116640625 0.6284990740740741 0.062049479166666664 0.1044425925925926
3 0.6921380208333333 0.5997486111111111 0.07195312500000005 0.14551574074074078
3 0.724484375 0.6132435185185185 0.042906250000000055 0.07393148148148149
3 0.7693697916666666 0.6789606481481482 0.053468750000000044 0.07862499999999997
0 0.4406393229166667 0.6414078703703703 0.009901562499999983 0.02229722222222224
0 0.41390520833333333 0.6637046296296297 0.023763541666666655 0.02464444444444443
0 0.41456510416666664 0.37854166666666667 0.019803125000000026 0.015255555555555555
0 0.41819583333333327 0.3967310185185185 0.012541666666666687 0.01877685185185185
0 0.3974026041666667 0.38616944444444445 0.010561458333333343 0.018775925925925946
0 0.6125963541666666 0.4442578703703704 0.011880208333333305 0.01760277777777775
0 0.6215078125 0.45716666666666667 0.009901041666666662 0.019949999999999992
0 0.5977421875 0.4595138888888889 0.015182291666666714 0.019949999999999992
0 0.4818953125 0.5416597222222223 0.02244374999999999 0.012908333333333258
0 0.50664921875 0.558675462962963 0.009901562500000042 0.016428703703703647
0 0.4792549479166666 0.5580888888888889 0.022443229166666672 0.019950000000000048
0 0.6690338541666667 0.627912962962963 0.009901041666666662 0.023470370370370437
0 0.7003880208333333 0.6543166666666668 0.01320312500000007 0.017601851851851844
0 0.7772890625 0.677787037037037 0.021786458333333297 0.019950000000000048
0 0.7855416666666667 0.697149537037037 0.01452083333333339 0.021123148148148137
0 0.7604557291666667 0.6924555555555556 0.013203124999999953 0.025816666666666724
0 0.7350442708333332 0.6243921296296296 0.01122395833333331 0.021123148148148137
2 0.24293932291666664 0.43135 0.03828593749999998 0.08097222222222226
0 0.24689973958333333 0.43721712962962966 0.022443229166666672 0.019949074074074036
4 0.5069786458333334 0.36915370370370376 0.09505312500000003 0.13964814814814816
0 0.5119299479166667 0.3486171296296296 0.007260937500000016 0.042247222222222235
0 0.5251302083333333 0.3568319444444445 0.007260416666666695 0.03989907407407403
0 0.5498854166666667 0.3949708333333333 0.005281249999999934 0.0504601851851852
0 0.46539296874999997 0.3867564814814815 0.007921354166666639 0.05046111111111116
0 0.5112690104166667 0.31927916666666667 0.020461979166666627 0.0164287037037037
0 0.5086294270833334 0.38616944444444445 0.021782812499999988 0.018775925925925946
