3 0.5102802083333333 0.5199495370370371 0.044887500000000045 0.08214537037037035
3 0.7703593750000001 0.6836541666666667 0.054124999999999916 0.07862499999999997
3 0.484865625 0.5269907407407407 0.06270937500000003 0.1056166666666667
3 0.42281640625 0.6349537037037037 0.06138906249999998 0.1056166666666667
3 0.6667213541666667 0.5839060185185185 0.047526041666666664 0.06454351851851851
3 0.6733255208333333 0.6290861111111111 0.06204687499999994 0.13612777777777782
0 0.4449296875 0.6466888888888889 0.010561458333333343 0.025816666666666724
0 0.4185260416666666 0.6683986111111111 0.023763541666666714 0.022297222222222135
0 0.4198460937499999 0.38264907407407406 0.011881770833333328 0.016429629629629603
0 0.40598385416666666 0.39321064814814816 0.01320208333333331 0.01877685185185185
3 0.41225494791666667 0.3849962962962963 0.04950781250000003 0.07275740740740738
0 0.42908749999999996 0.3937972222222223 0.009241666666666681 0.019949999999999992
0 0.5271119791666667 0.5222967592592593 0.008578124999999956 0.021123148148148137
0 0.5139114583333333 0.5211231481481482 0.013864583333333335 0.01642962962962955
0 0.5056591145833333 0.5545685185185185 0.007921354166666698 0.019950000000000048
0 0.48255546875 0.538725925925926 0.023764062500000033 0.014081481481481454
0 0.4812351562500001 0.5533944444444444 0.022443229166666672 0.01994999999999994
0 0.6495598958333333 0.6437550925925926 0.009244791666666667 0.024643518518518526
0 0.6726640624999999 0.6654652777777779 0.01716145833333336 0.021123148148148137
0 0.6993984374999999 0.6525564814814815 0.008578125000000015 0.023470370370370332
0 0.7802604166666666 0.6807203703703704 0.017166666666666684 0.018775925925925946
0 0.7858723958333333 0.6994967592592592 0.015182291666666714 0.021123148148148245
0 0.7624375000000001 0.6989101851851853 0.014520833333333271 0.022296296296296335
2 0.24359921875 0.43663055555555563 0.03564531250000001 0.07745185185185183
0 0.24888020833333335 0.44191111111111114 0.023763541666666683 0.019949999999999992
4 0.5119309895833334 0.36974027777777774 0.09835677083333329 0.13612685185185186
0 0.5515364583333333 0.4008384259259259 0.008583333333333342 0.045767592592592624
0 0.52678125 0.3609388888888889 0.00660416666666664 0.04342037037037038
0 0.5145703125 0.35565833333333335 0.007261458333333337 0.042246296296296275
0 0.4673731770833333 0.3949708333333333 0.007921354166666698 0.048113888888888914
0 0.512590625 0.32338657407407406 0.02046458333333335 0.01760277777777775
0 0.5106091145833334 0.39027638888888894 0.021781770833333346 0.0176027777777778
