3 0.40730416666666663 0.38910324074074076 0.040926041666666656 0.0668898148148148
3 0.46836354166666666 0.4882648148148149 0.05874895833333333 0.1196981481481481
3 0.7700286458333333 0.6824810185185186 0.05610937500000001 0.08331944444444446
3 0.598734375 0.5170157407407407 0.0448854166666667 0.06454259259259261
3 0.7092994791666667 0.5457666666666667 0.07986979166666662 0.14316851851851858
3 0.42314661458333336 0.6326064814814816 0.058089062499999976 0.1032685185185185
3 0.5584661458333334 0.4923722222222222 0.05280729166666672 0.07862592592592597
0 0.44261953125000003 0.6466888888888889 0.009901562500000042 0.025816666666666724
0 0.41885598958333337 0.6689851851851852 0.023103645833333353 0.023470370370370332
0 0.3964125 0.38968981481481485 0.009901041666666662 0.023470370370370384
0 0.4139052083333334 0.401425 0.015842708333333337 0.018775925925925946
0 0.5498854166666667 0.4911986111111111 0.013197916666666741 0.019949074074074143
0 0.5647369791666667 0.5064546296296296 0.015182291666666596 0.015255555555555555
0 0.542625 0.5029337962962963 0.010562499999999985 0.022297222222222135
0 0.47463411458333327 0.5011736111111111 0.022443229166666672 0.01877685185185185
0 0.47760468749999996 0.5217101851851852 0.01914270833333334 0.02229629629629623
0 0.6993984375 0.5774518518518519 0.015182291666666714 0.018775925925925946
0 0.7324036458333334 0.5774518518518519 0.01122395833333331 0.023470370370370332
0 0.7795989583333333 0.6813074074074075 0.019802083333333324 0.019950000000000048
0 0.786203125 0.7018439814814816 0.01452083333333339 0.021123148148148137
0 0.7611171875 0.6994967592592592 0.01583854166666659 0.021123148148148245
0 0.6040156250000001 0.529337962962963 0.01584375000000004 0.01877592592592584
0 0.5855312499999998 0.5240569444444445 0.010562499999999985 0.02229722222222224
2 0.244259375 0.43721712962962966 0.034324999999999994 0.07627870370370368
0 0.24755989583333332 0.44191111111111114 0.021122916666666686 0.019949999999999992
4 0.5106106770833333 0.37326064814814813 0.09571614583333332 0.13378055555555557
0 0.550875 0.40494537037037037 0.005937500000000047 0.042246296296296275
0 0.5271119791666667 0.3609393518518519 0.008578124999999956 0.04811388888888886
0 0.5119299479166667 0.3568319444444445 0.009901562499999983 0.04459351851851852
0 0.4677033854166667 0.39614444444444447 0.007260937500000016 0.041072222222222225
0 0.5122606770833333 0.3245601851851852 0.02112447916666671 0.017601851851851844
0 0.5099497395833333 0.391450462962963 0.020463020833333387 0.01760277777777775
