3 0.7832317708333334 0.6836541666666667 0.054786458333333364 0.07862499999999997
3 0.46275234375 0.46127407407407406 0.062049479166666664 0.10796296296296298
3 0.4218263020833333 0.3855828703703704 0.04224635416666664 0.06454351851851851
3 0.5010369791666667 0.49413240740740744 0.044884375 0.08214629629629637
3 0.6281067708333334 0.5334453703703703 0.04950520833333331 0.0692370370370371
3 0.7432942708333333 0.6015083333333334 0.06732812499999999 0.13495370370370371
3 0.4346984375 0.6367138888888889 0.05874895833333333 0.1044425925925926
0 0.43139765625 0.6713328703703705 0.024423437500000016 0.021123148148148137
0 0.4564815104166667 0.6443416666666666 0.009901562500000042 0.028164814814814823
0 0.42578671875 0.38616944444444445 0.018482812499999984 0.014081481481481454
0 0.42941744791666664 0.4008384259259259 0.013861979166666672 0.01994907407407409
0 0.409284375 0.38968981481481485 0.007920833333333318 0.018775925925925946
0 0.5036786458333333 0.49530601851851846 0.021122916666666686 0.01642870370370375
0 0.48750625 0.4994134259259259 0.009901041666666721 0.01760277777777775
0 0.5079692708333333 0.5117347222222224 0.015182291666666655 0.021123148148148137
0 0.4719940104166666 0.4759430555555556 0.02112343749999995 0.019949074074074143
0 0.47364427083333327 0.49589259259259266 0.01914270833333334 0.01994999999999994
0 0.44657994791666666 0.4865046296296296 0.013861979166666672 0.01994999999999994
0 0.7211822916666667 0.6238055555555556 0.01121874999999998 0.022296296296296335
0 0.7548463541666667 0.6408208333333334 0.01650520833333336 0.021123148148148245
0 0.7937916666666667 0.6842412037037037 0.019145833333333327 0.021123148148148137
0 0.7997317708333334 0.7024305555555556 0.015182291666666596 0.019950000000000048
0 0.775640625 0.7006703703703704 0.01452083333333339 0.023470370370370437
0 0.6178750000000001 0.5211236111111112 0.009239583333333337 0.021123148148148137
0 0.6254661458333333 0.5445935185185186 0.015182291666666714 0.01877592592592584
0 0.6469218750000001 0.5398990740740741 0.009239583333333337 0.018775925925925946
2 0.2581216145833333 0.4360439814814815 0.03300468750000001 0.0833194444444444
0 0.26109192708333334 0.4407379629629629 0.02310364583333332 0.019949999999999992
4 0.5238106770833333 0.3738472222222222 0.09571197916666663 0.13495370370370371
0 0.526453125 0.3574185185185185 0.0072604166666666355 0.04342037037037038
0 0.5396536458333333 0.36269953703703706 0.008578124999999895 0.04459351851851852
0 0.5647395833333333 0.40611898148148157 0.007260416666666695 0.04459351851851852
0 0.48090520833333333 0.3943837962962963 0.008581249999999999 0.04459351851851852
0 0.5251309895833333 0.3216263888888889 0.017821354166666598 0.0164287037037037
0 0.5241416666666667 0.39144999999999996 0.021122916666666748 0.019949999999999992
