3 0.4231466145833333 0.38616944444444445 0.04620677083333333 0.06806296296296295
3 0.5271122395833333 0.47887685185185186 0.05610885416666669 0.1196981481481481
3 0.43568854166666665 0.6302592592592593 0.056768749999999986 0.10796296296296298
3 0.48453567708333334 0.6748532407407407 0.058089062499999976 0.09153425925925923
3 0.7056692708333334 0.6924555555555556 0.07656770833333333 0.1337796296296296
3 0.7875208333333333 0.6824810185185186 0.054125000000000034 0.08331944444444446
3 0.7089713541666666 0.6179375 0.04884895833333332 0.07158425925925929
0 0.4568114583333333 0.6461023148148148 0.010561458333333343 0.024643518518518526
0 0.43106770833333335 0.6689856481481482 0.025083333333333315 0.025817592592592628
0 0.4346981770833333 0.37795509259259263 0.011221354166666704 0.0164287037037037
0 0.42677708333333336 0.392037037037037 0.013862499999999993 0.018775925925925894
0 0.40730416666666663 0.3949708333333333 0.009241666666666622 0.01994907407407409
0 0.49971796874999996 0.6824810185185186 0.011881770833333328 0.02229722222222224
0 0.4749643229166667 0.697149537037037 0.013861979166666672 0.021123148148148137
0 0.5251330729166667 0.4964796296296296 0.021785937500000033 0.018775925925925946
0 0.5492239583333335 0.501173611111111 0.009239583333333337 0.021123148148148137
0 0.5257914062500001 0.5152555555555556 0.021781770833333346 0.018775925925925946
0 0.6825651041666667 0.7217935185185186 0.014526041666666718 0.023470370370370332
0 0.7182109375000001 0.7294212962962964 0.014526041666666718 0.022296296296296335
0 0.7961015625 0.6842412037037038 0.02376562499999994 0.01877685185185185
0 0.8013828125 0.7036041666666666 0.013203124999999953 0.02229722222222224
0 0.7769583333333333 0.6989101851851853 0.01584375000000004 0.022296296296296335
0 0.6960963541666667 0.6220449074074075 0.01122395833333331 0.021123148148148137
2 0.26010208333333334 0.4366305555555556 0.03696562500000002 0.08214629629629626
0 0.2637322916666667 0.4395643518518519 0.025743750000000027 0.01994907407407409
4 0.5248028645833334 0.3709138888888889 0.09769635416666672 0.13612777777777782
0 0.48090520833333333 0.3984912037037037 0.005940625000000033 0.03403240740740741
0 0.5267838541666666 0.36211296296296297 0.00792187499999996 0.02699074074074072
0 0.5409739583333334 0.35917916666666666 0.007260416666666695 0.0328583333333333
0 0.5653984375000001 0.40846620370370373 0.005942708333333376 0.03520462962962965
0 0.5261231770833333 0.32280000000000003 0.01980572916666669 0.018775925925925894
0 0.5241416666666667 0.39027638888888894 0.021122916666666748 0.0176027777777778
