3 0.7858723958333333 0.6813074074074074 0.05082812500000008 0.07627777777777778
3 0.42215624999999996 0.3873430555555556 0.04818749999999999 0.06806388888888885
3 0.5073080729166667 0.4659680555555556 0.06798802083333329 0.11265648148148152
3 0.4865161458333333 0.6015083333333334 0.04752708333333331 0.08097222222222226
3 0.5660572916666666 0.4507125 0.06798958333333331 0.11735092592592596
3 0.5868515625 0.3568319444444445 0.04092187499999997 0.06336944444444446
0 0.5046690104166667 0.5557416666666667 0.009901562500000042 0.019950000000000048
3 0.4855260416666667 0.5422462962962963 0.05478854166666664 0.09388148148148154
0 0.43172760416666667 0.3803018518518519 0.01320208333333331 0.018775925925925946
0 0.4379986979166666 0.3961439814814815 0.011221354166666704 0.0176027777777778
0 0.417865625 0.392037037037037 0.017162499999999997 0.021124074074074094
0 0.5030187500000001 0.6020958333333334 0.010561458333333284 0.021123148148148137
0 0.4818953125 0.6196976851851852 0.017162499999999997 0.021123148148148137
0 0.4960875 0.479463425925926 0.01914270833333334 0.019949074074074036
0 0.49212682291666665 0.49589259259259266 0.01782239583333336 0.022296296296296335
0 0.5211703125 0.49530601851851846 0.01518020833333337 0.021123148148148137
0 0.5442734375 0.4730092592592593 0.009901041666666662 0.018775925925925946
0 0.5743098958333333 0.47887638888888895 0.013203124999999953 0.021123148148148137
0 0.802375 0.7041912037037037 0.013864583333333276 0.021123148148148137
0 0.7772890625 0.6983231481481482 0.015182291666666714 0.023470370370370437
0 0.7941223958333334 0.6830675925925925 0.018484375000000004 0.018775925925925946
0 0.5776093750000001 0.35096435185185193 0.009239583333333337 0.0164287037037037
0 0.5858619791666667 0.3685666666666667 0.013859375000000066 0.018775925925925894
2 0.2568013020833333 0.43545694444444444 0.03564531250000001 0.08449351851851851
0 0.26208229166666663 0.4401509259259259 0.023763541666666655 0.018775925925925946
4 0.5221614583333333 0.3726740740740741 0.09109374999999999 0.13260740740740742
0 0.5267838541666666 0.36328611111111114 0.00792187499999996 0.02699074074074072
0 0.5413046875 0.3585921296296296 0.00792187500000002 0.04341944444444442
0 0.48090520833333333 0.39966481481481486 0.005940625000000033 0.02933703703703706
0 0.5647369791666667 0.4102263888888889 0.004619791666666729 0.029337962962962965
0 0.5264533854166666 0.32280000000000003 0.019145312500000067 0.016429629629629603
0 0.5231520833333333 0.38910324074074076 0.019143750000000043 0.015256481481481511
