2 0.9433046875 0.23948055555555559 0.034328124999999925 0.08449259259259258
3 0.3254518229166667 0.647275462962963 0.08317239583333329 0.14903611111111117
3 0.33205286458333333 0.7822291666666668 0.06865052083333338 0.12791203703703702
3 0.7961041666666666 0.5123217592592593 0.05544791666666669 0.12556574074074078
3 0.6383385416666667 0.42196157407407403 0.06072916666666674 0.13026018518518517
0 0.34162421875 0.8004189814814816 0.021782812500000047 0.021123148148148137
0 0.3485552083333333 0.8215421296296297 0.021122916666666686 0.025817592592592628
0 0.31555026041666673 0.8062861111111111 0.018482812499999984 0.028164814814814823
0 0.3013583333333333 0.6590111111111111 0.015182291666666655 0.02699074074074072
0 0.33865390625 0.6719194444444445 0.014522395833333352 0.02229629629629623
3 0.15580625 0.27116527777777777 0.04356666666666665 0.0704101851851852
0 0.1650473958333333 0.2664712962962963 0.010561458333333313 0.016429629629629655
0 0.1544859375 0.2793800925925926 0.014521874999999972 0.01877685185185185
0 0.799734375 0.5316847222222223 0.02310416666666673 0.01877685185185185
0 0.8000624999999999 0.549874537037037 0.021125000000000088 0.01760277777777775
0 0.7746484374999999 0.5363787037037037 0.009901041666666662 0.018775925925925946
0 0.6512109375 0.46714166666666673 0.015182291666666714 0.018775925925925946
0 0.9456145833333333 0.2500421296296296 0.023104166666666613 0.0164287037037037
