3 0.8175572916666667 0.6848282407407407 0.05214583333333327 0.08331944444444446
3 0.5304130208333333 0.46772824074074076 0.060069791666666636 0.12087129629629635
3 0.2914565104166667 0.47711620370370367 0.046867187500000004 0.07862500000000007
3 0.4323880208333333 0.3750208333333333 0.047527083333333366 0.0668898148148148
3 0.5416348958333334 0.5222967592592593 0.04818854166666669 0.08214537037037035
3 0.6086328124999999 0.500586574074074 0.07393229166666669 0.12556574074074073
3 0.4653927083333333 0.5751046296296297 0.04752708333333331 0.08214629629629626
0 0.5238106770833333 0.529337962962963 0.009899479166666699 0.01877592592592584
0 0.54559375 0.5492875 0.021781249999999967 0.01877685185185185
0 0.27990494791666665 0.4782898148148148 0.010561979166666664 0.022296296296296283
0 0.2990479166666667 0.4759430555555556 0.023763541666666655 0.0176027777777778
0 0.3006979166666666 0.49706620370370375 0.015182291666666655 0.019949074074074143
0 0.47958515625 0.5797986111111111 0.007260937500000016 0.021123148148148245
0 0.4604421875 0.5974013888888889 0.01782291666666668 0.01877685185185185
0 0.5125901041666666 0.48767824074074073 0.012541666666666628 0.019949074074074143
0 0.53734375 0.4782898148148148 0.02112500000000003 0.019950000000000048
0 0.628109375 0.5234703703703704 0.012541666666666628 0.018775925925925946
0 0.5941119791666666 0.5269907407407407 0.013203124999999953 0.018775925925925946
0 0.8244869791666666 0.6860013888888888 0.019807291666666654 0.01760277777777775
0 0.8307578125 0.7053643518518519 0.01650520833333336 0.021123148148148245
0 0.8056744791666667 0.6989101851851853 0.015182291666666714 0.02699074074074072
0 0.42446666666666666 0.3726740740740741 0.014521875000000031 0.015255555555555555
0 0.41753567708333333 0.3867564814814815 0.011221354166666704 0.019950000000000048
0 0.4386588541666666 0.3873430555555556 0.012541666666666687 0.018776851851851902
2 0.28782604166666664 0.4284162037037037 0.033005208333333334 0.07510462962962963
0 0.29079661458333333 0.43721712962962966 0.023103645833333353 0.01760277777777775
4 0.5531869791666667 0.3709138888888889 0.09637604166666675 0.1384740740740741
0 0.5558255208333333 0.3650462962962963 0.00792187500000002 0.023470370370370332
0 0.5703489583333334 0.36093888888888886 0.00791666666666669 0.03872592592592594
0 0.5934505208333333 0.41198657407407413 0.00792187500000002 0.025817592592592576
0 0.5106096354166667 0.4031851851851852 0.005941145833333295 0.022296296296296335
0 0.5545052083333334 0.32103935185185184 0.019802083333333324 0.01290833333333331
0 0.553515625 0.38910324074074076 0.021781250000000085 0.01994907407407409
