3 0.8406614583333334 0.6860013888888888 0.053468750000000044 0.07393055555555558
3 0.5238106770833333 0.3685666666666667 0.04026406249999995 0.06571666666666666
3 0.5634192708333332 0.5152555555555556 0.060067708333333414 0.09622777777777777
3 0.6221666666666666 0.5099750000000001 0.07194791666666672 0.12321851851851855
3 0.48816614583333334 0.5774518518518519 0.04554687500000002 0.08449259259259255
0 0.5825598958333332 0.5305111111111112 0.013859374999999948 0.025816666666666724
0 0.553515625 0.5451800925925926 0.021781250000000085 0.02229722222222224
0 0.3802401041666667 0.7030175925925927 0.017162499999999997 0.018775925925925946
0 0.37991015625 0.7259009259259259 0.01650260416666664 0.01994999999999994
0 0.50235859375 0.578038425925926 0.007921354166666698 0.024643518518518526
0 0.483215625 0.5962277777777778 0.017162499999999997 0.018775925925925946
3 0.6284375 0.4536462962962963 0.05809374999999998 0.09270740740740743
0 0.6086328125 0.5393125 0.013203124999999953 0.019949074074074143
0 0.6413098958333333 0.5352050925925926 0.009901041666666662 0.021123148148148137
0 0.8505598958333334 0.6889351851851852 0.020463541666666647 0.018775925925925946
0 0.8551822916666667 0.7088851851851852 0.013864583333333276 0.018775925925925946
0 0.8314192708333333 0.7030171296296296 0.013859375000000066 0.021123148148148137
0 0.52183125 0.3673935185185185 0.020462499999999946 0.016429629629629603
0 0.5195213541666667 0.3867564814814815 0.015842708333333337 0.015255555555555555
3 0.38255052083333335 0.7065379629629629 0.03894583333333331 0.07745185185185188
2 0.31158984375000004 0.43135 0.035645312499999984 0.08097222222222226
0 0.3165403645833333 0.4378037037037037 0.023103645833333353 0.018775925925925894
4 0.5756302083333333 0.371500462962963 0.09769791666666669 0.13026018518518517
0 0.5802499999999999 0.36739305555555557 0.00791666666666669 0.021123148148148137
0 0.5937812499999999 0.3597652777777778 0.007260416666666695 0.03637870370370369
0 0.6182057291666666 0.4143337962962963 0.007265625000000024 0.025817592592592628
0 0.5786015624999999 0.322212962962963 0.020463541666666647 0.015255555555555555
0 0.5769505208333333 0.3902768518518519 0.021119791666666644 0.019949999999999992
0 0.5340442708333333 0.401425 0.00792187500000002 0.025816666666666672
