3 0.5690286458333332 0.5105615740740741 0.05413020833333337 0.09622870370370373
3 0.6713463541666668 0.4753564814814815 0.05808854166666665 0.10796296296296294
3 0.6588020833333333 0.5528083333333332 0.06601041666666667 0.13143333333333332
3 0.4851958333333333 0.5768648148148149 0.04752708333333331 0.08097222222222226
3 0.3297424479166667 0.8086333333333333 0.05082760416666664 0.09153333333333333
3 0.4964177083333333 0.38968981481481485 0.040926041666666656 0.07275740740740738
3 0.8393385416666667 0.6883486111111112 0.05214583333333327 0.07862500000000007
0 0.5647369791666667 0.5375523148148148 0.020463541666666647 0.021123148148148137
0 0.32281145833333336 0.8068726851851852 0.021122916666666686 0.01760277777777775
0 0.34459453125 0.8109805555555555 0.011881770833333328 0.023470370370370437
0 0.3195109375 0.8297560185185187 0.017162499999999997 0.021123148148148137
0 0.49971796874999996 0.579212037037037 0.00924114583333336 0.022296296296296335
0 0.48024505208333335 0.5968148148148148 0.0178223958333333 0.022296296296296335
0 0.6366901041666667 0.5739310185185185 0.009901041666666662 0.021123148148148137
0 0.6670520833333333 0.5938810185185185 0.016499999999999914 0.021123148148148137
0 0.8472604166666666 0.6883486111111112 0.020458333333333436 0.017602777777777853
0 0.8532005208333333 0.7077115740740741 0.015182291666666714 0.021123148148148137
0 0.8281171875000001 0.7041907407407408 0.015182291666666596 0.02581666666666662
0 0.4977377604166667 0.392037037037037 0.018482812499999984 0.016429629629629603
0 0.49905781250000003 0.40670601851851856 0.01320208333333331 0.01760277777777775
0 0.5891614583333333 0.5187759259259259 0.00990624999999999 0.023470370370370332
2 0.30927942708333334 0.43310972222222227 0.03366510416666664 0.07979907407407412
0 0.3142299479166667 0.4378037037037037 0.02112343750000001 0.018775925925925894
4 0.57496875 0.3720875 0.09505208333333333 0.13378055555555557
0 0.5914713541666666 0.36093888888888886 0.00792187500000002 0.03872592592592594
0 0.5762890624999999 0.3650462962962963 0.00792187500000002 0.02112407407407404
0 0.5314010416666667 0.4061194444444445 0.005281249999999934 0.023470370370370384
0 0.5772786458333333 0.32280000000000003 0.019140625 0.016429629629629603
0 0.5736484375 0.39027638888888894 0.021119791666666644 0.0176027777777778
0 0.6162239583333333 0.4155074074074075 0.0072604166666665765 0.025816666666666672
0 0.48354557291666667 0.3973175925925926 0.009901562499999983 0.019949999999999992
