3 0.5606770833333333 0.8699074074074075 0.07135416666666666 0.11388888888888889
3 0.029947916666666668 0.412962962962963 0.058854166666666666 0.10555555555555556
3 0.0390625 0.4532407407407408 0.041666666666666664 0.06944444444444445
0 0.5796875 0.8768518518518519 0.015625 0.022222222222222223
0 0.5388020833333333 0.9009259259259259 0.01614583333333333 0.02777777777777778
0 0.5736979166666667 0.899537037037037 0.0203125 0.02314814814814815
0 0.028645833333333332 0.425462962962963 0.017708333333333333 0.017592592592592594
0 0.052083333333333336 0.4513888888888889 0.010416666666666666 0.015740740740740743
0 0.03671875 0.4689814814814815 0.0171875 0.015740740740740743
2 0.04895833333333333 0.6041666666666667 0.04375 0.08240740740740742
