2 0.9736979166666666 0.23472222222222222 0.034895833333333334 0.08796296296296297
3 0.3390625 0.6689814814814815 0.084375 0.14722222222222223
3 0.3268229166666667 0.7916666666666667 0.0609375 0.12037037037037038
3 0.028906249999999998 0.5935185185185186 0.05677083333333333 0.08518518518518518
3 0.34322916666666664 0.28425925925925927 0.04583333333333333 0.06666666666666667
3 0.6421875 0.42685185185185187 0.06458333333333333 0.13148148148148148
3 0.9703125 0.6513888888888889 0.059375 0.12314814814814816
0 0.32578125 0.8231481481481482 0.027604166666666666 0.02592592592592593
0 0.30833333333333335 0.8050925925925926 0.0125 0.025
0 0.31354166666666666 0.6870370370370371 0.0125 0.022222222222222223
0 0.3515625 0.701388888888889 0.015625 0.02314814814814815
0 0.3515625 0.28240740740740744 0.014583333333333334 0.016666666666666666
0 0.3580729166666667 0.29444444444444445 0.009895833333333333 0.018518518518518517
0 0.33697916666666666 0.2902777777777778 0.0125 0.021296296296296296
0 0.040364583333333336 0.5824074074074075 0.013020833333333334 0.020370370370370372
0 0.036458333333333336 0.6018518518518519 0.016666666666666666 0.022222222222222223
0 0.011197916666666667 0.6097222222222223 0.0140625 0.021296296296296296
0 0.9559895833333333 0.6527777777777778 0.0140625 0.022222222222222223
0 0.9684895833333333 0.6837962962962963 0.025520833333333333 0.028703703703703703
0 0.65546875 0.4689814814814815 0.0140625 0.021296296296296296
0 0.97734375 0.24629629629629632 0.025520833333333333 0.016666666666666666
