3 0.3337028645833333 0.2682314814814815 0.05346822916666666 0.08566666666666665
3 0.32380156250000003 0.6959759259259259 0.0891135416666667 0.15020925925925926
3 0.3086192708333333 0.814500925925926 0.06931041666666668 0.1361277777777777
3 0.6548411458333334 0.420787962962963 0.07393229166666669 0.14668888888888892
3 0.885546875 0.5944675925925926 0.07722916666666677 0.12791296296296292
0 0.2914567708333333 0.8321032407407408 0.015182291666666655 0.025817592592592628
0 0.309609375 0.8502925925925926 0.03036458333333337 0.02699074074074072
0 0.29706744791666667 0.7082981481481482 0.01320156249999999 0.02229629629629623
0 0.33832369791666667 0.7247273148148149 0.019143229166666664 0.024643518518518526
0 0.34096406250000005 0.2641240740740741 0.016502083333333376 0.018775925925925894
0 0.3478950520833333 0.2811402777777777 0.011881770833333328 0.01994907407407409
0 0.3238015625 0.27761990740740744 0.013862499999999993 0.02229722222222224
0 0.8634322916666667 0.617350925925926 0.01584375000000004 0.028164814814814823
0 0.8984166666666666 0.6279125 0.025083333333333256 0.025817592592592628
0 0.6693619791666666 0.4659685185185185 0.013203124999999953 0.023470370370370332
