3 0.31885078125000005 0.7077115740740741 0.08845364583333334 0.16429166666666672
3 0.3030083333333334 0.8420782407407408 0.07789166666666668 0.12556574074074073
3 0.6597916666666668 0.4172675925925926 0.07327083333333337 0.14903518518518521
3 0.8485807291666667 0.5222967592592593 0.07986979166666673 0.13378055555555557
3 0.3284221354166667 0.26412453703703703 0.046867187500000004 0.08214537037037038
0 0.294096875 0.8702425925925927 0.028384374999999965 0.02699074074074072
0 0.3327127604166667 0.864375 0.015842187500000014 0.03168518518518521
0 0.29310703125 0.7241402777777778 0.015842187500000014 0.025817592592592628
0 0.3356833333333333 0.7393962962962963 0.016502083333333376 0.023470370370370332
0 0.3294122395833333 0.2611902777777778 0.02112343750000001 0.0176027777777778
0 0.31257994791666666 0.26764490740740743 0.009901562499999983 0.018776851851851902
0 0.3327127604166667 0.2823138888888889 0.015842187500000014 0.019950000000000048
0 0.8333984375 0.5528078703703704 0.023098958333333287 0.02816388888888892
0 0.8687135416666667 0.5504611111111112 0.018479166666666675 0.03051111111111111
0 0.6769557291666667 0.4677287037037038 0.015182291666666596 0.022296296296296283
