2 0.98515625 0.21435185185185185 0.0296875 0.09166666666666667
3 0.3171875 0.7347222222222223 0.09270833333333334 0.1824074074074074
3 0.20416666666666666 0.7893518518518519 0.065625 0.13425925925925927
3 0.8182291666666667 0.5416666666666667 0.07916666666666666 0.12962962962962962
3 0.6575520833333334 0.44722222222222224 0.07447916666666667 0.1462962962962963
3 0.3286458333333333 0.2851851851851852 0.05416666666666667 0.08148148148148149
0 0.22369791666666666 0.8027777777777778 0.015104166666666667 0.024074074074074074
0 0.20703125 0.8273148148148148 0.030729166666666665 0.026851851851851852
0 0.2921875 0.7486111111111111 0.013541666666666667 0.026851851851851852
0 0.3346354166666667 0.7648148148148148 0.019270833333333334 0.02777777777777778
0 0.34375 0.2986111111111111 0.013541666666666667 0.021296296296296296
0 0.33541666666666664 0.28425925925925927 0.017708333333333333 0.020370370370370372
0 0.3184895833333333 0.2939814814814815 0.013020833333333334 0.021296296296296296
0 0.7979166666666666 0.5652777777777778 0.01875 0.025
0 0.8325520833333333 0.5699074074074074 0.024479166666666666 0.025
0 0.6731770833333334 0.4949074074074074 0.015104166666666667 0.021296296296296296
0 0.9825520833333333 0.2337962962962963 0.021354166666666667 0.025
