3 0.20703125 0.788888888888889 0.0796875 0.12962962962962962
3 0.30572916666666666 0.725462962962963 0.09270833333333334 0.17685185185185187
3 0.296875 0.4226851851851852 0.053125 0.08611111111111111
3 0.325 0.2837962962962963 0.042708333333333334 0.08240740740740742
3 0.65546875 0.4361111111111111 0.07447916666666667 0.17777777777777778
3 0.6903645833333333 0.9708333333333333 0.07447916666666667 0.058333333333333334
3 0.8927083333333333 0.5671296296296297 0.07395833333333333 0.13796296296296298
0 0.23046875 0.7893518518518519 0.01614583333333333 0.02314814814814815
0 0.22135416666666666 0.8138888888888889 0.025 0.02777777777777778
0 0.18385416666666665 0.8208333333333334 0.019791666666666666 0.030555555555555558
0 0.278125 0.7342592592592593 0.0125 0.024074074074074074
0 0.31979166666666664 0.7518518518518519 0.019791666666666666 0.024074074074074074
0 0.3260416666666667 0.2828703703703704 0.021875 0.017592592592592594
0 0.3268229166666667 0.30185185185185187 0.015104166666666667 0.020370370370370372
0 0.30885416666666665 0.4152777777777778 0.0125 0.017592592592592594
0 0.3 0.43194444444444446 0.01875 0.019444444444444445
0 0.90078125 0.6101851851851852 0.0234375 0.02592592592592593
0 0.8697916666666666 0.5958333333333333 0.014583333333333334 0.02314814814814815
0 0.67109375 0.49722222222222223 0.0140625 0.024074074074074074
0 0.675 0.9675925925925927 0.015625 0.022222222222222223
0 0.678125 0.9930555555555556 0.016666666666666666 0.01388888888888889
0 0.7088541666666667 0.9939814814814815 0.019791666666666666 0.012037037037037037
0 0.9018229166666667 0.5875 0.0296875 0.021296296296296296
