2 0.8396692708333333 0.2547361111111111 0.03696354166666668 0.08449259259259258
3 0.5799192708333333 0.45012592592592593 0.060067708333333296 0.12791296296296292
3 0.6234869791666666 0.4102263888888889 0.04158854166666662 0.06454351851851857
3 0.2841955729166667 0.6818939814814815 0.07855156250000003 0.15490277777777775
3 0.21752552083333332 0.7335287037037037 0.06666979166666664 0.12439259259259264
3 0.6333880208333333 0.43721712962962966 0.046869791666666674 0.07158425925925929
3 0.6802552083333333 0.7687337962962963 0.04686458333333334 0.0704101851851852
3 0.9284505208333333 0.6308462962962963 0.0706302083333334 0.11617777777777777
0 0.20102291666666666 0.7505444444444445 0.01782291666666668 0.022296296296296335
0 0.22445651041666667 0.7599324074074075 0.022443229166666672 0.02699074074074072
0 0.19376171875 0.7687337962962963 0.016502604166666667 0.025817592592592524
0 0.26043203125 0.696562962962963 0.012542187500000038 0.02229629629629623
0 0.29772760416666666 0.7077115740740741 0.014521874999999972 0.021123148148148137
0 0.6122656249999999 0.4184407407407408 0.012541666666666628 0.019950000000000048
0 0.6449401041666667 0.43076296296296296 0.011880208333333305 0.016429629629629655
0 0.6409791666666665 0.4466055555555556 0.013197916666666623 0.015255555555555555
0 0.6198541666666666 0.44895231481481485 0.010562499999999985 0.0176027777777778
0 0.920203125 0.6584240740740741 0.025083333333333256 0.02581666666666662
0 0.9508958333333334 0.6537296296296297 0.012541666666666628 0.023470370370370332
0 0.5927916666666666 0.4900250000000001 0.013197916666666623 0.022296296296296335
0 0.6990703125 0.7716680555555555 0.00792187500000002 0.017602777777777853
0 0.6706822916666667 0.7569990740740741 0.009239583333333337 0.018775925925925946
0 0.6789348958333333 0.7792953703703704 0.01650520833333336 0.01642962962962955
0 0.8297682291666666 0.26236388888888884 0.01583854166666659 0.022296296296296283
