2 0.8122734375 0.26881805555555555 0.03498437500000004 0.0868398148148148
3 0.5729895833333333 0.41492037037037044 0.0448854166666667 0.06923703703703706
3 0.6073151041666667 0.44073796296296297 0.04884895833333332 0.07627777777777778
3 0.22511640625000004 0.7018439814814816 0.08581302083333335 0.15725092592592596
3 0.17626927083333332 0.7405694444444445 0.06204895833333334 0.12439259259259254
3 0.49773854166666665 0.7834027777777779 0.05016875000000003 0.07627777777777778
3 0.5370130208333334 0.460100462962963 0.06534895833333329 0.12908611111111112
0 0.16273723958333336 0.7605194444444444 0.019143229166666692 0.025816666666666724
0 0.18551041666666668 0.7699074074074075 0.023763541666666655 0.023470370370370332
0 0.15514609375 0.7792953703703704 0.017163020833333348 0.025816666666666724
0 0.23963880208333332 0.7270745370370371 0.014522395833333323 0.01760277777777775
0 0.5845416666666667 0.43135 0.013864583333333395 0.015255555555555555
0 0.5644062499999999 0.4237217592592593 0.010562499999999985 0.021123148148148137
0 0.5785989583333333 0.4137472222222222 0.016500000000000032 0.022296296296296283
0 0.6191953125 0.43545694444444444 0.009244791666666667 0.0164287037037037
0 0.6142447916666666 0.45188611111111116 0.013864583333333395 0.016429629629629603
0 0.5921302083333333 0.45188611111111116 0.010562499999999985 0.018775925925925894
0 0.5495546875 0.49706620370370375 0.013859375000000066 0.019949074074074143
0 0.4865161458333333 0.775775 0.007920833333333377 0.018775925925925946
0 0.49443723958333335 0.8010050925925927 0.014522395833333293 0.01760277777777775
0 0.8086458333333333 0.27879305555555556 0.019802083333333324 0.01760277777777775
