2 0.8868671874999999 0.26940555555555556 0.03498437499999992 0.08097222222222221
3 0.17956979166666667 0.7569990740740741 0.06733020833333334 0.11969814814814815
3 0.2581216145833333 0.7047777777777777 0.07129114583333335 0.13495370370370371
3 0.49905807291666665 0.8098069444444445 0.051488020833333314 0.08214537037037047
3 0.5700182291666667 0.44132453703703706 0.06667187499999999 0.157250925925926
3 0.6479114583333333 0.47359629629629635 0.03894791666666677 0.07393148148148154
3 0.7858697916666666 0.46303472222222225 0.048187500000000105 0.0715842592592592
0 0.16207708333333332 0.7869231481481481 0.01914270833333334 0.02699074074074072
0 0.18683098958333333 0.7775351851851853 0.022443229166666672 0.01994999999999994
0 0.19409192708333337 0.7974851851851852 0.025083854166666666 0.026990740740740825
0 0.23072760416666663 0.7112319444444445 0.011221874999999996 0.023469444444444428
0 0.2640625 0.715925925925926 0.015842708333333306 0.018775925925925946
0 0.6465911458333333 0.4735962962962963 0.020463541666666647 0.015255555555555555
0 0.6621015625000001 0.47711620370370367 0.006598958333333253 0.017602777777777853
0 0.6456015625 0.4911986111111111 0.013203124999999953 0.01760277777777775
0 0.7980833333333334 0.45892685185185184 0.010562499999999985 0.018775925925925894
0 0.7914817708333333 0.4753564814814815 0.013203124999999953 0.016429629629629603
0 0.7700286458333333 0.4782898148148148 0.01122395833333331 0.019950000000000048
0 0.5845416666666666 0.4923722222222222 0.01121874999999998 0.01760185185185195
0 0.48750625 0.8021787037037038 0.009901041666666721 0.01994999999999994
0 0.5195197916666667 0.8203685185185186 0.007918750000000033 0.01877592592592584
0 0.49674765625 0.8274097222222222 0.01650260416666664 0.021123148148148137
0 0.8898385416666666 0.2793800925925926 0.025083333333333256 0.021123148148148137
