2 0.8928072916666667 0.2711657407407408 0.029708333333333312 0.0844925925925926
3 0.5845416666666666 0.45012546296296296 0.06666666666666667 0.13730092592592597
3 0.6607838541666666 0.5264041666666667 0.04356770833333326 0.07862500000000007
3 0.26769322916666666 0.7006703703703704 0.06534999999999999 0.11265740740740737
3 0.22511666666666666 0.7763620370370371 0.07393124999999999 0.11617777777777777
3 0.5135802083333334 0.8373842592592593 0.047527083333333366 0.07862592592592588
3 0.8310885416666667 0.49178518518518516 0.0448854166666667 0.07745185185185188
0 0.218515625 0.8033523148148148 0.025083333333333315 0.019949074074074143
0 0.23897864583333334 0.7863365740740741 0.019803125000000026 0.02816388888888892
0 0.25086041666666664 0.8015921296296296 0.015842708333333337 0.025817592592592524
0 0.26967343749999995 0.7194467592592594 0.015182291666666655 0.021123148148148137
0 0.6492317708333334 0.5287509259259259 0.009901041666666662 0.01994999999999994
0 0.6680416666666668 0.5234703703703704 0.019802083333333324 0.018775925925925946
0 0.6700234374999999 0.5410726851851853 0.013203124999999953 0.021123148148148137
0 0.8258072916666668 0.5082143518518518 0.013197916666666623 0.01642870370370375
0 0.8446223958333334 0.4958930555555555 0.009901041666666662 0.017602777777777853
0 0.5977447916666667 0.49178518518518527 0.012541666666666628 0.018775925925925946
0 0.5020283854166666 0.8256490740740742 0.009901562499999983 0.02699074074074072
0 0.5119296875 0.853813425925926 0.015182291666666655 0.01760277777777775
0 0.5327239583333333 0.8426652777777779 0.009239583333333337 0.021123148148148137
0 0.8957786458333333 0.2823138888888889 0.021119791666666762 0.019950000000000048
