2 0.8895833333333333 0.27222222222222225 0.029166666666666667 0.08703703703703704
3 0.97421875 0.8800925925925926 0.0515625 0.14166666666666666
3 0.6828125 0.4305555555555556 0.06354166666666666 0.11296296296296297
3 0.84921875 0.49074074074074076 0.044270833333333336 0.08148148148148149
3 0.47682291666666665 0.8282407407407407 0.04739583333333333 0.08240740740740742
3 0.2755208333333333 0.7018518518518518 0.06979166666666667 0.12592592592592594
3 0.3143229166666667 0.7810185185185186 0.06510416666666667 0.11944444444444445
0 0.32916666666666666 0.7921296296296296 0.013541666666666667 0.025
0 0.3377604166666667 0.8069444444444445 0.011979166666666666 0.025
0 0.30755208333333334 0.8087962962962963 0.024479166666666666 0.025
0 0.28098958333333335 0.7199074074074074 0.0171875 0.021296296296296296
0 0.24921875 0.7087962962962964 0.008854166666666666 0.021296296296296296
0 0.81484375 0.6180555555555556 0.009895833333333333 0.019444444444444445
0 0.7997395833333333 0.6356481481481482 0.01614583333333333 0.019444444444444445
3 0.7994791666666666 0.6180555555555556 0.040625 0.07685185185185185
0 0.8447916666666666 0.5083333333333333 0.015625 0.014814814814814815
0 0.9674479166666666 0.8791666666666667 0.008854166666666666 0.019444444444444445
0 0.9791666666666666 0.9180555555555556 0.029166666666666667 0.030555555555555558
0 0.696875 0.45972222222222225 0.014583333333333334 0.019444444444444445
0 0.66640625 0.45462962962962966 0.013020833333333334 0.022222222222222223
0 0.4635416666666667 0.8148148148148149 0.011458333333333333 0.02592592592592593
0 0.4934895833333333 0.8351851851851853 0.0109375 0.020370370370370372
0 0.8919270833333334 0.2837962962962963 0.021354166666666667 0.017592592592592594
