0 0.044909427083333335 0.6455152777777778 0.01320197916666667 0.01877685185185185
0 0.019495572916666665 0.6249787037037038 0.017822708333333333 0.015255555555555555
0 0.012234479166666668 0.6414078703703704 0.013862083333333334 0.01760277777777775
0 0.5479036458333333 0.6015087962962963 0.00792187500000002 0.012908333333333362
0 0.7291015625 0.6196981481481482 0.020463541666666647 0.01408148148148156
0 0.7307526041666667 0.6378875 0.014526041666666718 0.015256481481481565
0 0.29343697916666667 0.578038425925926 0.007261458333333337 0.019949074074074036
0 0.588171875 0.5745175925925926 0.013197916666666741 0.015255555555555555
0 0.5759583333333332 0.5616092592592593 0.008583333333333342 0.019950000000000048
0 0.5030187500000001 0.538725925925926 0.010561458333333284 0.016429629629629655
0 0.46968359375 0.5457671296296296 0.009901562499999983 0.016428703703703647
3 0.3779296875 0.5287509259259259 0.052147916666666676 0.09740185185185192
3 0.5340421874999999 0.5686500000000001 0.05016562499999999 0.09270740740740732
3 0.48915572916666666 0.5176027777777777 0.06468854166666667 0.12204444444444439
3 0.309609375 0.5616092592592593 0.056768749999999986 0.10913703703703699
3 0.7284427083333334 0.6202847222222223 0.04422916666666658 0.07158425925925929
3 0.5871796874999999 0.5663032407407407 0.0455468749999999 0.07393055555555558
3 0.029397044270833336 0.6290861111111111 0.054788203125 0.07745185185185177
