2 0.8768229166666667 0.26666666666666666 0.033854166666666664 0.08333333333333334
3 0.2520833333333333 0.7421296296296297 0.06458333333333333 0.13240740740740742
3 0.5096354166666667 0.7736111111111111 0.05572916666666666 0.11574074074074074
3 0.8075520833333333 0.39583333333333337 0.0546875 0.11203703703703705
3 0.8572916666666667 0.4912037037037037 0.03333333333333333 0.07314814814814816
3 0.9708333333333333 0.6050925925925926 0.05416666666666667 0.08055555555555556
3 0.9809895833333333 0.875925925925926 0.03802083333333333 0.1277777777777778
0 0.5265625 0.7893518518518519 0.011458333333333333 0.02314814814814815
0 0.5109375 0.8027777777777778 0.022916666666666665 0.020370370370370372
0 0.25338541666666664 0.7648148148148148 0.0171875 0.024074074074074074
0 0.9625 0.600462962962963 0.017708333333333333 0.025
0 0.9791666666666666 0.6162037037037037 0.0125 0.019444444444444445
0 0.9533854166666667 0.6180555555555556 0.0140625 0.021296296296296296
0 0.8585937499999999 0.5115740740740741 0.01614583333333333 0.017592592592592594
0 0.96875 0.8921296296296297 0.013541666666666667 0.025
0 0.8041666666666667 0.4273148148148148 0.016666666666666666 0.019444444444444445
3 0.89609375 0.6111111111111112 0.043229166666666666 0.06851851851851852
0 0.91171875 0.6138888888888889 0.009895833333333333 0.020370370370370372
0 0.8947916666666667 0.6231481481481481 0.015625 0.022222222222222223
0 0.8708333333333333 0.2777777777777778 0.020833333333333332 0.016666666666666666
