0 0.32776197916666666 0.3527240740740741 0.012541666666666628 0.015255555555555555
0 0.40961458333333334 0.3175189814814815 0.008581249999999999 0.012908333333333362
0 0.4261169270833333 0.32573379629629634 0.011221354166666704 0.008213888888888871
0 0.41126484375 0.3492037037037037 0.014522395833333352 0.015255555555555555
0 0.6495598958333334 0.5475273148148149 0.018484375000000004 0.010562037037037073
0 0.6512109375 0.5633694444444446 0.013859375000000066 0.014081481481481454
0 0.6191953125 0.5264041666666667 0.017161458333333237 0.010562037037037073
0 0.6191953125 0.5440069444444445 0.013203124999999953 0.012908333333333362
0 0.6026927083333333 0.5258171296296297 0.0066041666666667 0.01877685185185185
1 0.52117109375 0.26001712962962964 0.016501562499999997 0.01056203703703702
0 0.5370130208333334 0.28642129629629637 0.009901041666666662 0.04694074074074071
0 0.50367890625 0.28466111111111114 0.011881770833333328 0.045766666666666664
0 0.5195203125 0.2764462962962963 0.003959374999999987 0.017601851851851844
4 0.5195210937499999 0.30050324074074075 0.06600989583333329 0.11265648148148147
2 0.41753567708333333 0.34803055555555557 0.034984895833333356 0.05750185185185183
0 0.6333880208333333 0.5498740740740741 0.007265624999999905 0.015255555555555555
3 0.6116041666666667 0.5222967592592593 0.03894791666666665 0.07275833333333329
3 0.6459322916666667 0.5445935185185186 0.042906250000000055 0.07041111111111109
3 0.3178606770833333 0.3333611111111111 0.046867187500000004 0.09622777777777777
3 0.42281640625 0.3069574074074074 0.05082760416666664 0.08097222222222221
