0 0.38453072916666664 0.676026388888889 0.02178333333333337 0.014082407407407358
0 0.1003578125 0.6801337962962963 0.015842708333333323 0.057502777777777736
0 0.077584375 0.6818944444444445 0.005940625000000003 0.042246296296296275
0 0.053490807291666664 0.6948027777777778 0.011881927083333332 0.06337037037037031
1 0.07626432291666667 0.6537300925925926 0.023103645833333332 0.014082407407407464
1 0.062072135416666674 0.6496222222222223 0.011881770833333334 0.015255555555555555
0 0.15349583333333333 0.7223800925925926 0.012541666666666658 0.017602777777777853
0 0.12181093750000001 0.7235537037037038 0.012541666666666673 0.017601851851851844
0 0.8231666666666667 0.7388097222222222 0.013197916666666741 0.01760277777777775
0 0.789171875 0.7341152777777779 0.00990624999999999 0.01760277777777775
0 0.5403151041666667 0.6607708333333333 0.009901041666666662 0.01642870370370375
0 0.5218317708333333 0.6519694444444444 0.016503125000000018 0.015255555555555555
0 0.5175395833333334 0.6683986111111111 0.011879166666666663 0.01760277777777775
3 0.8112838541666666 0.6994967592592592 0.07393229166666669 0.14082129629629628
3 0.5300822916666666 0.6525564814814815 0.05412708333333332 0.07275740740740738
3 0.14029375000000002 0.6795472222222223 0.07327083333333334 0.12673888888888893
4 0.08088473958333334 0.7106449074074074 0.0943940625 0.15607685185185186
0 0.22577682291666665 0.5228837962962963 0.00924114583333333 0.017602777777777853
0 0.20069296875 0.5340319444444445 0.019802604166666675 0.016428703703703647
0 0.20960416666666667 0.6519694444444444 0.02178333333333331 0.01056111111111117
0 0.21125442708333333 0.6683990740740742 0.015842187500000014 0.015255555555555555
0 0.19442213541666667 0.6601837962962963 0.007260937500000016 0.01760277777777775
0 0.29376692708333335 0.44601851851851854 0.014522395833333352 0.011735185185185166
0 0.27891484375 0.460687037037037 0.012542187500000008 0.015255555555555555
0 0.48816640624999996 0.5674768518518519 0.013861979166666672 0.017601851851851844
0 0.45945208333333326 0.5709976851851852 0.015842708333333337 0.01760277777777775
0 0.43568854166666665 0.5974013888888889 0.01320208333333337 0.014082407407407358
0 0.4426192708333333 0.6120703703703705 0.008581249999999999 0.012909259259259162
0 0.41819583333333327 0.6114837962962962 0.012541666666666687 0.014082407407407358
2 0.38552083333333337 0.6695722222222221 0.029044791666666646 0.06454259259259261
3 0.2086140625 0.5023472222222222 0.05808854166666665 0.1032685185185185
3 0.20828411458333332 0.647862037037037 0.04026614583333332 0.07275740740740738
3 0.2858455729166666 0.4466050925925926 0.042246354166666666 0.05984907407407413
3 0.4264471354166667 0.5979884259259259 0.05280781250000004 0.07862499999999997
3 0.4733140625 0.5528078703703704 0.06601041666666667 0.09153425925925923
