0 0.1003578125 0.6801337962962963 0.015842708333333323 0.057502777777777736
0 0.077584375 0.6818944444444445 0.005940625000000003 0.042246296296296275
0 0.053490807291666664 0.6948027777777778 0.011881927083333332 0.06337037037037031
1 0.07626432291666667 0.6537300925925926 0.023103645833333332 0.014082407407407464
1 0.062072135416666674 0.6496222222222223 0.011881770833333334 0.015255555555555555
0 0.15349583333333333 0.7223800925925926 0.012541666666666658 0.017602777777777853
0 0.12181093750000001 0.7235537037037038 0.012541666666666673 0.017601851851851844
0 0.8231666666666667 0.7388097222222222 0.013197916666666741 0.01760277777777775
0 0.789171875 0.7341152777777779 0.00990624999999999 0.01760277777777775
0 0.5403151041666667 0.6607708333333333 0.009901041666666662 0.01642870370370375
0 0.5218317708333333 0.6519694444444444 0.016503125000000018 0.015255555555555555
0 0.5175395833333334 0.6683986111111111 0.011879166666666663 0.01760277777777775
3 0.8112838541666666 0.6994967592592592 0.07393229166666669 0.14082129629629628
3 0.5300822916666666 0.6525564814814815 0.05412708333333332 0.07275740740740738
3 0.14029375000000002 0.6795472222222223 0.07327083333333334 0.12673888888888893
4 0.08088473958333334 0.7106449074074074 0.0943940625 0.15607685185185186
0 0.37264869791666666 0.6748532407407407 0.020463020833333328 0.014082407407407464
0 0.235678125 0.4583407407407407 0.006601041666666655 0.015255555555555555
0 0.21554531249999997 0.4712490740740741 0.019142708333333314 0.015255555555555555
0 0.19112135416666665 0.6959759259259259 0.02178333333333334 0.011735185185185166
0 0.1927716145833333 0.7141657407407408 0.014522395833333323 0.015255555555555555
0 0.17428906249999998 0.7030171296296296 0.006601041666666655 0.01642870370370375
0 0.3036684895833333 0.3885166666666667 0.01716302083333332 0.011735185185185166
0 0.30762890625 0.4031851851851852 0.011881770833333328 0.015255555555555555
0 0.2894763020833333 0.40025138888888884 0.009901562499999983 0.014082407407407412
0 0.4964177083333334 0.559262037037037 0.01320208333333337 0.015255555555555555
0 0.46836328125 0.559849074074074 0.0178223958333333 0.016429629629629655
0 0.4644026041666667 0.6261527777777777 0.012541666666666628 0.015255555555555555
0 0.44294947916666666 0.6326064814814816 0.01320208333333331 0.018775925925925946
2 0.37363906249999995 0.6701587962962964 0.029044791666666646 0.06336944444444441
3 0.21719557291666666 0.44191111111111114 0.04884739583333332 0.09974814814814821
3 0.18914114583333333 0.6936291666666667 0.04158645833333333 0.0704101851851852
3 0.2993778645833333 0.38910324074074076 0.04422656250000004 0.057502777777777785
3 0.4535109375 0.617350925925926 0.054128124999999964 0.068062962962963
3 0.4828854166666667 0.5428333333333334 0.06534999999999999 0.09270740740740743
