2 0.26208203125 0.5580888888888889 0.05280781250000001 0.11148333333333338
0 0.27033359375 0.559849074074074 0.03102447916666664 0.02581666666666662
3 0.39146171874999997 0.4841578703703704 0.09637447916666667 0.13730092592592597
3 0.48387682291666667 0.49295925925925926 0.10429843750000002 0.14316851851851853
3 0.5571479166666666 0.4301763888888889 0.10429791666666664 0.2100583333333334
3 0.6687057291666666 0.9201180555555556 0.08317187500000003 0.13378240740740743
3 0.5667187499999999 0.8497064814814815 0.08383333333333329 0.10796296296296289
3 0.21488515625 0.5170157407407407 0.07855156249999998 0.1396481481481482
3 0.38156015625 0.7687337962962963 0.09373385416666669 0.15255648148148157
4 0.7066614583333333 0.4149203703703704 0.1643645833333333 0.22414074074074075
0 0.5554973958333332 0.8755236111111111 0.02442187500000005 0.0328583333333333
0 0.5898229166666666 0.8567467592592592 0.016500000000000032 0.0328583333333333
0 0.5158893229166667 0.4900250000000001 0.015179687500000049 0.02699074074074072
0 0.48750625 0.5369657407407408 0.03894583333333331 0.03168518518518521
0 0.6670520833333333 0.9148356481481482 0.0336666666666666 0.024643518518518526
0 0.6376796875 0.9300935185185185 0.013203124999999953 0.034035185185185224
0 0.39707265625 0.7704939814814815 0.029704687499999948 0.024643518518518526
0 0.40862421875 0.8010050925925927 0.02112343750000001 0.029337962962962913
0 0.36340755208333336 0.8021787037037038 0.024423437499999957 0.03168518518518511
0 0.5330520833333333 0.4917856481481482 0.016499999999999973 0.02816388888888892
0 0.41885572916666663 0.5041074074074073 0.015182291666666655 0.022296296296296335
0 0.4333778645833333 0.5240569444444444 0.013861979166666672 0.03168425925925931
0 0.7050078125 0.3263208333333334 0.03300520833333328 0.02112314814814819
0 0.7324010416666666 0.3902768518518519 0.012541666666666628 0.06923703703703706
0 0.7829010416666667 0.4706625 0.005281250000000052 0.04459351851851847
0 0.7040182291666666 0.3844092592592593 0.020463541666666647 0.0833185185185185
0 0.6779453125 0.39262407407407407 0.011880208333333305 0.06923703703703706
0 0.6314088541666666 0.46303472222222225 0.005942708333333376 0.024643518518518526
0 0.7066588541666666 0.44836574074074076 0.03234895833333328 0.023470370370370384
0 0.5835520833333334 0.4894384259259259 0.014520833333333271 0.021123148148148137
0 0.6756354166666667 0.9465231481481481 0.02442708333333338 0.02699074074074072
