0 0.37957994791666666 0.676026388888889 0.02112343750000001 0.014082407407407358
0 0.12643177083333332 0.7235537037037038 0.012541666666666658 0.017601851851851844
0 0.15910677083333333 0.7223805555555556 0.01320208333333334 0.015255555555555555
1 0.06933307291666667 0.6496226851851852 0.009241145833333337 0.01760277777777775
1 0.08187499999999999 0.6531435185185185 0.01980312500000001 0.015255555555555555
0 0.060421875 0.6936291666666667 0.012541666666666673 0.06336944444444452
0 0.08418541666666667 0.6813074074074075 0.005940625000000003 0.04342037037037038
0 0.10695885416666666 0.6818939814814815 0.015842708333333337 0.05632870370370374
0 0.2541609375 0.5 0.014521875000000002 0.01642962962962955
0 0.2713234375 0.4888518518518519 0.006601041666666655 0.015255555555555555
0 0.22544661458333332 0.4067055555555556 0.007260937499999986 0.015255555555555555
0 0.2063036458333333 0.40905277777777777 0.012541666666666658 0.015255555555555555
0 0.20102291666666666 0.3896902777777778 0.011221875000000025 0.014082407407407412
0 0.50961953125 0.5915337962962963 0.01716302083333332 0.01877685185185185
0 0.48288541666666673 0.5909472222222222 0.015182291666666655 0.022296296296296335
0 0.5700182291666667 0.647275462962963 0.009901041666666662 0.01760277777777775
0 0.5515364583333332 0.6378875 0.016500000000000032 0.015256481481481565
0 0.54559375 0.6543166666666668 0.012541666666666628 0.017601851851851844
0 0.8109557291666666 0.7564120370370371 0.01122395833333331 0.01994999999999994
0 0.8442916666666667 0.7616925925925927 0.01452083333333339 0.018775925925925946
2 0.37957994791666666 0.6713328703703705 0.029044270833333385 0.06336944444444441
4 0.08616557291666667 0.7124055555555555 0.09703447916666666 0.15725000000000006
3 0.1455744791666667 0.6813074074074075 0.07195104166666667 0.12087222222222214
3 0.2581216145833333 0.48357083333333334 0.03960572916666667 0.061023148148148125
3 0.559125 0.6402347222222223 0.05016666666666675 0.07158425925925929
3 0.21125442708333333 0.39673101851851855 0.04488697916666666 0.056328703703703686
3 0.83175 0.7206199074074074 0.07657291666666666 0.13612685185185192
3 0.4983989583333333 0.5709972222222222 0.06469166666666665 0.08801296296296295
