0 0.6135833333333333 0.3269069444444444 0.01782291666666668 0.01290833333333331
0 0.9112890625000001 0.2664712962962963 0.009901041666666662 0.04694074074074077
0 0.8931380208333334 0.25297592592592594 0.003963541666666733 0.019950000000000048
0 0.8753151041666667 0.26001712962962964 0.013203124999999953 0.048113888888888914
0 0.6089635416666667 0.5052805555555555 0.016500000000000032 0.015255555555555555
0 0.5894921875 0.4929587962962964 0.013203124999999953 0.014082407407407358
0 0.582890625 0.5070412037037036 0.011885416666666633 0.01642870370370375
0 0.4508705729166666 0.5657166666666666 0.00924114583333336 0.014081481481481454
0 0.42116640625 0.5651296296296295 0.011881770833333387 0.015255555555555555
1 0.8954479166666668 0.23654675925925925 0.019145833333333327 0.01290833333333331
2 0.6145729166666667 0.3198662037037037 0.030364583333333427 0.059849074074074075
3 0.5990624999999999 0.48181064814814817 0.06007291666666662 0.09974907407407411
3 0.43238776041666666 0.5398995370370371 0.062049479166666664 0.11265648148148158
4 0.890828125 0.2799666666666667 0.07459375000000001 0.1185240740740741
