0 0.34921536458333335 0.6725060185185184 0.019802604166666703 0.01642870370370375
0 0.15613619791666666 0.7241402777777778 0.012542187500000008 0.021123148148148137
0 0.06603255208333333 0.647862037037037 0.011881770833333328 0.018775925925925946
0 0.07791432291666665 0.6537300925925926 0.02508385416666666 0.016428703703703647
0 0.08385520833333333 0.7282476851851851 0.026404166666666666 0.017602777777777853
0 0.03533796875 0.745850462962963 0.009901458333333332 0.05750277777777784
0 0.077584375 0.6854148148148149 0.013862500000000007 0.04928703703703705
0 0.061411979166666665 0.695976388888889 0.007920833333333332 0.03989907407407408
0 0.13369270833333333 0.7129921296296297 0.004620833333333326 0.05046018518518515
0 0.5082994791666666 0.5522212962962963 0.010561458333333284 0.019950000000000048
0 0.4815653645833333 0.5563287037037038 0.01782239583333336 0.016429629629629655
0 0.7796015625 0.8262361111111112 0.011880208333333305 0.018775925925925946
0 0.7654088541666667 0.8455990740740742 0.015182291666666714 0.01994999999999994
0 0.6007135416666666 0.5469402777777779 0.013197916666666623 0.01642870370370375
0 0.5706770833333333 0.529924537037037 0.007260416666666695 0.01760277777777775
2 0.350865625 0.6683990740740741 0.03102499999999999 0.06219629629629632
4 0.08220513020833334 0.7118185185185185 0.11287723958333334 0.15372962962962966
3 0.1416140625 0.6813074074074075 0.07327083333333333 0.13025925925925932
3 0.34723515625 0.39321064814814816 0.0554484375 0.08918611111111109
3 0.5937838541666667 0.5217097222222222 0.06139062499999994 0.10209537037037035
3 0.4914661458333333 0.5369657407407408 0.06534895833333335 0.08801296296296304
3 0.7660703125 0.8326902777777778 0.05082812500000008 0.08566574074074075
