2 0.061741874999999995 0.6261523148148148 0.05478812499999999 0.1067898148148148
0 0.07263359375 0.6273259259259258 0.029044270833333333 0.03168518518518511
3 0.25548125 0.49530601851851846 0.07525104166666666 0.15490277777777775
3 0.33832369791666667 0.49354583333333335 0.10759635416666669 0.2030175925925926
3 0.6158958333333333 0.508800925925926 0.07261458333333337 0.12321851851851855
3 0.6861979166666666 0.5463537037037037 0.07855208333333341 0.13025925925925932
3 0.7211822916666667 0.7018435185185186 0.07194791666666672 0.12673888888888882
4 0.4950963541666667 0.47711666666666663 0.16370312500000003 0.21475185185185183
0 0.31191953125 0.558675462962963 0.01650260416666664 0.021123148148148137
0 0.24062890625000002 0.5897736111111112 0.016502604166666667 0.029337962962962913
3 0.28287526041666666 0.5633699074074073 0.1009953125 0.12908611111111112
0 0.32644192708333336 0.5833189814814815 0.013861979166666672 0.025817592592592628
0 0.28749609375 0.6056162037037036 0.03630572916666666 0.025817592592592524
0 0.6234869791666666 0.5117351851851852 0.03102604166666675 0.016429629629629655
0 0.6287682291666667 0.5404861111111111 0.021786458333333415 0.02933703703703701
0 0.5954322916666667 0.5269907407407408 0.010562499999999985 0.028164814814814823
0 0.687515625 0.5721708333333334 0.02442708333333338 0.02229722222222224
0 0.7277838541666667 0.7411564814814816 0.024421874999999933 0.02699074074074072
0 0.6957682291666667 0.7135791666666668 0.013203124999999953 0.0328583333333333
0 0.32380156250000003 0.5563287037037038 0.017822916666666622 0.023470370370370437
0 0.4927869791666667 0.3955574074074074 0.029704166666666688 0.023470370370370332
0 0.4686934895833333 0.4583402777777778 0.011881770833333328 0.06454351851851851
0 0.4927869791666667 0.48063703703703703 0.011221874999999966 0.019949999999999992
0 0.51918984375 0.4565800925925926 0.013859895833333328 0.07041018518518524
0 0.5687005208333333 0.5457671296296296 0.00461979166666661 0.021123148148148137
0 0.49542734375 0.5123222222222222 0.03102447916666667 0.026990740740740825
0 0.8700338541666667 0.8004185185185185 0.02376562499999994 0.03051111111111111
0 0.8168958333333334 0.7734277777777778 0.016500000000000032 0.0352055555555555
3 0.8541927083333333 0.7288347222222222 0.1306979166666667 0.2018435185185185
3 0.8076536458333334 0.8068731481481481 0.06139062500000006 0.10678888888888899
0 0.6670546875 0.540486111111111 0.015182291666666596 0.022296296296296335
