0 0.3478950520833333 0.6719194444444445 0.018482812499999984 0.015255555555555555
0 0.15547630208333332 0.7235537037037038 0.009901562499999983 0.017601851851851844
0 0.06504244791666666 0.6490356481481482 0.013861979166666663 0.01642870370370375
0 0.07923463541666667 0.6531435185185185 0.025083854166666666 0.015255555555555555
0 0.08352526041666666 0.7253138888888888 0.02310364583333334 0.01877592592592584
0 0.034677890625 0.745263425925926 0.00858130208333333 0.05632870370370374
0 0.06108203125 0.696562962962963 0.007260937500000001 0.04342037037037038
0 0.07824453125 0.6848282407407408 0.013861979166666672 0.04811388888888886
0 0.13402265624999998 0.7106449074074074 0.005280729166666657 0.04811388888888886
0 0.6073151041666667 0.5240569444444445 0.009244791666666667 0.01525648148148146
0 0.57496875 0.519362962962963 0.011885416666666633 0.015255555555555555
0 0.42809713541666666 0.6466888888888889 0.013861979166666672 0.014081481481481454
2 0.3498755208333333 0.666638425925926 0.03036458333333331 0.061023148148148125
4 0.08253502604166667 0.7135787037037037 0.11089661458333332 0.15725000000000006
3 0.14293411458333333 0.6830675925925925 0.07063072916666666 0.13143333333333332
3 0.5964244791666666 0.5023472222222222 0.06534895833333323 0.10092222222222226
3 0.41456510416666664 0.6302597222222222 0.060729166666666674 0.10326944444444451
