0 0.3485552083333333 0.6713324074074074 0.017162499999999997 0.01408148148148156
0 0.15679635416666665 0.7223800925925926 0.013862500000000022 0.019949074074074036
0 0.08385546875 0.725900462962963 0.025083854166666666 0.01760277777777775
0 0.07956458333333334 0.6531430555555556 0.023103125000000002 0.012908333333333362
0 0.06537239583333333 0.647275925925926 0.010561458333333329 0.015255555555555555
0 0.13468307291666667 0.7118185185185185 0.005280729166666671 0.05280740740740734
0 0.07725442708333334 0.6854148148148149 0.011881770833333341 0.04928703703703705
0 0.061411979166666665 0.696562962962963 0.007920833333333332 0.04342037037037038
0 0.03533799479166667 0.745850462962963 0.008581302083333334 0.05984907407407403
0 0.6040130208333333 0.5187763888888889 0.011880208333333305 0.014082407407407464
0 0.5729895833333333 0.5134953703703704 0.011885416666666633 0.015255555555555555
0 0.40598385416666666 0.6343671296296296 0.009241666666666681 0.012908333333333362
2 0.35020546874999997 0.6666384259259259 0.03102447916666667 0.058675000000000026
4 0.08352533854166666 0.7129921296296297 0.11023682291666667 0.15373055555555556
3 0.14194401041666665 0.6801337962962963 0.07129114583333333 0.13026018518518523
3 0.5898229166666666 0.49530601851851846 0.06403125000000003 0.1009212962962963
3 0.3894815104166666 0.6290861111111111 0.05676822916666667 0.09622777777777772
3 0.2663729166666666 0.49589259259259266 0.04290625 0.06454259259259261
