0 0.507309375 0.6402342592592593 0.019142708333333282 0.015255555555555555
0 0.32083125 0.6807203703703704 0.01320208333333331 0.018775925925925946
0 0.25284088541666666 0.6795472222222223 0.022443229166666672 0.016429629629629655
0 0.24888020833333335 0.6067893518518519 0.022443750000000023 0.014082407407407464
0 0.23666822916666666 0.6020953703703703 0.011221874999999996 0.016429629629629655
0 0.20729401041666667 0.6924555555555556 0.00924114583333333 0.05398148148148144
0 0.23303776041666666 0.647862037037037 0.007921354166666669 0.042246296296296275
0 0.24789010416666668 0.6373004629629629 0.008581249999999999 0.044593518518518574
0 0.3006979166666666 0.6689856481481482 0.005940625000000033 0.04928796296296296
0 0.6881770833333334 0.528750925925926 0.019145833333333327 0.012909259259259266
0 0.6911458333333333 0.5445935185185186 0.01452083333333339 0.016429629629629655
0 0.6733255208333334 0.5375523148148148 0.00792187500000002 0.014082407407407358
0 0.35053541666666665 0.7933773148148149 0.01320208333333331 0.014082407407407358
0 0.34921536458333335 0.8186083333333334 0.01320156249999999 0.015255555555555555
0 0.3739690104166667 0.8209550925925926 0.012542187500000008 0.01525648148148146
0 0.6290989583333333 0.5663037037037036 0.009239583333333337 0.015255555555555555
0 0.6007135416666666 0.5768648148148148 0.014520833333333271 0.015255555555555555
0 0.5908125000000001 0.6191111111111113 0.011885416666666633 0.015255555555555555
0 0.5690286458333332 0.6150041666666667 0.018484375000000004 0.014082407407407358
2 0.5086286458333333 0.6343666666666666 0.025742708333333298 0.06219629629629632
4 0.25284088541666666 0.6625310185185186 0.10561614583333334 0.15138240740740735
3 0.3082890625 0.636713888888889 0.0699708333333333 0.12087222222222226
3 0.29112656249999996 0.3961439814814815 0.05544791666666665 0.09036018518518518
3 0.609625 0.540486111111111 0.06403125000000003 0.10678888888888889
3 0.5779401041666666 0.5985745370370371 0.05610937500000001 0.1056157407407408
3 0.3624171875 0.8103935185185186 0.06072916666666662 0.08566666666666665
3 0.6845442708333334 0.5264041666666667 0.04356770833333338 0.06454351851851851
