0 0.5135807291666666 0.6408212962962964 0.018484375000000004 0.01408148148148156
0 0.32644192708333336 0.6789606481481482 0.013861979166666672 0.01760277777777775
0 0.259771875 0.677786574074074 0.02178333333333331 0.01760277777777775
0 0.24359947916666666 0.6015083333333333 0.009241666666666681 0.015255555555555555
0 0.25647135416666667 0.6062027777777778 0.02178333333333334 0.012909259259259266
0 0.30696901041666663 0.6678120370370371 0.005280729166666671 0.04928703703703705
0 0.2551513020833333 0.6373009259259259 0.013861979166666642 0.04928703703703705
0 0.23996875 0.647862037037037 0.005940625000000003 0.042246296296296275
0 0.21455494791666668 0.6924555555555557 0.007921354166666669 0.05867592592592593
4 0.2594416666666667 0.6642912037037038 0.1042958333333333 0.15255648148148157
2 0.5145705729166666 0.636713888888889 0.031025520833333313 0.06454259259259261
0 0.6076458333333333 0.6015087962962963 0.012541666666666628 0.019949074074074143
0 0.585859375 0.5974013888888889 0.01782291666666668 0.014082407407407358
0 0.5819010416666667 0.6126569444444444 0.019145833333333445 0.014082407407407358
0 0.6373489583333334 0.5657166666666666 0.008583333333333342 0.016429629629629655
0 0.6109453125 0.578038425925926 0.009901041666666662 0.01525648148148146
3 0.593453125 0.5768652777777779 0.06072916666666662 0.1020953703703703
3 0.6185364583333334 0.5416592592592593 0.06072916666666674 0.11148333333333327
3 0.3142299479166667 0.637300925925926 0.06600989583333335 0.12439259259259254
0 0.3696783854166667 0.4395643518518519 0.00924114583333336 0.01994907407407409
0 0.333703125 0.42254861111111114 0.005940625000000033 0.009387962962962973
0 0.34723515624999995 0.4430847222222222 0.018482812499999984 0.01760277777777775
0 0.7465963541666667 0.5657166666666666 0.01320312500000007 0.016429629629629655
0 0.74065625 0.5803851851851852 0.010562499999999985 0.015255555555555555
0 0.7637578125 0.5815592592592593 0.011880208333333305 0.015255555555555555
0 0.3568065104166667 0.7933777777777777 0.011221354166666645 0.011735185185185166
0 0.3809002604166667 0.8209550925925926 0.011881770833333328 0.012908333333333362
0 0.35581640625 0.8174342592592593 0.011881770833333328 0.015255555555555555
3 0.3508653645833333 0.4155074074074075 0.05742864583333335 0.09622777777777777
3 0.36736822916666667 0.8109805555555555 0.06270937500000003 0.08449259259259266
3 0.754515625 0.5668902777777778 0.05016666666666663 0.06806388888888891
