0 0.51328125 0.6402777777777778 0.018229166666666668 0.01388888888888889
0 0.3263020833333333 0.6782407407407408 0.0140625 0.017592592592592594
1 0.259375 0.6773148148148148 0.021875 0.017592592592592594
0 0.24322916666666666 0.600925925925926 0.009375 0.014814814814814815
0 0.25625 0.6055555555555556 0.021875 0.012962962962962964
0 0.3067708333333333 0.6671296296296296 0.005208333333333333 0.049074074074074076
0 0.25494791666666666 0.6365740740740741 0.0140625 0.049074074074074076
0 0.23984375 0.6472222222222223 0.005729166666666666 0.04259259259259259
0 0.21432291666666667 0.6921296296296297 0.0078125 0.058333333333333334
4 0.259375 0.6638888888888889 0.10416666666666667 0.15185185185185185
2 0.5143229166666666 0.6361111111111112 0.030729166666666665 0.06481481481481481
0 0.6072916666666667 0.600925925925926 0.0125 0.020370370370370372
0 0.5854166666666667 0.5967592592592593 0.017708333333333333 0.01388888888888889
0 0.5815104166666667 0.6125 0.019270833333333334 0.01388888888888889
0 0.6369791666666667 0.5652777777777778 0.008333333333333333 0.015740740740740743
3 0.5932291666666667 0.576388888888889 0.06041666666666667 0.10277777777777779
3 0.6182291666666666 0.5412037037037037 0.06041666666666667 0.11203703703703705
3 0.3138020833333333 0.6370370370370371 0.06614583333333333 0.12407407407407407
0 0.39166666666666666 0.44537037037037036 0.016666666666666666 0.012962962962962964
0 0.3958333333333333 0.45833333333333337 0.014583333333333334 0.016666666666666666
0 0.3692708333333333 0.45231481481481484 0.0125 0.017592592592592594
0 0.7473958333333334 0.5810185185185185 0.017708333333333333 0.010185185185185186
0 0.7471354166666666 0.5981481481481482 0.013020833333333334 0.014814814814814815
0 0.9625 0.7060185185185186 0.0125 0.01388888888888889
0 0.9940104166666667 0.7282407407407407 0.009895833333333333 0.017592592592592594
0 0.9669270833333333 0.7287037037037037 0.015104166666666667 0.016666666666666666
0 0.30833333333333335 0.8101851851851852 0.013541666666666667 0.016666666666666666
3 0.38203125 0.425462962962963 0.06197916666666667 0.10833333333333334
3 0.30078125 0.7935185185185185 0.0515625 0.08518518518518518
3 0.74921875 0.576388888888889 0.04010416666666666 0.06759259259259259
3 0.9721354166666667 0.7226851851851852 0.05572916666666666 0.0787037037037037
