0 0.5135807291666666 0.6408212962962964 0.018484375000000004 0.01408148148148156
0 0.32644192708333336 0.6789606481481482 0.013861979166666672 0.01760277777777775
0 0.259771875 0.677786574074074 0.02178333333333331 0.01760277777777775
0 0.25647135416666667 0.6062027777777778 0.02178333333333334 0.012909259259259266
0 0.30696901041666663 0.6678120370370371 0.005280729166666671 0.04928703703703705
0 0.2551513020833333 0.6373009259259259 0.013861979166666642 0.04928703703703705
0 0.23996875 0.647862037037037 0.005940625000000003 0.042246296296296275
4 0.2594416666666667 0.6642912037037038 0.1042958333333333 0.15255648148148157
2 0.5145705729166666 0.636713888888889 0.031025520833333313 0.06454259259259261
0 0.6373489583333334 0.5657166666666666 0.008583333333333342 0.016429629629629655
3 0.593453125 0.5768652777777779 0.06072916666666662 0.1020953703703703
3 0.6185364583333334 0.5416592592592593 0.06072916666666674 0.11148333333333327
3 0.3142299479166667 0.637300925925926 0.06600989583333335 0.12439259259259254
0 0.21488515625 0.6942162037037037 0.007260937500000016 0.05515462962962964
0 0.24392942708333334 0.6009217592592593 0.009901562500000013 0.016428703703703647
0 0.6089635416666667 0.6009222222222222 0.013864583333333276 0.018775925925925946
0 0.5861901041666667 0.5950541666666667 0.018484375000000004 0.014082407407407464
0 0.5832213541666667 0.6126569444444444 0.019140625 0.01642870370370375
0 0.30894921875 0.8098069444444445 0.015842187499999955 0.014082407407407464
3 0.30168802083333335 0.795137962962963 0.05016770833333333 0.08566666666666665
0 0.41819583333333327 0.44367129629629626 0.011221874999999966 0.011735185185185218
0 0.4251268229166667 0.45716712962962963 0.011881770833333328 0.01760277777777775
0 0.3954221354166666 0.45481990740740746 0.018482812499999984 0.0176027777777778
0 0.7314140625000001 0.5944675925925926 0.018484375000000004 0.010561111111111065
0 0.7297604166666666 0.6120703703703705 0.012541666666666748 0.015255555555555555
0 0.904359375 0.6419949074074074 0.01584374999999992 0.01642870370370375
0 0.8918177083333333 0.6238050925925925 0.010562499999999985 0.012908333333333258
3 0.4043338541666667 0.4254819444444445 0.06270937500000003 0.1020953703703704
3 0.7314140625000001 0.5932939814814815 0.042244791666666615 0.07158425925925929
3 0.9037005208333333 0.6320199074074074 0.05413020833333325 0.07862499999999997
