0 0.5135807291666666 0.6408212962962964 0.018484375000000004 0.01408148148148156
0 0.32644192708333336 0.6789606481481482 0.013861979166666672 0.01760277777777775
1 0.259771875 0.677786574074074 0.02178333333333331 0.01760277777777775
0 0.25647135416666667 0.6062027777777778 0.02178333333333334 0.012909259259259266
0 0.30696901041666663 0.6678120370370371 0.005280729166666671 0.04928703703703705
0 0.2551513020833333 0.6373009259259259 0.013861979166666642 0.04928703703703705
0 0.23996875 0.647862037037037 0.005940625000000003 0.042246296296296275
4 0.2594416666666667 0.6642912037037038 0.1042958333333333 0.15255648148148157
2 0.5145705729166666 0.636713888888889 0.031025520833333313 0.06454259259259261
0 0.6373489583333334 0.5657166666666666 0.008583333333333342 0.016429629629629655
3 0.6185364583333334 0.5416592592592593 0.06072916666666674 0.11148333333333327
3 0.3142299479166667 0.637300925925926 0.06600989583333335 0.12439259259259254
0 0.21488515625 0.6942162037037037 0.007260937500000016 0.05515462962962964
0 0.24392942708333334 0.6009217592592593 0.009901562500000013 0.016428703703703647
0 0.30894921875 0.8098069444444445 0.015842187499999955 0.014082407407407464
3 0.30168802083333335 0.795137962962963 0.05016770833333333 0.08566666666666665
0 0.5951041666666667 0.5956407407407407 0.012541666666666748 0.015255555555555555
0 0.5729895833333334 0.5921208333333333 0.018479166666666675 0.012908333333333362
0 0.5696901041666665 0.6085499999999999 0.018484375000000004 0.015255555555555555
0 0.6076432291666667 0.5768648148148148 0.013859375000000066 0.015255555555555555
0 0.40433359375 0.44367129629629626 0.020463020833333328 0.016429629629629603
0 0.6944479166666667 0.6566638888888888 0.011885416666666633 0.015255555555555555
0 0.6690338541666667 0.6320199074074074 0.009901041666666662 0.012908333333333362
0 0.67134375 0.6554902777777778 0.013197916666666741 0.01760277777777775
0 0.6696953125 0.5246435185185185 0.020463541666666647 0.011735185185185166
0 0.6716744791666667 0.5410726851851853 0.013859375000000066 0.014082407407407358
0 0.6541822916666667 0.5316847222222222 0.010562499999999985 0.01642870370370375
0 0.7601276041666667 0.6566638888888889 0.009901041666666662 0.019950000000000048
0 0.7687083333333333 0.6848277777777778 0.012541666666666628 0.015255555555555555
3 0.4010333333333333 0.4178541666666667 0.045546874999999966 0.09153425925925929
3 0.7706875 0.6742666666666667 0.04818749999999999 0.08097222222222226
3 0.5792578125000001 0.5768648148148149 0.05082812499999995 0.1044425925925926
3 0.6657317708333332 0.5258171296296296 0.04026562499999997 0.0704101851851852
3 0.6802552083333334 0.6396476851851852 0.050822916666666745 0.0704101851851852
