0 0.5135807291666666 0.6408212962962964 0.018484375000000004 0.01408148148148156
0 0.32644192708333336 0.6789606481481482 0.013861979166666672 0.01760277777777775
0 0.259771875 0.677786574074074 0.02178333333333331 0.01760277777777775
0 0.25647135416666667 0.6062027777777778 0.02178333333333334 0.012909259259259266
0 0.30696901041666663 0.6678120370370371 0.005280729166666671 0.04928703703703705
0 0.2551513020833333 0.6373009259259259 0.013861979166666642 0.04928703703703705
0 0.23996875 0.647862037037037 0.005940625000000003 0.042246296296296275
4 0.2594416666666667 0.6642912037037038 0.1042958333333333 0.15255648148148157
2 0.5145705729166666 0.636713888888889 0.031025520833333313 0.06454259259259261
0 0.6373489583333334 0.5657166666666666 0.008583333333333342 0.016429629629629655
3 0.3142299479166667 0.637300925925926 0.06600989583333335 0.12439259259259254
0 0.21488515625 0.6942162037037037 0.007260937500000016 0.05515462962962964
0 0.24392942708333334 0.6009217592592593 0.009901562500000013 0.016428703703703647
0 0.30894921875 0.8098069444444445 0.015842187499999955 0.014082407407407464
3 0.30168802083333335 0.795137962962963 0.05016770833333333 0.08566666666666665
0 0.6059921875000001 0.5768652777777779 0.01320312500000007 0.01760277777777775
3 0.6168854166666667 0.5487004629629629 0.06535416666666667 0.10678981481481489
0 0.39938307291666664 0.431349537037037 0.022443229166666672 0.0176027777777778
0 0.6951067708333334 0.6554898148148149 0.013203124999999953 0.015255555555555555
0 0.6693619791666666 0.6331935185185186 0.011880208333333305 0.012909259259259266
0 0.671671875 0.6560768518518518 0.012541666666666748 0.01642962962962955
0 0.6921380208333333 0.5346185185185185 0.020463541666666647 0.01056111111111117
0 0.6944479166666667 0.5510476851851852 0.014520833333333271 0.01525648148148146
0 0.6789348958333332 0.5428333333333334 0.008578125000000015 0.015255555555555555
0 0.7640859375 0.6642912037037038 0.009901041666666662 0.021123148148148137
0 0.7716796875 0.6930421296296296 0.013203124999999953 0.01760277777777775
0 0.5901510416666668 0.6114837962962962 0.010562499999999985 0.021123148148148137
0 0.5673776041666667 0.6108967592592593 0.020463541666666647 0.012908333333333362
3 0.39872291666666665 0.4037722222222222 0.04356666666666662 0.09622777777777777
3 0.7729999999999999 0.6807203703703704 0.048843749999999984 0.07745185185185177
3 0.5733177083333333 0.5927074074074075 0.05214583333333327 0.1056166666666667
3 0.6888385416666667 0.5334453703703703 0.04290624999999994 0.0692370370370371
3 0.6805859375 0.6390611111111112 0.05280729166666672 0.06689074074074071
