0 0.5135807291666666 0.6408212962962964 0.018484375000000004 0.01408148148148156
0 0.32644192708333336 0.6789606481481482 0.013861979166666672 0.01760277777777775
0 0.259771875 0.677786574074074 0.02178333333333331 0.01760277777777775
0 0.25647135416666667 0.6062027777777778 0.02178333333333334 0.012909259259259266
0 0.30696901041666663 0.6678120370370371 0.005280729166666671 0.04928703703703705
0 0.2551513020833333 0.6373009259259259 0.013861979166666642 0.04928703703703705
0 0.23996875 0.647862037037037 0.005940625000000003 0.042246296296296275
4 0.2594416666666667 0.6642912037037038 0.1042958333333333 0.15255648148148157
2 0.5145705729166666 0.636713888888889 0.031025520833333313 0.06454259259259261
3 0.3142299479166667 0.637300925925926 0.06600989583333335 0.12439259259259254
0 0.21488515625 0.6942162037037037 0.007260937500000016 0.05515462962962964
0 0.24392942708333334 0.6009217592592593 0.009901562500000013 0.016428703703703647
0 0.30894921875 0.8098069444444445 0.015842187499999955 0.014082407407407464
3 0.30168802083333335 0.795137962962963 0.05016770833333333 0.08566666666666665
0 0.41258489583333335 0.41374675925925924 0.009241666666666622 0.012908333333333362
0 0.42017604166666667 0.42548240740740745 0.007261458333333278 0.015255555555555555
0 0.39245182291666664 0.4272425925925926 0.0178223958333333 0.018775925925925894
0 0.6802578125000001 0.6566638888888888 0.015182291666666714 0.015255555555555555
0 0.6703515624999999 0.6367138888888889 0.009901041666666662 0.012909259259259266
0 0.6947786458333333 0.5340314814814815 0.016505208333333243 0.011735185185185166
0 0.6990677083333333 0.5516342592592592 0.011885416666666633 0.01642962962962955
0 0.6786067708333333 0.5457666666666667 0.00792187500000002 0.018775925925925946
0 0.7729999999999999 0.6707458333333334 0.010562499999999985 0.012908333333333362
0 0.8003932291666667 0.7030171296296296 0.007265625000000024 0.01642870370370375
0 0.7792708333333334 0.697149537037037 0.012541666666666628 0.01642870370370375
0 0.5815703125 0.6742662037037037 0.009244791666666667 0.019949074074074143
0 0.5568151041666667 0.6930425925925927 0.020463541666666647 0.015255555555555555
0 0.6300885416666666 0.5733444444444444 0.007260416666666695 0.015255555555555555
0 0.6040130208333333 0.5880134259259259 0.01320312500000007 0.01642870370370375
3 0.3974026041666666 0.3990777777777778 0.060729166666666674 0.09622777777777777
3 0.78125 0.6942162037037037 0.05214583333333327 0.07862499999999997
3 0.5640781250000001 0.657250462962963 0.05742708333333333 0.11031018518518518
3 0.6894947916666666 0.5352055555555555 0.04290624999999994 0.06571666666666671
3 0.6099531250000001 0.5522212962962963 0.06072916666666674 0.11852407407407416
3 0.6815755208333333 0.6414083333333334 0.0455468749999999 0.0692370370370371
