0 0.5135807291666666 0.6408212962962964 0.018484375000000004 0.01408148148148156
0 0.32644192708333336 0.6789606481481482 0.013861979166666672 0.01760277777777775
0 0.259771875 0.677786574074074 0.02178333333333331 0.01760277777777775
0 0.25647135416666667 0.6062027777777778 0.02178333333333334 0.012909259259259266
0 0.30696901041666663 0.6678120370370371 0.005280729166666671 0.04928703703703705
0 0.2551513020833333 0.6373009259259259 0.013861979166666642 0.04928703703703705
0 0.23996875 0.647862037037037 0.005940625000000003 0.042246296296296275
4 0.2594416666666667 0.6642912037037038 0.1042958333333333 0.15255648148148157
2 0.5145705729166666 0.636713888888889 0.031025520833333313 0.06454259259259261
3 0.3142299479166667 0.637300925925926 0.06600989583333335 0.12439259259259254
0 0.21488515625 0.6942162037037037 0.007260937500000016 0.05515462962962964
0 0.24392942708333334 0.6009217592592593 0.009901562500000013 0.016428703703703647
0 0.30894921875 0.8098069444444445 0.015842187499999955 0.014082407407407464
3 0.30168802083333335 0.795137962962963 0.05016770833333333 0.08566666666666665
0 0.40664401041666665 0.4178541666666667 0.014522395833333293 0.014082407407407412
0 0.4106046875 0.4336967592592593 0.014521875000000031 0.0176027777777778
0 0.383540625 0.4237217592592593 0.014521875000000031 0.01877685185185185
0 0.6687031250000001 0.6425814814814815 0.017166666666666684 0.01760185185185195
0 0.6868567708333333 0.656663425925926 0.01122395833333331 0.012908333333333362
0 0.6640833333333334 0.6590106481481481 0.013197916666666741 0.01760277777777775
0 0.6937864583333333 0.5346185185185185 0.019802083333333324 0.015255555555555555
0 0.6974192708333333 0.5510476851851852 0.01122395833333331 0.01525648148148146
0 0.6789348958333332 0.5434199074074074 0.01122395833333331 0.014082407407407464
0 0.8201979166666666 0.7030171296296296 0.007260416666666695 0.01642870370370375
0 0.7977526041666666 0.707125 0.013859374999999948 0.015255555555555555
0 0.7895000000000001 0.6860013888888888 0.010562499999999985 0.01760277777777775
0 0.6083020833333334 0.696562962962963 0.01782291666666668 0.015255555555555555
0 0.5842109375 0.6860013888888888 0.01583854166666671 0.01525648148148146
0 0.5799192708333333 0.7024305555555556 0.01650520833333336 0.019950000000000048
0 0.5947734375 0.6097236111111111 0.011880208333333305 0.01760277777777775
0 0.5647369791666667 0.6114833333333334 0.01122395833333331 0.016429629629629655
3 0.39641250000000006 0.40025185185185186 0.06006875 0.10796296296296298
3 0.8017135416666666 0.6994967592592592 0.05214583333333327 0.07510462962962969
3 0.5984036458333333 0.6813074074074074 0.06930729166666663 0.09505370370370372
3 0.6891666666666666 0.5322717592592592 0.046208333333333344 0.06688981481481492
3 0.5818984374999999 0.579212037037037 0.06534895833333335 0.11148333333333338
3 0.6769557291666667 0.6437550925925926 0.04950520833333331 0.07627870370370368
