0 0.5119291666666667 0.6408212962962964 0.01914166666666664 0.01408148148148156
0 0.24359947916666666 0.6003351851851852 0.010561458333333343 0.015255555555555555
0 0.2541609375 0.6050291666666667 0.022443750000000023 0.012908333333333362
0 0.25944192708333336 0.676026388888889 0.02244322916666664 0.01642870370370375
0 0.30597864583333334 0.6695722222222221 0.004620833333333311 0.04107222222222228
0 0.2541609375 0.6373004629629629 0.01320208333333334 0.05163425925925925
0 0.23831848958333335 0.6466888888888889 0.007921354166666669 0.042246296296296275
0 0.21389505208333331 0.695976388888889 0.007921354166666669 0.05163425925925925
0 0.32743203125 0.6783736111111112 0.01320156249999999 0.016428703703703647
0 0.3974026041666667 0.4202013888888889 0.017162499999999997 0.009387962962962973
0 0.39839270833333335 0.43663055555555563 0.01914270833333334 0.016429629629629603
0 0.7046796875000001 0.6478625 0.01122395833333331 0.014082407407407464
0 0.6868567708333333 0.6326069444444445 0.015182291666666596 0.014082407407407464
0 0.6812447916666666 0.6478625 0.010562500000000105 0.016428703703703647
0 0.692796875 0.5357916666666667 0.019145833333333327 0.015255555555555555
0 0.6967578125 0.5516347222222222 0.013859374999999948 0.014082407407407464
0 0.6789348958333332 0.5434199074074074 0.01122395833333331 0.014082407407407464
0 0.8225078124999999 0.7024305555555556 0.00792187500000002 0.017601851851851844
0 0.8007239583333332 0.7082981481481482 0.014520833333333271 0.012909259259259266
0 0.7901614583333334 0.6860013888888888 0.010562499999999985 0.01760277777777775
0 0.582890625 0.7176865740740741 0.019802083333333324 0.01760277777777775
0 0.6125963541666666 0.7118185185185185 0.011880208333333305 0.019950000000000048
0 0.5944427083333332 0.6138305555555555 0.01121874999999998 0.01408148148148156
0 0.5627578124999999 0.6161773148148149 0.01122395833333331 0.016428703703703647
0 0.3076291666666667 0.8092199074074075 0.014521875000000031 0.01760277777777775
2 0.5139091145833333 0.6361273148148148 0.029702604166666664 0.06336944444444441
4 0.25878151041666664 0.6619444444444446 0.10297552083333332 0.15020925925925926
3 0.3139 0.6367143518518518 0.06666979166666671 0.12556574074074073
3 0.39542239583333333 0.3990782407407408 0.044886458333333344 0.1009212962962963
3 0.8033645833333334 0.7006703703703704 0.0514895833333334 0.07275740740740749
3 0.5914739583333334 0.6959763888888889 0.0712916666666666 0.09857500000000001
3 0.6891666666666666 0.5334449074074075 0.046208333333333344 0.06454351851851851
3 0.5812395833333334 0.5850796296296297 0.06666666666666667 0.11148333333333338
3 0.6937864583333334 0.6361273148148148 0.05148958333333328 0.0727583333333334
3 0.301028125 0.7927912037037038 0.0528083333333333 0.08331944444444446
