0 0.5125893229166666 0.6396476851851852 0.017821354166666657 0.01642870370370375
0 0.259771875 0.6789606481481482 0.02178333333333331 0.01760277777777775
0 0.25581145833333335 0.6079629629629629 0.02178333333333337 0.016429629629629655
0 0.24392942708333332 0.6003351851851851 0.013861979166666672 0.017601851851851844
0 0.21389479166666667 0.6942157407407407 0.006601041666666655 0.050461111111111054
0 0.23897864583333334 0.6449287037037037 0.007920833333333318 0.04342037037037038
0 0.25350078125 0.6378875 0.011881770833333328 0.04811388888888886
0 0.30663906250000006 0.6707458333333334 0.004620833333333311 0.04811388888888886
0 0.32776197916666666 0.6801337962962963 0.011221875000000025 0.01760277777777775
0 0.3908018229166667 0.4219615740740741 0.018482812499999984 0.012908333333333362
0 0.4112645833333333 0.42137500000000006 0.006601041666666655 0.016429629629629603
0 0.3888213541666667 0.4348703703703704 0.019803125000000026 0.015255555555555555
0 0.6518723958333333 0.6502092592592593 0.015182291666666714 0.01642962962962955
0 0.6700234375 0.6619444444444446 0.014526041666666718 0.016429629629629655
0 0.6931276041666665 0.5340319444444445 0.019807291666666654 0.014082407407407464
0 0.6954401041666666 0.5504606481481481 0.015182291666666596 0.014082407407407358
0 0.6772864583333332 0.5428328703703704 0.010562499999999985 0.01760277777777775
0 0.7663984374999999 0.6766129629629629 0.009244791666666667 0.015255555555555555
0 0.7941223958333333 0.7088847222222223 0.009244791666666667 0.016428703703703647
0 0.7710182291666666 0.7024305555555556 0.013203124999999953 0.019950000000000048
0 0.5941119791666667 0.7129921296296297 0.019807291666666654 0.01525648148148146
0 0.5657265625 0.706537962962963 0.013203124999999953 0.018775925925925946
0 0.5898229166666666 0.6009217592592593 0.007260416666666695 0.016428703703703647
0 0.5624270833333334 0.6144171296296297 0.014520833333333271 0.01760277777777775
0 0.309609375 0.8092203703703705 0.014521874999999972 0.015255555555555555
2 0.5145700520833334 0.637300925925926 0.029703645833333365 0.06571666666666671
4 0.2584515625 0.6613578703703703 0.10363541666666665 0.15138240740740747
3 0.31456015625 0.6361273148148148 0.06534947916666667 0.12673981481481483
3 0.39509244791666664 0.4008384259259259 0.05082760416666664 0.10444166666666664
3 0.7762994791666666 0.6953898148148148 0.05280729166666672 0.08097222222222217
3 0.5819010416666667 0.6924560185185185 0.06270833333333338 0.09388055555555552
3 0.6885052083333333 0.5340314814814815 0.0448854166666667 0.0657166666666666
3 0.5713385416666666 0.5792115740740742 0.06270833333333338 0.11383055555555557
3 0.6630937499999999 0.6507962962962963 0.04951041666666676 0.0692370370370371
3 0.30135807291666666 0.7945513888888889 0.054788020833333326 0.08214537037037047
