0 0.5076390625 0.6419949074074074 0.017162499999999997 0.01642870370370375
0 0.2531708333333333 0.6783736111111112 0.02046354166666668 0.01877685185185185
0 0.25020026041666665 0.6062027777777778 0.022443229166666672 0.012909259259259266
0 0.23798854166666666 0.6009217592592593 0.009901041666666662 0.016428703703703647
0 0.20795390625 0.6977365740740741 0.005280729166666671 0.04811388888888896
0 0.23270781249999997 0.647862037037037 0.005940625000000003 0.042246296296296275
0 0.24855026041666667 0.6378875 0.013861979166666672 0.050460185185185254
0 0.3006979166666666 0.6725060185185185 0.005940625000000033 0.04224722222222218
0 0.32050104166666665 0.6807203703703704 0.013862499999999993 0.018775925925925946
0 0.39509218749999997 0.4202013888888889 0.019142708333333282 0.009387962962962973
0 0.39608229166666664 0.43663055555555563 0.017162499999999997 0.014081481481481507
0 0.374959375 0.42137500000000006 0.006601041666666655 0.016429629629629603
0 0.4894864583333334 0.6378875 0.015182291666666655 0.012908333333333362
0 0.49641744791666664 0.6537300925925926 0.011881770833333328 0.016428703703703647
0 0.4743044270833333 0.6531435185185185 0.013861979166666672 0.015255555555555555
0 0.6063255208333334 0.5287509259259259 0.011223958333333428 0.01056111111111117
0 0.6023645833333333 0.5516342592592592 0.013864583333333276 0.01642962962962955
0 0.5809088541666667 0.5504611111111112 0.011880208333333305 0.01877592592592584
0 0.7155703125 0.5739310185185186 0.009244791666666667 0.014082407407407464
0 0.6865260416666668 0.5575018518518519 0.009239583333333337 0.011735185185185166
0 0.6934557291666666 0.5774518518518518 0.015182291666666714 0.016429629629629655
0 0.8096328125 0.7476106481481481 0.020463541666666765 0.01877685185185185
0 0.7819114583333333 0.735875925925926 0.01121874999999998 0.023470370370370332
0 0.6482395833333333 0.5146685185185186 0.010562499999999985 0.015255555555555555
0 0.6789348958333332 0.5205361111111112 0.008578125000000015 0.015255555555555555
0 0.3023481770833333 0.8098069444444445 0.015842187500000014 0.016428703703703647
2 0.5083 0.6378875 0.029045833333333347 0.06454351851851851
4 0.25350078125 0.6619444444444446 0.10297552083333332 0.15020925925925926
3 0.3099395833333334 0.6373004629629629 0.06931041666666662 0.12204537037037035
3 0.3911315104166667 0.3996652777777778 0.05082760416666669 0.10209537037037035
3 0.6993984374999999 0.5686504629629631 0.04554687500000002 0.07393055555555558
3 0.8003932291666667 0.7235537037037039 0.06930729166666663 0.09505370370370372
3 0.5941119791666666 0.5404861111111111 0.047526041666666664 0.0692370370370371
3 0.6604505208333333 0.4911986111111111 0.07063020833333328 0.11148425925925928
3 0.48156510416666665 0.6437550925925926 0.04554687500000002 0.06454351851851851
3 0.2954171875 0.7980717592592593 0.052147916666666676 0.08683981481481486
