0 0.49938802083333333 0.6402347222222222 0.017822916666666622 0.012908333333333362
0 0.22775703125 0.6026824074074074 0.010561979166666664 0.015255555555555555
0 0.24062916666666667 0.6073763888888889 0.02178333333333334 0.012908333333333362
0 0.24425963541666665 0.6795472222222223 0.02112343750000001 0.014081481481481454
0 0.29178671874999995 0.6742666666666668 0.005280729166666671 0.038725925925925886
0 0.23996875 0.6378875 0.012541666666666658 0.050460185185185254
0 0.22478645833333336 0.6466888888888889 0.005940625000000003 0.039899999999999984
0 0.19937291666666665 0.7030171296296297 0.006601041666666655 0.044593518518518574
0 0.31224973958333335 0.6789606481481482 0.01320156249999999 0.01760277777777775
0 0.41621536458333336 0.4477787037037037 0.01782239583333336 0.015255555555555555
0 0.5442734375 0.7217935185185186 0.020463541666666765 0.011735185185185166
0 0.5459244791666668 0.7393962962962963 0.01716145833333336 0.01642962962962955
0 0.6125937499999999 0.5475273148148149 0.010562499999999985 0.017602777777777853
0 0.6211770833333332 0.5610226851851852 0.005281250000000052 0.016428703703703647
0 0.5997239583333334 0.5639560185185185 0.013864583333333276 0.01760277777777775
0 0.7225 0.578038425925926 0.012541666666666628 0.01525648148148146
0 0.6993984374999999 0.5745180555555556 0.009901041666666662 0.01760277777777775
0 0.7667291666666666 0.678373611111111 0.019145833333333327 0.021123148148148137
0 0.7588072916666667 0.6484490740740741 0.01121874999999998 0.017601851851851844
0 0.6706822916666667 0.5187763888888889 0.010562499999999985 0.016428703703703647
0 0.6409791666666665 0.5146689814814814 0.013197916666666623 0.019949074074074036
0 0.29376692708333335 0.8109800925925926 0.014522395833333352 0.01642870370370375
2 0.500378125 0.636713888888889 0.027723958333333344 0.06454259259259261
4 0.24260937500000002 0.6654652777777778 0.10627604166666667 0.15255648148148146
3 0.2990479166666667 0.6390606481481482 0.06733020833333331 0.12556574074074073
3 0.42281640624999994 0.4172675925925926 0.05346822916666666 0.09974814814814811
3 0.7119401041666668 0.5663032407407408 0.04818229166666666 0.07627870370370368
3 0.7749791666666667 0.6537300925925926 0.07129166666666673 0.11031018518518518
3 0.6043437500000001 0.5492870370370371 0.04422916666666658 0.0657166666666666
3 0.6515416666666667 0.49002546296296295 0.07129166666666673 0.11383055555555557
3 0.5436145833333333 0.7188597222222223 0.038947916666666714 0.07627870370370368
3 0.28584583333333335 0.795725 0.05412812500000002 0.08449259259259266
