0 0.4908067708333333 0.6396476851851852 0.016502083333333376 0.014082407407407358
0 0.23468802083333332 0.6795472222222223 0.024423958333333336 0.016429629629629655
0 0.23204765624999998 0.6073763888888889 0.021782812499999988 0.012908333333333362
0 0.21950572916666666 0.6026819444444446 0.011221874999999996 0.017602777777777853
0 0.19079166666666666 0.7030171296296296 0.006601041666666655 0.03989907407407408
0 0.21554505208333333 0.6490361111111111 0.007260937500000016 0.04224629629629638
0 0.22940729166666665 0.6378875 0.011221874999999996 0.04811388888888886
0 0.28287526041666666 0.6748532407407407 0.005941145833333295 0.037552777777777796
0 0.3043286458333333 0.6807203703703704 0.014521874999999972 0.018775925925925946
0 0.268353125 0.7992449074074075 0.009901041666666692 0.014082407407407358
0 0.24359947916666666 0.8086333333333334 0.015842708333333337 0.016429629629629655
0 0.6921380208333334 0.5217101851851851 0.009901041666666662 0.015255555555555555
0 0.6908177083333332 0.499413425925926 0.0112187500000001 0.010562037037037073
0 0.6720026041666666 0.5252300925925927 0.011880208333333423 0.01760277777777775
0 0.8258072916666667 0.5440064814814816 0.005281249999999934 0.015255555555555555
0 0.79709375 0.529337962962963 0.01121874999999998 0.01173518518518527
0 0.8046822916666666 0.5475273148148149 0.01452083333333339 0.017602777777777853
0 0.7086380208333334 0.6232185185185186 0.020463541666666647 0.018775925925925946
0 0.6885078124999999 0.6091365740740741 0.00792187500000002 0.01877685185185185
0 0.6541822916666667 0.5123222222222222 0.010562499999999985 0.015255555555555555
0 0.6251354166666666 0.5076277777777779 0.010562500000000105 0.015255555555555555
0 0.1515153645833333 0.6813074074074075 0.013861979166666672 0.010561111111111065
0 0.15976666666666667 0.6590106481481482 0.010561458333333343 0.01525648148148146
2 0.49278697916666664 0.6361273148148149 0.03102499999999999 0.061023148148148125
4 0.23534817708333336 0.6642916666666666 0.10363593750000002 0.15020925925925926
3 0.29046640625000003 0.6419944444444445 0.06865052083333334 0.12673888888888893
3 0.8083151041666667 0.5369652777777778 0.04950520833333331 0.0715842592592592
3 0.7069895833333334 0.6009217592592593 0.05281249999999993 0.08683981481481486
3 0.6819062499999999 0.5129087962962963 0.040927083333333295 0.06336944444444441
3 0.639 0.4841574074074074 0.06072916666666674 0.1044425925925926
3 0.24789010416666668 0.7910310185185185 0.05346770833333334 0.07510462962962969
3 0.14623463541666665 0.6701592592592592 0.050827604166666665 0.07745185185185188
