0 0.29079661458333333 0.35800509259259256 0.009901562500000042 0.014082407407407412
0 0.26175208333333333 0.3574185185185185 0.011221874999999996 0.015255555555555555
0 0.40532369791666667 0.3380555555555556 0.015842187499999955 0.011735185185185218
0 0.7056692708333333 0.6144171296296297 0.009244791666666667 0.012908333333333362
0 0.6934583333333334 0.6296731481481482 0.013864583333333276 0.015255555555555555
0 0.6462604166666667 0.6267393518518519 0.01584375000000004 0.014082407407407358
0 0.652203125 0.6408212962962964 0.010562499999999985 0.011735185185185166
0 0.6277760416666667 0.637300925925926 0.010562499999999985 0.016429629629629655
1 0.5267828125 0.254149537037037 0.0171635416666667 0.01056203703703702
0 0.542625 0.2811402777777777 0.010562499999999985 0.045767592592592624
0 0.5092893229166666 0.2764462962962963 0.009901562499999983 0.04342037037037038
0 0.5248020833333333 0.27116527777777777 0.003958333333333286 0.025817592592592628
4 0.52348125 0.2946361111111111 0.06732916666666669 0.10796296296296298
2 0.4109346354166667 0.332775 0.032345312500000035 0.06219629629629632
3 0.6934557291666666 0.6155907407407407 0.04554687500000002 0.07627777777777778
3 0.6376796875 0.6255657407407408 0.05148437499999995 0.07745185185185177
3 0.27693437499999995 0.34098935185185186 0.06006875 0.09740092592592592
3 0.3554861979166667 0.3098912037037037 0.05346822916666672 0.08214537037037035
