0 0.8317708333333333 0.33101851851851855 0.020833333333333332 0.010185185185185186
0 0.7908854166666667 0.49444444444444446 0.008854166666666666 0.012962962962962964
0 0.8010416666666667 0.5115740740740741 0.01875 0.01388888888888889
0 0.8252604166666666 0.5037037037037038 0.005729166666666666 0.014814814814814815
0 0.5677083333333334 0.5263888888888889 0.0125 0.017592592592592594
2 0.8325520833333333 0.32407407407407407 0.030729166666666665 0.05925925925925926
3 0.8059895833333334 0.487962962962963 0.058854166666666666 0.08333333333333334
3 0.5557291666666666 0.49212962962962964 0.057291666666666664 0.10462962962962963
0 0.00546875 0.7199074074074074 0.009895833333333333 0.017592592592592594
3 0.008333333333333333 0.7115740740740741 0.015625 0.09166666666666667
