0 0.33898385416666665 0.6449282407407408 0.01914270833333334 0.012908333333333362
0 0.07395364583333333 0.6989097222222223 0.02376354166666667 0.01760277777777775
0 0.06834296875 0.6267393518518519 0.025744270833333326 0.014082407407407358
0 0.05613119791666667 0.6202847222222223 0.013202187499999995 0.02229722222222224
0 0.12511145833333334 0.6930425925925926 0.005940625000000003 0.03872592592592599
0 0.06669270833333334 0.6584240740740741 0.011882291666666663 0.04694074074074077
0 0.050850338541666665 0.6707458333333334 0.007921197916666662 0.04576759259259257
0 0.025766536458333333 0.7259009259259259 0.007921197916666662 0.045766666666666664
0 0.14524453125 0.6959763888888889 0.014522395833333323 0.016428703703703647
0 0.16834817708333336 0.44601851851851854 0.007921354166666669 0.016429629629629655
0 0.14293437499999997 0.44895231481481485 0.019142708333333314 0.015256481481481511
0 0.13105260416666664 0.4260685185185185 0.008581249999999985 0.011735185185185166
0 0.23072734374999998 0.4900250000000001 0.007260937499999986 0.015255555555555555
0 0.52018203125 0.4894384259259259 0.010563020833333306 0.01642870370370375
0 0.6112734375 0.5134953703703704 0.018484375000000004 0.012909259259259266
0 0.6271171875 0.5211231481481482 0.00792187500000002 0.01408148148148156
0 0.6069843749999999 0.5305115740740741 0.013864583333333395 0.014082407407407464
0 0.5066489583333333 0.6378875 0.01914270833333334 0.015256481481481565
0 0.48816640625 0.6232185185185186 0.012542187500000008 0.016429629629629655
0 0.48090520833333333 0.6373009259259259 0.011221874999999966 0.018775925925925946
0 0.5020283854166666 0.5088009259259261 0.009901562499999983 0.015255555555555555
0 0.47298411458333334 0.5064541666666666 0.009901562499999983 0.01760277777777775
0 0.5053289062499999 0.5504611111111112 0.011221354166666704 0.016429629629629655
0 0.48816640624999996 0.540486111111111 0.01650260416666664 0.015255555555555555
0 0.48222552083333337 0.5551550925925927 0.012541666666666687 0.016428703703703647
2 0.3406341145833333 0.6402347222222223 0.029044270833333326 0.05984907407407413
4 0.072633671875 0.6830675925925925 0.11221703125 0.16194444444444442
3 0.1330328125 0.6543166666666668 0.07327083333333333 0.1302592592592592
3 0.14953515625 0.4225481481481481 0.06534947916666667 0.10092222222222226
3 0.6162265625000001 0.5111486111111112 0.046869791666666674 0.07862500000000003
3 0.50334921875 0.6114837962962962 0.0640307291666667 0.10561574074074069
3 0.51918984375 0.4747699074074075 0.038943229166666704 0.05984907407407413
3 0.48684609375 0.479463425925926 0.06138906249999998 0.1067898148148148
3 0.23963880208333332 0.4829842592592593 0.03696510416666667 0.06454259259259261
3 0.49410703125 0.5422467592592594 0.04422656250000004 0.06336944444444441
