0 0.36010703125 0.6302597222222222 0.020463020833333328 0.014082407407407358
0 0.07989479166666667 0.6044425925925926 0.009241666666666667 0.01642962962962955
0 0.0917765625 0.6091365740740742 0.022443750000000005 0.014082407407407358
0 0.09705729166666668 0.6824810185185186 0.026404166666666666 0.017602777777777853
0 0.04986013020833333 0.7077115740740741 0.0072609895833333285 0.04459351851851847
0 0.07692421875 0.6507962962962963 0.005941145833333324 0.03872592592592599
0 0.09144661458333332 0.6414078703703704 0.009901562499999997 0.04811388888888886
0 0.14788515625 0.676026388888889 0.005280729166666671 0.03989907407407408
0 0.16966848958333333 0.6795472222222223 0.011881770833333328 0.016429629629629655
0 0.15316588541666665 0.4137472222222222 0.007921354166666669 0.019949999999999992
0 0.1317125 0.41961435185185186 0.013862500000000007 0.01290833333333331
0 0.25350078125 0.4759430555555556 0.00924114583333333 0.0176027777777778
0 0.5422942708333333 0.4765296296296297 0.01122395833333331 0.016429629629629655
0 0.46638281249999997 0.5839060185185185 0.008581249999999999 0.01525648148148146
0 0.44856015625 0.5774513888888889 0.020463020833333328 0.014082407407407358
0 0.4442697916666667 0.5956407407407407 0.01320208333333337 0.015255555555555555
0 0.4023533854166666 0.7499574074074074 0.00858177083333332 0.01877592592592584
0 0.5241414062499999 0.49530601851851846 0.010560937500000023 0.01642870370370375
0 0.4937770833333333 0.4923722222222222 0.01320208333333331 0.01760185185185195
0 0.3911315104166667 0.8362111111111111 0.0165026041666667 0.015255555555555555
0 0.37264895833333334 0.8168476851851852 0.007261458333333337 0.01642870370370375
0 0.3670380208333333 0.8338638888888888 0.007920833333333318 0.019950000000000048
2 0.3624171875 0.6249787037037037 0.03036458333333331 0.06219629629629632
4 0.09738721354166667 0.6707458333333334 0.10891619791666667 0.15842314814814815
3 0.15613619791666666 0.6367143518518518 0.07195052083333332 0.12556574074074073
3 0.13633333333333333 0.3937972222222223 0.05610833333333335 0.09974814814814816
3 0.4551614583333334 0.5739310185185186 0.049507291666666654 0.07510462962962969
3 0.38420052083333334 0.7305944444444445 0.060729166666666674 0.1044425925925926
3 0.5416328125 0.460687037037037 0.03630729166666662 0.05750185185185183
3 0.50730859375 0.4677287037037038 0.0640286458333333 0.10444259259259266
3 0.2637325520833333 0.46948842592592593 0.03630572916666669 0.06336944444444452
3 0.3865109375 0.8233023148148149 0.052147916666666676 0.08566574074074075
