4 0.12115078124999999 0.30167685185185183 0.04026614583333332 0.06102222222222222
2 0.9442942708333334 0.4882648148148149 0.03498437500000004 0.05398148148148149
0 0.9403359375 0.490025 0.020463541666666647 0.019950000000000048
0 0.11818046874999999 0.2987430555555556 0.011881770833333328 0.03168425925925925
2 0.18221015625 0.29287546296296296 0.01716302083333332 0.03403240740740741
3 0.2703333333333333 0.36035231481481483 0.02178333333333334 0.03520462962962959
3 0.16603776041666668 0.8802162037037038 0.0666703125 0.11030833333333337
3 0.30696901041666663 0.4143337962962963 0.03960572916666667 0.07979907407407406
3 0.44922057291666667 0.3239736111111111 0.020463020833333328 0.0328583333333333
3 0.6993984375 0.5340319444444445 0.04026562499999997 0.061023148148148125
0 0.18122005208333333 0.8766967592592593 0.011221354166666645 0.02816388888888892
0 0.15283593750000002 0.9218768518518519 0.02178333333333334 0.01994999999999994
0 0.6941171875 0.5234699074074075 0.009901041666666662 0.009387962962962973
0 0.69246875 0.5381393518518518 0.009239583333333337 0.017602777777777853
0 0.3036684895833333 0.4430847222222222 0.009241145833333301 0.012908333333333362
0 0.44691015624999997 0.3310148148148148 0.009241145833333301 0.011735185185185218
0 0.2696731770833333 0.3697402777777778 0.009901562500000013 0.009387962962962973
0 0.7106197916666667 0.5492875 0.00990624999999999 0.016428703703703647
3 0.8479218749999999 0.5956412037037038 0.08779166666666664 0.08566574074074075
0 0.18551067708333335 0.29287546296296296 0.00924114583333333 0.012908333333333362
