0 0.4710036458333333 0.6255657407407408 0.02178333333333337 0.01408148148148156
0 0.21488515625 0.666638425925926 0.023103645833333353 0.01877685185185185
0 0.21191458333333332 0.5956407407407407 0.023763541666666683 0.015255555555555555
0 0.19937291666666665 0.5903601851851852 0.010561458333333343 0.016429629629629655
0 0.26373255208333335 0.6631180555555556 0.005941145833333354 0.037552777777777796
0 0.20894401041666666 0.6273259259259258 0.009901562500000013 0.045766666666666664
0 0.19475182291666665 0.6361273148148148 0.005280729166666671 0.04459351851851847
0 0.17098828125 0.6895217592592593 0.007921354166666669 0.043419444444444476
0 0.2835354166666667 0.6666384259259259 0.013862499999999993 0.014082407407407358
0 0.27198359375 0.40494537037037037 0.007921354166666639 0.018775925925925946
0 0.25185078125 0.4108134259259259 0.013861979166666672 0.0164287037037037
0 0.36736796875 0.46772870370370373 0.005941145833333295 0.015255555555555555
0 0.6528619791666666 0.4759430555555556 0.01320312500000007 0.0176027777777778
0 0.5300833333333334 0.647862037037037 0.009239583333333396 0.018775925925925946
0 0.5376718749999999 0.6595976851851852 0.007260416666666695 0.014082407407407464
0 0.5165500000000001 0.6631180555555556 0.015181250000000012 0.01877685185185185
0 0.3627473958333333 0.796311574074074 0.009901041666666662 0.012908333333333258
0 0.6347083333333334 0.49589259259259266 0.00990624999999999 0.015255555555555555
0 0.6056640625 0.4923722222222222 0.011223958333333428 0.01760185185185195
0 0.11454973958333332 0.7217935185185186 0.013861979166666672 0.011735185185185166
0 0.11289947916666666 0.745850462962963 0.01320208333333334 0.01760277777777775
2 0.47265416666666665 0.6220449074074075 0.03036458333333331 0.06336944444444441
4 0.21521510416666664 0.6531430555555556 0.10693645833333332 0.14903611111111117
3 0.27330390625 0.6238050925925925 0.06865052083333334 0.12556574074074073
3 0.2551513020833333 0.3844092592592593 0.05346822916666669 0.09974814814814816
3 0.519190625 0.6484490740740741 0.05082708333333338 0.07627777777777778
3 0.3812302083333333 0.7904439814814814 0.07591145833333333 0.11383055555555557
3 0.6512109375 0.4618606481481482 0.038942708333333326 0.05984907407407413
3 0.6188671874999999 0.46948842592592593 0.06139062500000006 0.11031018518518518
3 0.37594947916666666 0.460100462962963 0.03498541666666668 0.05867499999999998
3 0.10167812500000001 0.7405699074074074 0.06336979166666667 0.08683981481481474
