0 0.5264513020833334 0.6320199074074074 0.020461979166666686 0.015256481481481565
0 0.2703333333333333 0.6678120370370372 0.02178333333333334 0.016429629629629655
0 0.2673630208333333 0.5962277777777777 0.021122916666666658 0.014081481481481454
0 0.2551513020833333 0.5897736111111112 0.009901562500000013 0.012908333333333362
0 0.3178606770833333 0.6654648148148148 0.00462031249999999 0.0352055555555555
0 0.26439244791666666 0.6284990740740741 0.012542187499999979 0.045766666666666664
0 0.25152083333333336 0.6373009259259259 0.006601041666666655 0.042246296296296275
0 0.22676692708333335 0.6924555555555556 0.005941145833333324 0.042246296296296275
0 0.33865390625 0.6678120370370371 0.011881770833333328 0.018775925925925946
0 0.33304296875000006 0.41961435185185186 0.019143229166666664 0.0176027777777778
0 0.32182109375 0.3967314814814815 0.009901562500000042 0.011735185185185218
0 0.4218263020833333 0.4724226851851852 0.006600520833333334 0.012908333333333362
0 0.7083098958333333 0.4841578703703704 0.011880208333333305 0.012908333333333362
0 0.4102747395833333 0.7669736111111112 0.009901562499999983 0.019949074074074143
0 0.38453072916666664 0.7728412037037037 0.013862499999999993 0.01760277777777775
0 0.3624171875 0.8092199074074075 0.019803124999999967 0.019949074074074143
0 0.3307325520833333 0.805112962962963 0.014522395833333293 0.023470370370370437
0 0.6597916666666667 0.49941296296296295 0.01121874999999998 0.015255555555555555
0 0.6898281249999999 0.5052810185185185 0.010562499999999985 0.012908333333333362
0 0.15811666666666666 0.717099537037037 0.015182291666666655 0.014082407407407358
0 0.17032838541666667 0.69715 0.011881770833333328 0.018775925925925946
2 0.5271111979166666 0.6267393518518519 0.028381770833333302 0.06336944444444441
4 0.27066328125 0.6525564814814815 0.10297552083333332 0.14786296296296297
3 0.3261119791666667 0.6249791666666666 0.06733020833333334 0.12087129629629635
3 0.3399739583333333 0.39790462962962964 0.0633697916666667 0.10092222222222226
3 0.3947622395833334 0.7628662037037037 0.05280781249999998 0.07979907407407406
3 0.3475651041666667 0.7845763888888889 0.06799062500000001 0.10913611111111109
3 0.7092994791666667 0.47242222222222224 0.03366145833333339 0.06219629629629632
3 0.6736536458333333 0.47653009259259266 0.06139062499999994 0.11031018518518523
3 0.43139791666666666 0.4659680555555556 0.03498541666666668 0.05632870370370374
3 0.15679635416666665 0.7053643518518519 0.04950729166666668 0.07275833333333329
