0 0.52447109375 0.6314328703703704 0.019141145833333262 0.014082407407407464
0 0.25482109374999995 0.5903601851851852 0.007921354166666669 0.016429629629629655
0 0.2663729166666666 0.5950541666666667 0.02178333333333331 0.014082407407407464
0 0.27165364583333335 0.6678120370370371 0.02046354166666668 0.018775925925925946
0 0.227096875 0.6912819444444445 0.007920833333333318 0.03989907407407408
0 0.25152083333333336 0.6373004629629629 0.006601041666666655 0.044593518518518574
0 0.26571276041666664 0.6284995370370371 0.011221354166666675 0.043419444444444476
0 0.3185208333333333 0.6648782407407408 0.005940625000000033 0.03637870370370369
0 0.3379934895833333 0.6683986111111111 0.011881770833333328 0.01760277777777775
0 0.32611171875 0.4031851851851852 0.007921354166666698 0.015255555555555555
0 0.3063088541666667 0.4108134259259259 0.01320208333333337 0.014082407407407412
0 0.4218263020833333 0.4724226851851852 0.006600520833333334 0.012908333333333362
0 0.7069895833333334 0.48415740740740754 0.010562499999999985 0.015255555555555555
0 0.40895442708333335 0.7687337962962962 0.011221354166666704 0.01877685185185185
0 0.383540625 0.7716680555555555 0.014521875000000031 0.017602777777777853
0 0.36736822916666667 0.8168481481481482 0.02178333333333337 0.018775925925925946
0 0.33601328124999996 0.8127402777777778 0.014522395833333352 0.024643518518518526
0 0.6894973958333334 0.5041074074074073 0.009901041666666662 0.015255555555555555
0 0.6601223958333333 0.49941296296296295 0.010557291666666658 0.015255555555555555
0 0.17032838541666667 0.6959759259259259 0.011881770833333328 0.018775925925925946
0 0.15811640624999998 0.7165125 0.016502604166666667 0.017602777777777853
2 0.5261229166666667 0.6284995370370372 0.029045833333333288 0.06454351851851851
4 0.27099348958333336 0.6531430555555556 0.1036359375 0.14903611111111117
3 0.32611171875 0.6243921296296296 0.06600989583333335 0.12204537037037046
3 0.31059947916666664 0.38264907407407406 0.05346770833333328 0.09622777777777777
3 0.39377213541666667 0.7622796296296296 0.05346822916666666 0.07862592592592597
3 0.3528458333333333 0.7939643518518519 0.06799062500000001 0.10913611111111109
3 0.7076484375 0.47007546296296293 0.03432812500000004 0.057502777777777736
3 0.6743125 0.47476944444444447 0.06270833333333338 0.10678888888888893
3 0.43139765625 0.46538148148148145 0.03630572916666666 0.06219629629629627
3 0.15745625 0.7041907407407408 0.05214791666666666 0.07745185185185188
