0 0.5238109375 0.6302597222222222 0.020461458333333304 0.014082407407407358
0 0.2700033854166667 0.6666384259259259 0.022443229166666672 0.01642870370370375
0 0.2673630208333333 0.5956412037037038 0.021122916666666658 0.012908333333333362
0 0.25548125 0.5909467592592592 0.010561458333333343 0.01760277777777775
0 0.26472265624999997 0.6284990740740741 0.011881770833333328 0.045766666666666664
0 0.251190625 0.6367138888888889 0.005940624999999974 0.04342037037037038
0 0.22676692708333335 0.6906953703703704 0.005941145833333324 0.04107222222222218
0 0.33964401041666664 0.6701592592592592 0.013861979166666672 0.01877592592592584
0 0.32842239583333327 0.40259861111111117 0.008581249999999999 0.0164287037037037
0 0.3072989583333333 0.4108134259259259 0.012541666666666628 0.014082407407407412
0 0.4214963541666667 0.47183564814814816 0.005940624999999974 0.014082407407407412
0 0.7083098958333333 0.48357083333333334 0.009244791666666667 0.014082407407407358
0 0.4139052083333334 0.7634532407407407 0.009241666666666681 0.019949074074074143
0 0.3838705729166667 0.7440902777777779 0.011221354166666645 0.014082407407407358
0 0.3891513020833333 0.7669736111111112 0.013861979166666613 0.01760277777777775
0 0.3356833333333333 0.8127407407407408 0.015182291666666655 0.02229629629629623
0 0.6888359375 0.5046939814814816 0.01122395833333331 0.01642870370370375
0 0.6611119791666666 0.5 0.01122395833333331 0.01642962962962955
0 0.14821510416666667 0.7018439814814815 0.008581249999999999 0.014082407407407464
0 0.1525057291666667 0.7206199074074074 0.009241666666666652 0.016428703703703647
0 0.12676197916666668 0.7253138888888888 0.01320208333333334 0.01877592592592584
0 0.36802838541666666 0.8162611111111111 0.020463020833333328 0.02229629629629623
2 0.5248026041666667 0.6284995370370372 0.03168645833333331 0.06454351851851851
0 0.3181908854166667 0.6648782407407409 0.005280729166666671 0.03403240740740741
4 0.27132369791666666 0.6519694444444444 0.10297552083333335 0.15138333333333337
3 0.32677187500000004 0.6261523148148148 0.06733020833333334 0.12556574074074073
3 0.3112596354166667 0.38323564814814814 0.0521473958333333 0.09740092592592592
3 0.39641250000000006 0.7564120370370371 0.050828125000000016 0.07862592592592597
3 0.3525158854166667 0.7945509259259259 0.07129114583333335 0.10796296296296289
3 0.7086380208333334 0.4706620370370371 0.036307291666666686 0.05867592592592593
3 0.6749739583333334 0.4724226851851852 0.061385416666666734 0.10678981481481484
3 0.4304075520833333 0.46538148148148145 0.03300468750000001 0.05750185185185189
3 0.13402291666666666 0.7118189814814815 0.059409375000000014 0.08331944444444435
