0 0.8627604166666667 0.3300925925925926 0.019270833333333334 0.010185185185185186
0 0.78203125 0.49953703703703706 0.0078125 0.012037037037037037
0 0.7927083333333333 0.5171296296296296 0.019791666666666666 0.01388888888888889
0 0.81640625 0.5097222222222222 0.0067708333333333336 0.017592592592592594
0 0.5674479166666666 0.525462962962963 0.011979166666666666 0.015740740740740743
2 0.859375 0.32222222222222224 0.030208333333333334 0.05925925925925926
3 0.7984375 0.49444444444444446 0.059375 0.09074074074074075
3 0.55859375 0.487962962962963 0.0546875 0.11851851851851852
0 0.005989583333333333 0.7203703703703704 0.009895833333333333 0.016666666666666666
3 0.01015625 0.7134259259259259 0.019270833333333334 0.08796296296296297
