4 0.12148098958333334 0.20075462962962964 0.040926562500000006 0.06102222222222222
2 0.8413203125000001 0.3574185185185185 0.029703124999999986 0.05046111111111116
0 0.8409895833333333 0.35917870370370375 0.017166666666666684 0.016429629629629655
0 0.11686015625 0.1954740740740741 0.014522395833333323 0.029337037037037036
3 0.27495416666666667 0.2629509259259259 0.024423958333333367 0.04224629629629633
3 0.30927916666666666 0.3263203703703704 0.03894583333333331 0.08214629629629631
3 0.2033333333333333 0.7247273148148149 0.062048958333333314 0.09740092592592592
3 0.47232395833333335 0.2300925925925926 0.02310312500000003 0.03520555555555557
3 0.7046796875000001 0.4542333333333334 0.03630729166666657 0.06102222222222222
3 0.8366979166666667 0.4917856481481482 0.07722916666666665 0.09388055555555552
0 0.22016588541666668 0.7235537037037038 0.011221354166666645 0.02464444444444443
0 0.19640234374999999 0.755825462962963 0.016502604166666667 0.021123148148148137
0 0.7040182291666666 0.45305972222222224 0.01650520833333336 0.021123148148148137
0 0.7000572916666667 0.4671416666666667 0.012541666666666748 0.014081481481481454
2 0.1828703125 0.18960648148148146 0.019803124999999994 0.03637962962962962
0 0.30564895833333333 0.35331111111111113 0.01320208333333331 0.016429629629629603
0 0.46935338541666666 0.2318527777777778 0.009241145833333301 0.008214814814814802
0 0.4772747395833334 0.23654675925925925 0.007921354166666639 0.01290833333333331
0 0.27561432291666665 0.2699916666666667 0.009901562499999983 0.011735185185185166
0 0.1861708333333333 0.19078009259259263 0.010561458333333313 0.012908333333333336
