0 0.7030286458333334 0.4812236111111111 0.011880208333333305 0.014082407407407464
0 0.6852057291666667 0.5023472222222222 0.010557291666666658 0.018775925925925946
0 0.6548411458333334 0.4976527777777777 0.011880208333333305 0.016429629629629655
0 0.40961458333333334 0.7593458333333333 0.008581249999999999 0.01642870370370375
0 0.38288046875 0.7663865740740741 0.014522395833333352 0.014082407407407464
0 0.37990989583333334 0.7446768518518518 0.011221875000000025 0.019950000000000048
0 0.33205286458333333 0.401425 0.00924114583333336 0.016429629629629655
0 0.7330625 0.5956412037037038 0.008583333333333342 0.01760277777777775
0 0.7076510416666667 0.6032689814814816 0.019802083333333324 0.01642870370370375
0 0.33304296875 0.6666384259259259 0.013861979166666672 0.01642870370370375
0 0.31257994791666666 0.6672250000000001 0.005941145833333295 0.02699074074074072
0 0.25185078125 0.588012962962963 0.013861979166666672 0.018775925925925946
0 0.26175208333333333 0.5938810185185185 0.02574375 0.014082407407407358
0 0.2660427083333333 0.6654648148148148 0.019803124999999994 0.01642962962962955
0 0.2610921875 0.6331935185185185 0.008581249999999999 0.0340314814814815
0 0.24623958333333332 0.6355402777777778 0.006601041666666685 0.043419444444444476
0 0.22049609374999998 0.6924560185185185 0.007921354166666669 0.0328583333333333
0 0.5195208333333333 0.6290861111111111 0.019802083333333324 0.018775925925925946
2 0.52183203125 0.6232185185185186 0.027065104166666742 0.0657166666666666
4 0.26637265625 0.6490356481481482 0.10099531249999998 0.15725092592592596
3 0.3894815104166666 0.7534782407407408 0.051488020833333314 0.07510462962962958
3 0.7145807291666666 0.5844925925925926 0.05478645833333324 0.09622777777777783
3 0.6690338541666667 0.48005046296296305 0.06667187499999999 0.11500462962962968
3 0.3495455729166667 0.3979046296296297 0.05742864583333335 0.11735185185185186
3 0.32281145833333336 0.6273259259259258 0.06733020833333334 0.12321851851851844
3 0.6993984375 0.47300925925925924 0.04026562499999997 0.07041111111111109
3 0.42578697916666663 0.4665546296296297 0.03828541666666668 0.0692370370370371
