0 0.5869791666666666 0.5236111111111111 0.011458333333333333 0.017592592592592594
0 0.0265625 0.7106481481481481 0.011458333333333333 0.021296296296296296
0 0.00859375 0.7384259259259259 0.01614583333333333 0.017592592592592594
0 0.8393229166666667 0.5060185185185185 0.0067708333333333336 0.02314814814814815
0 0.8143229166666667 0.5157407407407407 0.018229166666666668 0.016666666666666666
0 0.8041666666666667 0.4949074074074074 0.007291666666666667 0.019444444444444445
0 0.8526041666666666 0.33055555555555555 0.01875 0.016666666666666666
2 0.8518229166666667 0.32592592592592595 0.027604166666666666 0.06296296296296297
3 0.021354166666666667 0.701388888888889 0.041666666666666664 0.1175925925925926
3 0.5765625 0.49722222222222223 0.059375 0.11481481481481481
3 0.8184895833333333 0.4953703703703704 0.058854166666666666 0.09444444444444444
