0 0.5205106770833333 0.47183564814814816 0.012541145833333307 0.014082407407407412
0 0.50466875 0.4947194444444445 0.011221874999999966 0.015255555555555555
0 0.47364427083333327 0.4917856481481482 0.012541666666666687 0.01642870370370375
0 0.17263854166666667 0.34509675925925926 0.008581249999999999 0.021123148148148137
0 0.14953515624999997 0.35155092592592596 0.016502604166666667 0.015255555555555555
0 0.8294401041666667 0.7317685185185185 0.009901041666666662 0.01994999999999994
0 0.8093046875 0.7499574074074074 0.022442708333333408 0.01877592592592584
0 0.8393411458333332 0.7470240740740741 0.009901041666666662 0.022296296296296335
0 0.14656458333333333 0.6795472222222223 0.01320208333333331 0.01877592592592584
0 0.12577161458333333 0.6824810185185186 0.004620312500000005 0.024643518518518422
0 0.06999296875000001 0.6531430555555556 0.011881770833333334 0.03637870370370369
0 0.053160624999999996 0.6537300925925925 0.007261041666666664 0.03989907407407408
0 0.02708674479166667 0.7176861111111111 0.006600989583333331 0.03168518518518521
0 0.07395364583333333 0.6860013888888888 0.02376354166666667 0.01525648148148146
0 0.06966328125 0.6138300925925927 0.023103645833333332 0.021123148148148137
0 0.05712114583333333 0.6067893518518519 0.013861875000000001 0.01877685185185185
2 0.3399739583333333 0.6279125000000001 0.03168437500000003 0.06336944444444441
0 0.34096406250000005 0.6302597222222223 0.01914270833333334 0.01877685185185185
4 0.07593401041666666 0.6695722222222222 0.1108965625 0.15372962962962966
3 0.8126041666666666 0.7165125 0.06996874999999995 0.1020953703703704
3 0.5142401041666668 0.4618611111111111 0.04092604166666671 0.06454259259259261
3 0.24227916666666666 0.470075462962963 0.03960624999999999 0.06219537037037042
3 0.48618593750000005 0.4659680555555556 0.06006875 0.11265648148148152
3 0.13336276041666667 0.6402347222222223 0.07657135416666666 0.13260648148148152
3 0.15712630208333334 0.32749398148148146 0.0554484375 0.11265648148148152
