0 0.6376770833333334 0.6238050925925925 0.01584374999999992 0.017602777777777853
0 0.6086328125 0.6179375 0.013203124999999953 0.017602777777777853
0 0.5908125000000001 0.28994166666666665 0.021125000000000088 0.014081481481481454
1 0.8538619791666666 0.19664722222222222 0.024421874999999933 0.015255555555555555
0 0.8703645833333332 0.22598564814814817 0.008583333333333342 0.04811388888888889
0 0.8353776041666666 0.2201175925925926 0.015182291666666714 0.04342037037037035
2 0.5898203125 0.2852476851851852 0.029703124999999986 0.061023148148148125
4 0.8505598958333334 0.24124120370370372 0.07458854166666669 0.1091361111111111
3 0.625796875 0.6009217592592593 0.062052083333333265 0.09388055555555563
0 0.8522135416666666 0.21307685185185185 0.005281249999999934 0.022296296296296307
