0 0.5997395833333333 0.5268518518518519 0.011979166666666666 0.018518518518518517
0 0.04010416666666666 0.7078703703703704 0.009375 0.026851851851851852
0 0.016927083333333332 0.7333333333333334 0.021354166666666667 0.016666666666666666
0 0.8518229166666667 0.5106481481481482 0.0067708333333333336 0.019444444444444445
0 0.8283854166666667 0.5171296296296296 0.0171875 0.015740740740740743
0 0.8169270833333333 0.4986111111111111 0.0067708333333333336 0.017592592592592594
0 0.8502604166666666 0.33101851851851855 0.018229166666666668 0.015740740740740743
2 0.8536458333333333 0.32592592592592595 0.035416666666666666 0.05925925925925926
3 0.027604166666666666 0.6995370370370371 0.05416666666666667 0.11203703703703705
3 0.5880208333333333 0.48888888888888893 0.06145833333333333 0.12962962962962962
3 0.8312499999999999 0.4967592592592593 0.059375 0.08981481481481482
