4 0.9370338541666666 0.43956435185185183 0.07458854166666669 0.1067898148148148
1 0.9561770833333334 0.3990782407407408 0.019145833333333327 0.0164287037037037
0 0.9317552083333334 0.4125736111111111 0.02310416666666673 0.03637870370370369
0 0.9508958333333334 0.4260689814814815 0.01121874999999998 0.03285833333333336
0 0.9650885416666666 0.431349537037037 0.010562499999999985 0.045767592592592624
2 0.7895026041666665 0.38675601851851854 0.021119791666666644 0.04107314814814813
0 0.7885130208333333 0.3902768518518519 0.015182291666666714 0.015255555555555555
2 0.053820703124999994 0.29991666666666666 0.02310338541666667 0.03872592592592594
3 0.18320026041666668 0.36035185185185187 0.029704687500000007 0.042246296296296275
3 0.21620546875000002 0.44132453703703706 0.04422656250000001 0.07979907407407406
3 0.3330427083333333 0.30695787037037037 0.02178333333333337 0.03637870370370369
3 0.3865109375 0.3098912037037037 0.02178333333333337 0.037552777777777796
0 0.6241458333333333 0.4595138888888889 0.008583333333333342 0.015255555555555555
0 0.6155677083333333 0.47007546296296293 0.012541666666666748 0.01525648148148146
0 0.6195260416666667 0.4248953703703704 0.008583333333333342 0.014081481481481454
3 0.6168854166666667 0.45716712962962963 0.028385416666666666 0.05515462962962964
3 0.6244765624999999 0.39673101851851855 0.04092187499999997 0.07275833333333334
0 0.05745130208333333 0.30050324074074075 0.010561979166666664 0.014082407407407412
0 0.214225 0.46127407407407406 0.009901041666666662 0.014081481481481454
0 0.17659921875 0.3626990740740741 0.011221354166666675 0.011735185185185218
0 0.18749088541666664 0.3668064814814815 0.007921354166666669 0.012909259259259266
0 0.17461901041666666 0.3738476851851852 0.00858177083333335 0.01056203703703702
0 0.33832369791666667 0.3134115740740741 0.007260937500000016 0.00938796296296292
0 0.392121875 0.31517222222222224 0.007920833333333318 0.012909259259259266
