0 0.7241536458333333 0.4735962962962963 0.011880208333333305 0.015255555555555555
0 0.17131848958333334 0.6836546296296296 0.00858177083333335 0.019950000000000048
0 0.7066614583333333 0.4947189814814815 0.012541666666666628 0.01760277777777775
0 0.6753046875000001 0.48885138888888885 0.011880208333333305 0.017602777777777853
0 0.8716848958333333 0.7581722222222222 0.015182291666666714 0.018775925925925946
0 0.8634322916666667 0.7364625 0.009239583333333337 0.019949074074074143
0 0.3525158854166667 0.5222967592592593 0.015842187500000014 0.01877685185185185
0 0.3261119791666667 0.5134953703703704 0.01320208333333331 0.012909259259259266
0 0.3195106770833333 0.5258171296296296 0.011881770833333328 0.01642870370370375
0 0.35449609374999996 0.6560773148148148 0.014522395833333293 0.021123148148148137
0 0.42578697916666663 0.3955578703703704 0.007920833333333318 0.014082407407407412
0 0.40994453124999997 0.38499583333333337 0.014522395833333293 0.009387962962962973
0 0.4059841145833333 0.3996648148148148 0.011881770833333328 0.012909259259259266
0 0.28749609374999996 0.6543166666666668 0.020463020833333328 0.015255555555555555
0 0.28287526041666666 0.5827324074074074 0.020463020833333328 0.012909259259259266
0 0.27231380208333333 0.5762782407407407 0.011221354166666645 0.021123148148148137
0 0.33337317708333325 0.6595976851851852 0.005280729166666671 0.021123148148148245
0 0.28287526041666666 0.6243921296296296 0.009901562499999983 0.03051203703703712
0 0.2673630208333333 0.6238055555555556 0.006601041666666655 0.04342037037037038
0 0.24326927083333333 0.6848277777777778 0.005940624999999974 0.02699074074074072
0 0.5409765624999999 0.6202851851851852 0.020463541666666647 0.015255555555555555
2 0.5426249999999999 0.6155907407407407 0.031687500000000014 0.06454259259259261
4 0.28650598958333334 0.6378875 0.10033489583333334 0.14668796296296296
3 0.16042682291666666 0.6942157407407407 0.05280781249999998 0.08097222222222217
3 0.34096406250000005 0.4976532407407408 0.06931041666666662 0.09857500000000001
3 0.416215625 0.38147546296296303 0.04158645833333333 0.056328703703703686
3 0.8769635416666667 0.7435032407407408 0.05214583333333327 0.07627870370370368
3 0.6878463541666666 0.46714166666666673 0.06732812499999999 0.11500370370370372
3 0.34129427083333336 0.6161777777777778 0.07129062500000002 0.12673888888888882
3 0.7248125 0.46420787037037037 0.04092708333333341 0.07627870370370368
