0 0.725140625 0.4653814814814815 0.012541666666666628 0.015255555555555555
0 0.17065833333333333 0.6719189814814815 0.008581249999999999 0.01760277777777775
0 0.7083098958333333 0.4853314814814814 0.010557291666666658 0.015255555555555555
0 0.6779453125 0.48063703703703703 0.011880208333333305 0.017601851851851792
0 0.5495546875 0.7640398148148149 0.009901041666666662 0.01642962962962955
0 0.53503125 0.745263425925926 0.012541666666666628 0.021123148148148245
0 0.5267838541666666 0.7605194444444444 0.00792187499999996 0.018775925925925946
0 0.27000338541666663 0.5070412037037036 0.014522395833333323 0.01642870370370375
0 0.242609375 0.49882638888888897 0.012541666666666687 0.009387962962962973
0 0.23633828125 0.5129087962962963 0.01716302083333332 0.021123148148148137
0 0.38222031250000005 0.5129087962962964 0.01320208333333337 0.016428703703703647
0 0.359446875 0.5035208333333333 0.01782291666666668 0.014082407407407464
0 0.35350624999999997 0.5170157407407407 0.015182291666666655 0.015255555555555555
0 0.35515625000000006 0.6461018518518519 0.011882291666666649 0.01994999999999994
0 0.39575234375 0.38910324074074076 0.007260937500000016 0.015256481481481511
0 0.40796406249999995 0.40494583333333334 0.01320208333333337 0.014082407407407412
0 0.3908015625 0.4008384259259259 0.006601041666666714 0.01994907407407409
0 0.2729739583333333 0.5680634259259258 0.011221875000000025 0.021123148148148137
0 0.28551562500000005 0.5751046296296297 0.01914270833333334 0.014081481481481454
0 0.2881559895833333 0.6443416666666667 0.020463020833333328 0.018775925925925946
0 0.24359947916666666 0.6766134259259259 0.006601041666666655 0.024643518518518526
0 0.268353125 0.6155912037037038 0.005940625000000003 0.04811388888888896
0 0.28320546875 0.617350925925926 0.009241145833333301 0.03051111111111111
0 0.3343630208333333 0.6513828703703705 0.005940624999999974 0.01642870370370375
0 0.5409739583333334 0.6126569444444444 0.016499999999999973 0.01877685185185185
2 0.5432838541666667 0.6056162037037036 0.02904687499999999 0.06336944444444441
4 0.28815625 0.6314328703703704 0.10231562499999998 0.15255648148148146
3 0.7258020833333333 0.4536462962962963 0.04158333333333341 0.06689074074074071
3 0.6888359375 0.4565805555555556 0.0640260416666667 0.10796296296296298
3 0.3419541666666666 0.6032689814814814 0.06733020833333334 0.12204537037037035
3 0.5469140625 0.7593458333333333 0.054786458333333364 0.08683981481481474
3 0.36769817708333336 0.4947194444444445 0.05940885416666669 0.09270740740740743
3 0.2587817708333333 0.4812236111111111 0.06733020833333336 0.09857500000000001
3 0.15745625 0.6842412037037038 0.05214791666666666 0.07510462962962969
3 0.40598385416666666 0.392037037037037 0.040926041666666656 0.05867592592592593
