0 0.6244765624999999 0.5275777777777779 0.011880208333333423 0.015255555555555555
0 0.8452786458333333 0.6331935185185185 0.009901041666666662 0.015255555555555555
0 0.8218463541666666 0.6290861111111111 0.010557291666666658 0.01642962962962955
0 0.8188776041666666 0.6120703703703705 0.01122395833333331 0.012909259259259162
0 0.06834296875 0.7024305555555556 0.013861979166666672 0.017601851851851844
0 0.04887010416666667 0.7276606481481481 0.02112333333333333 0.021123148148148137
0 0.8700338541666666 0.5029337962962963 0.00792187500000002 0.019949074074074143
0 0.8347187500000001 0.4929587962962964 0.008583333333333342 0.014082407407407358
0 0.84528125 0.5099745370370371 0.016500000000000032 0.01760277777777775
0 0.83471875 0.3046101851851852 0.012541666666666748 0.015255555555555555
2 0.8426380208333333 0.30108981481481484 0.029703125000000104 0.06219629629629627
3 0.046229609374999994 0.69715 0.07129078124999999 0.11265740740740737
3 0.8307578124999999 0.6238055555555556 0.05082812499999995 0.07393148148148149
3 0.8499010416666666 0.4894384259259259 0.061385416666666616 0.09622870370370373
3 0.6099531250000001 0.4947194444444445 0.06601041666666667 0.11148333333333338
