0 0.7310833333333333 0.450125925925926 0.01121874999999998 0.012909259259259266
0 0.23237760416666664 0.7247273148148149 0.010561458333333313 0.019949074074074036
0 0.20696380208333331 0.7341152777777779 0.013861979166666672 0.01760277777777775
0 0.7112786458333334 0.4706620370370371 0.009901041666666662 0.016429629629629655
0 0.6825651041666667 0.4659680555555556 0.011880208333333423 0.014082407407407412
0 0.4053239583333333 0.7605194444444444 0.010561458333333343 0.01642962962962955
0 0.37825989583333336 0.7593458333333333 0.01320208333333331 0.01877685185185185
0 0.3515255208333334 0.4718361111111111 0.008581249999999999 0.023470370370370332
0 0.33007265624999993 0.4730092592592593 0.018482812499999984 0.011735185185185218
0 0.32743203125 0.4894384259259259 0.018482812499999984 0.01642870370370375
0 0.30036796875 0.5228837962962963 0.007921354166666698 0.024643518518518526
0 0.2769346354166667 0.5352050925925926 0.020463020833333328 0.014082407407407358
0 0.36109713541666666 0.6320199074074074 0.010561979166666664 0.01760277777777775
0 0.29376692708333335 0.6284995370370371 0.018482812499999984 0.01760277777777775
0 0.2904666666666666 0.5569152777777777 0.019803125000000026 0.017602777777777853
0 0.27924479166666666 0.5539814814814814 0.010561458333333343 0.018775925925925946
0 0.3393138020833334 0.6390611111111112 0.005280729166666671 0.012909259259259266
0 0.2894763020833333 0.6050291666666666 0.009901562499999983 0.02229722222222224
0 0.27363411458333337 0.5991615740740741 0.007260937499999957 0.043419444444444476
0 0.24954010416666664 0.6654652777777779 0.006601041666666685 0.021123148148148137
2 0.5472447916666667 0.5921203703703704 0.03036458333333331 0.06454259259259261
0 0.5459244791666668 0.5968148148148148 0.01583854166666671 0.015255555555555555
4 0.29376692708333335 0.6161777777777778 0.10297552083333335 0.14316851851851858
3 0.698078125 0.4413240740740741 0.0706354166666666 0.1196981481481482
3 0.2782546875 0.5170157407407407 0.054788541666666676 0.08801296296296295
3 0.34921536458333335 0.5886 0.0726109375 0.12321851851851855
0 0.33799375 0.3738472222222222 0.006601041666666655 0.015255555555555555
3 0.7347135416666667 0.43721712962962966 0.03696875000000001 0.0668898148148148
3 0.32776223958333334 0.3650462962962963 0.03630572916666666 0.06102222222222222
3 0.3333729166666667 0.44953888888888893 0.054128124999999964 0.1009222222222222
3 0.38948125000000006 0.7534782407407408 0.05412812500000002 0.08918611111111113
3 0.218515625 0.7229666666666668 0.059409375000000014 0.08918703703703704
