0 0.7300937500000001 0.4507125 0.010562499999999985 0.014082407407407412
0 0.27363385416666663 0.7646268518518519 0.005940625000000033 0.019950000000000048
0 0.25053020833333334 0.7775351851851853 0.015182291666666684 0.015255555555555555
0 0.7122708333333333 0.46831527777777776 0.010562499999999985 0.014082407407407412
0 0.682234375 0.4647949074074075 0.012541666666666748 0.0164287037037037
0 0.4053239583333333 0.7605194444444444 0.010561458333333343 0.01642962962962955
0 0.37957994791666666 0.7611060185185186 0.01320156249999999 0.01760277777777775
0 0.40136328125 0.4225481481481481 0.010561979166666664 0.018775925925925894
0 0.3779296875 0.4213745370370371 0.01782291666666668 0.014082407407407412
0 0.37594921875 0.4360439814814815 0.01650260416666664 0.01760277777777775
0 0.309609375 0.5533949074074075 0.01848229166666666 0.017602777777777853
0 0.3591166666666667 0.6326069444444445 0.01320208333333331 0.021123148148148137
0 0.2927768229166666 0.6302597222222223 0.021782812499999988 0.01877685185185185
0 0.2884861979166667 0.5580888888888889 0.02112343750000001 0.019950000000000048
0 0.27825442708333337 0.5516342592592592 0.009901562499999983 0.018775925925925946
0 0.33964374999999997 0.6402347222222222 0.00462083333333337 0.012908333333333362
0 0.2884861979166667 0.6044425925925926 0.007921354166666698 0.01642962962962955
0 0.27363411458333337 0.5968148148148148 0.007260937499999957 0.04342037037037027
0 0.24888020833333335 0.6660518518518519 0.006601041666666685 0.02229629629629623
2 0.5469166666666666 0.5903606481481483 0.032343750000000074 0.06336944444444441
0 0.5462552083333333 0.5950541666666667 0.01782291666666668 0.016428703703703647
4 0.29178671875 0.6103097222222222 0.10165572916666668 0.14786203703703707
0 0.3356833333333333 0.3697402777777778 0.005940625000000033 0.01877685185185185
3 0.7287734374999999 0.4378041666666667 0.042244791666666615 0.06806388888888891
3 0.32380156250000003 0.36387268518518523 0.04290625 0.06806388888888891
3 0.31224973958333335 0.5305111111111112 0.05280781250000004 0.09153333333333333
3 0.6947760416666666 0.43897731481481483 0.06270833333333338 0.11735092592592596
3 0.34723515625 0.5909472222222222 0.06997031250000003 0.11852407407407405
3 0.3861809895833333 0.40259861111111117 0.05940885416666669 0.11500462962962962
3 0.38849140624999995 0.7540648148148148 0.05346822916666666 0.08566666666666665
3 0.2544911458333333 0.7599324074074074 0.05214791666666665 0.08097222222222226
