4 0.01875 0.33472222222222225 0.036458333333333336 0.07314814814814816
4 0.9541666666666666 0.4689814814814815 0.07291666666666667 0.10833333333333334
1 0.9739583333333334 0.4287037037037037 0.020833333333333332 0.020370370370370372
0 0.9489583333333333 0.44212962962962965 0.020833333333333332 0.03796296296296296
0 0.9692708333333333 0.45462962962962966 0.010416666666666666 0.02592592592592593
0 0.9841145833333333 0.46111111111111114 0.009895833333333333 0.03888888888888889
2 0.7059895833333333 0.3662037037037037 0.0234375 0.04537037037037037
0 0.008333333333333333 0.32731481481481484 0.015625 0.030555555555555558
2 0.09635416666666667 0.31666666666666665 0.019791666666666666 0.037037037037037035
3 0.20703125 0.37777777777777777 0.0265625 0.04259259259259259
3 0.24895833333333334 0.4342592592592593 0.04375 0.08518518518518518
3 0.33359375 0.3282407407407408 0.019270833333333334 0.032407407407407406
3 0.38697916666666665 0.33842592592592596 0.020833333333333332 0.03425925925925926
3 0.6419270833333334 0.42685185185185187 0.03697916666666667 0.07777777777777778
3 0.6348958333333333 0.4814814814814815 0.03229166666666666 0.05
0 0.6302083333333334 0.47870370370370374 0.011458333333333333 0.018518518518518517
0 0.6263020833333334 0.48935185185185187 0.0078125 0.015740740740740743
0 0.24296874999999998 0.4620370370370371 0.0109375 0.014814814814814815
0 0.20833333333333334 0.3851851851851852 0.009375 0.012962962962962964
0 0.64140625 0.487962962962963 0.008854166666666666 0.012962962962962964
0 0.10078125 0.31342592592592594 0.0109375 0.010185185185185186
0 0.38958333333333334 0.337037037037037 0.011458333333333333 0.007407407407407408
0 0.39088541666666665 0.3458333333333333 0.009895833333333333 0.010185185185185186
0 0.33541666666666664 0.33194444444444443 0.008333333333333333 0.012037037037037037
