0 0.7931302083333333 0.7041907407407407 0.012541666666666628 0.018775925925925946
0 0.7733307291666667 0.6906953703703704 0.01122395833333331 0.019950000000000048
0 0.7673880208333335 0.7071245370370371 0.009901041666666662 0.019949074074074036
0 0.6109427083333333 0.5252305555555556 0.012541666666666628 0.015255555555555555
0 0.7733307291666667 0.4530597222222222 0.01122395833333331 0.014082407407407412
0 0.7578177083333334 0.4401509259259259 0.009239583333333337 0.014081481481481454
0 0.05481083333333333 0.7047777777777778 0.007921041666666665 0.02699074074074072
0 0.7683776041666667 0.4953060185185186 0.00792187500000002 0.01877685185185185
0 0.7456041666666666 0.5058675925925926 0.019145833333333327 0.01408148148148156
0 0.735375 0.48885138888888885 0.009239583333333337 0.012908333333333258
0 0.03665817708333333 0.7300078703703704 0.02178333333333333 0.016428703703703647
0 0.8459401041666667 0.3216263888888889 0.015182291666666596 0.01877685185185185
2 0.8518828125 0.3151722222222222 0.03498437500000004 0.06454259259259255
3 0.6063229166666666 0.5035208333333333 0.05214583333333339 0.1056157407407408
3 0.7673880208333335 0.44895231481481485 0.046869791666666674 0.059849074074074075
3 0.7829010416666667 0.6930425925925927 0.05281249999999993 0.07627777777777778
3 0.74890625 0.48591759259259265 0.058749999999999976 0.0844925925925926
3 0.03566793489583333 0.6983236111111111 0.06997038020833334 0.11735092592592586
