0 0.574640625 0.8156740740740741 0.013864583333333276 0.018775925925925946
0 0.5627578124999999 0.7980717592592593 0.008578125000000015 0.01877685185185185
0 0.08583567708333334 0.6983236111111111 0.011881770833333341 0.021123148148148137
0 0.0676828125 0.7235537037037038 0.02178333333333333 0.019950000000000048
0 0.03863846354166666 0.7188597222222223 0.007261093749999999 0.024643518518518526
0 0.31819062499999995 0.47300925925925924 0.015842708333333337 0.014081481481481454
0 0.30135807291666666 0.46127407407407406 0.013861979166666672 0.018775925925925946
0 0.2944270833333333 0.4759430555555556 0.009241666666666681 0.0176027777777778
0 0.9733385416666667 0.3316013888888889 0.01782291666666668 0.012908333333333362
2 0.9720182291666667 0.3251467592592593 0.029703124999999986 0.058675000000000026
3 0.43931875 0.4477787037037037 0.052147916666666676 0.10678888888888893
3 0.5878411458333334 0.45540648148148144 0.054786458333333364 0.09388148148148148
3 0.31290989583333334 0.4507125 0.05808854166666665 0.09388055555555558
3 0.064712421875 0.6924555555555557 0.07129078125000002 0.11265740740740737
3 0.5759583333333332 0.8039388888888889 0.04818749999999999 0.07745185185185188
