0 0.41885598958333337 0.6836546296296296 0.005941145833333354 0.019950000000000048
0 0.3977328125 0.6924555555555557 0.012541666666666687 0.016429629629629655
0 0.3888213541666667 0.6713324074074074 0.009241666666666681 0.01642962962962955
0 0.35713645833333335 0.5827328703703704 0.01320208333333331 0.01760277777777775
0 0.47991510416666666 0.5440064814814816 0.010561458333333343 0.015255555555555555
0 0.46143229166666666 0.5363787037037037 0.015842708333333337 0.01408148148148156
0 0.45714166666666667 0.5516347222222222 0.012541666666666628 0.014082407407407464
0 0.33469322916666666 0.6085499999999999 0.01320208333333331 0.01994999999999994
0 0.3063088541666667 0.6120703703703705 0.015842708333333337 0.01994999999999994
0 0.44096927083333337 0.5334449074074075 0.01320208333333337 0.01760277777777775
0 0.417865625 0.5258171296296296 0.017162499999999997 0.01642870370370375
0 0.4152252604166667 0.5404861111111111 0.014522395833333293 0.017601851851851844
0 0.4333778645833333 0.35976527777777784 0.01650260416666664 0.01056203703703702
0 0.43502838541666666 0.37443425925925927 0.011881770833333328 0.011735185185185166
2 0.22907708333333332 0.7082981481481482 0.027723958333333312 0.06689074074074071
0 0.22907708333333332 0.7141652777777778 0.023763541666666683 0.01760277777777775
3 0.31753046875 0.5839060185185185 0.06336927083333338 0.11148425925925928
3 0.4254567708333333 0.5164291666666667 0.054788541666666704 0.10326944444444446
3 0.46968359375 0.5357921296296296 0.04950781250000003 0.07393055555555558
3 0.4353583333333333 0.3597652777777778 0.03630520833333334 0.06454351851851851
3 0.4010330729166667 0.677787037037037 0.046867187500000004 0.07393148148148149
3 0.36208723958333333 0.559849074074074 0.05346822916666666 0.1032685185185186
