0 0.42890625 0.6731481481481482 0.0078125 0.018518518518518517
0 0.4002604166666667 0.6592592592592593 0.009895833333333333 0.018518518518518517
0 0.4067708333333333 0.6791666666666667 0.013541666666666667 0.01388888888888889
0 0.4041666666666667 0.5731481481481482 0.008333333333333333 0.018518518518518517
0 0.3736979166666667 0.575925925925926 0.013020833333333334 0.016666666666666666
0 0.52578125 0.5393518518518519 0.011979166666666666 0.01388888888888889
0 0.5083333333333333 0.5291666666666667 0.0125 0.01388888888888889
0 0.5028645833333333 0.5444444444444445 0.009895833333333333 0.016666666666666666
0 0.290625 0.5587962962962963 0.0125 0.017592592592592594
0 0.26276041666666666 0.5620370370370371 0.015104166666666667 0.018518518518518517
0 0.4744791666666667 0.5444444444444445 0.01875 0.016666666666666666
0 0.453125 0.5324074074074074 0.0125 0.016666666666666666
0 0.4471354166666667 0.5462962962962963 0.011979166666666666 0.016666666666666666
0 0.47109375 0.35879629629629634 0.0140625 0.012037037037037037
0 0.4708333333333333 0.3731481481481482 0.011458333333333333 0.012962962962962964
0 0.2955729166666667 0.7111111111111111 0.022395833333333334 0.016666666666666666
2 0.2984375 0.7055555555555556 0.03333333333333333 0.06296296296296297
3 0.13645833333333332 0.49953703703703706 0.04791666666666666 0.06018518518518519
3 0.01015625 0.7208333333333333 0.019270833333333334 0.11203703703703705
3 0.275 0.5435185185185185 0.0625 0.10185185185185186
3 0.5197916666666667 0.5310185185185186 0.046875 0.07314814814814816
3 0.46510416666666665 0.5212962962962964 0.059375 0.10370370370370371
3 0.38359375 0.5560185185185186 0.06302083333333333 0.10833333333333334
3 0.41119791666666666 0.6703703703703704 0.0515625 0.06851851851851852
3 0.4708333333333333 0.35694444444444445 0.03125 0.058333333333333334
