0 0.13463541666666667 0.46851851851851856 0.0140625 0.014814814814814815
0 0.14166666666666666 0.48194444444444445 0.010416666666666666 0.01388888888888889
0 0.11927083333333333 0.4842592592592593 0.010416666666666666 0.016666666666666666
0 0.45286458333333335 0.6722222222222223 0.009895833333333333 0.016666666666666666
0 0.43307291666666664 0.662962962962963 0.01614583333333333 0.016666666666666666
0 0.42916666666666664 0.6810185185185186 0.0125 0.017592592592592594
0 0.425 0.5717592592592593 0.009375 0.017592592592592594
0 0.39609375 0.5787037037037037 0.0140625 0.014814814814814815
0 0.5739583333333333 0.5921296296296297 0.014583333333333334 0.015740740740740743
0 0.5578125 0.5791666666666667 0.011458333333333333 0.021296296296296296
0 0.5526041666666667 0.5944444444444444 0.008333333333333333 0.016666666666666666
0 0.5260416666666666 0.5638888888888889 0.010416666666666666 0.018518518518518517
0 0.50234375 0.5643518518518519 0.0203125 0.01388888888888889
0 0.50078125 0.5800925925925926 0.0171875 0.017592592592592594
0 0.04791666666666666 0.7490740740740741 0.010416666666666666 0.020370370370370372
0 0.014322916666666666 0.7523148148148149 0.01614583333333333 0.015740740740740743
0 0.5221354166666666 0.3574074074074074 0.015104166666666667 0.011111111111111112
0 0.5244791666666666 0.3717592592592593 0.013541666666666667 0.01388888888888889
0 0.5106770833333333 0.3652777777777778 0.0067708333333333336 0.017592592592592594
0 0.3109375 0.7023148148148148 0.022916666666666665 0.017592592592592594
2 0.31171875 0.6962962962962963 0.030729166666666665 0.07037037037037037
3 0.5205729166666666 0.35462962962962963 0.033854166666666664 0.06296296296296297
3 0.5697916666666667 0.5814814814814815 0.04791666666666666 0.07037037037037037
3 0.5072916666666667 0.5486111111111112 0.05520833333333333 0.09722222222222222
3 0.40234375 0.5523148148148148 0.0609375 0.10833333333333334
3 0.44088541666666664 0.6699074074074074 0.049479166666666664 0.075
3 0.128125 0.4740740740740741 0.046875 0.06481481481481481
3 0.03697916666666667 0.7074074074074075 0.07291666666666667 0.13148148148148148
