0 0.15052083333333333 0.46620370370370373 0.013541666666666667 0.015740740740740743
0 0.15729166666666666 0.48055555555555557 0.008333333333333333 0.016666666666666666
0 0.13619791666666667 0.48333333333333334 0.009895833333333333 0.018518518518518517
0 0.4674479166666667 0.6712962962962963 0.009895833333333333 0.014814814814814815
0 0.44817708333333334 0.663425925925926 0.0171875 0.017592592592592594
0 0.44427083333333334 0.6814814814814815 0.0125 0.016666666666666666
0 0.41744791666666664 0.5745370370370371 0.0078125 0.015740740740740743
0 0.3885416666666667 0.5782407407407407 0.011458333333333333 0.015740740740740743
0 0.5786458333333333 0.5805555555555556 0.011458333333333333 0.014814814814814815
0 0.56484375 0.5671296296296297 0.0109375 0.017592592592592594
0 0.5463541666666667 0.5319444444444444 0.015625 0.015740740740740743
0 0.525 0.5217592592592593 0.0125 0.01388888888888889
0 0.5192708333333333 0.5370370370370371 0.014583333333333334 0.016666666666666666
0 0.06354166666666666 0.7453703703703703 0.011458333333333333 0.020370370370370372
0 0.030989583333333334 0.75 0.0171875 0.014814814814814815
0 0.5377604166666666 0.3592592592592593 0.0171875 0.011111111111111112
0 0.53828125 0.3763888888888889 0.013020833333333334 0.01388888888888889
0 0.5260416666666666 0.36712962962962964 0.005208333333333333 0.017592592592592594
0 0.3578125 0.7027777777777778 0.020833333333333332 0.018518518518518517
2 0.36015625 0.701388888888889 0.0328125 0.07314814814814816
0 0.0067708333333333336 0.7162037037037037 0.0125 0.05462962962962963
4 0.016927083333333332 0.7462962962962963 0.0328125 0.13148148148148148
3 0.04921875 0.7074074074074075 0.07552083333333333 0.13148148148148148
3 0.14296875 0.4703703703703704 0.04739583333333333 0.06296296296296297
3 0.4544270833333333 0.662962962962963 0.049479166666666664 0.07407407407407407
3 0.57578125 0.5726851851851852 0.044270833333333336 0.0712962962962963
3 0.5348958333333333 0.512962962962963 0.05625 0.09444444444444444
3 0.5385416666666667 0.3592592592592593 0.034375 0.05740740740740741
3 0.396875 0.5569444444444445 0.06041666666666667 0.10833333333333334
3 0.23984375 0.4291666666666667 0.06927083333333334 0.11944444444444445
