0 0.8720130208333332 0.5944675925925926 0.007921874999999901 0.017601851851851844
0 0.8419791666666666 0.7036037037037037 0.01121874999999998 0.015255555555555555
0 0.40169322916666667 0.42313518518518517 0.01782291666666668 0.012909259259259266
0 0.4030135416666667 0.43897731481481483 0.01914270833333334 0.014082407407407412
0 0.6046744791666666 0.2758597222222222 0.011880208333333423 0.04459351851851852
0 0.4535111979166667 0.3380555555555556 0.018482812499999984 0.011735185185185218
1 0.6215078125 0.24945555555555554 0.019140625 0.015255555555555555
0 0.6376770833333334 0.27879305555555556 0.010562499999999985 0.04811388888888886
2 0.45054088541666665 0.33160092592592594 0.027064062499999982 0.05750185185185189
4 0.6191953125 0.29404907407407405 0.06865104166666663 0.11148333333333332
3 0.8522109374999999 0.6983236111111111 0.048848958333333435 0.08683981481481474
3 0.8792734375 0.5839060185185185 0.0330052083333334 0.0668898148148148
3 0.45945208333333326 0.5070412037037038 0.05412812500000002 0.09857500000000001
3 0.39938307291666664 0.40846620370370373 0.04620677083333333 0.10326944444444446
