0 0.17734375 0.46111111111111114 0.0140625 0.016666666666666666
0 0.18255208333333334 0.4763888888888889 0.013020833333333334 0.017592592592592594
0 0.16197916666666667 0.47685185185185186 0.009375 0.014814814814814815
0 0.46822916666666664 0.6615740740740741 0.011458333333333333 0.015740740740740743
0 0.48828125 0.6685185185185185 0.011979166666666666 0.014814814814814815
0 0.46328125 0.6773148148148148 0.011979166666666666 0.017592592592592594
0 0.4348958333333333 0.5722222222222223 0.005208333333333333 0.020370370370370372
0 0.41119791666666666 0.5833333333333334 0.0140625 0.012962962962962964
0 0.6130208333333333 0.576388888888889 0.013541666666666667 0.015740740740740743
0 0.5971354166666667 0.5638888888888889 0.0109375 0.016666666666666666
0 0.5895833333333333 0.5768518518518518 0.008333333333333333 0.018518518518518517
0 0.14765625 0.4222222222222222 0.0078125 0.016666666666666666
0 0.12317708333333333 0.4273148148148148 0.0171875 0.017592592592592594
0 0.11015625 0.4027777777777778 0.009895833333333333 0.020370370370370372
0 0.4848958333333333 0.5893518518518519 0.013541666666666667 0.019444444444444445
0 0.46171875 0.5814814814814815 0.015104166666666667 0.016666666666666666
0 0.4583333333333333 0.5990740740740741 0.016666666666666666 0.016666666666666666
0 0.08723958333333333 0.7402777777777778 0.013020833333333334 0.021296296296296296
0 0.05520833333333333 0.7435185185185186 0.015625 0.018518518518518517
0 0.57109375 0.3592592592592593 0.015104166666666667 0.011111111111111112
0 0.5747395833333333 0.37453703703703706 0.0109375 0.012037037037037037
0 0.5575520833333333 0.3699074074074074 0.0067708333333333336 0.017592592592592594
0 0.3453125 0.6949074074074074 0.021875 0.015740740740740743
1 0.007291666666666667 0.6791666666666667 0.013541666666666667 0.015740740740740743
0 0.028125 0.7078703703703704 0.015625 0.06018518518518519
0 0.005208333333333333 0.7101851851851853 0.007291666666666667 0.0462962962962963
2 0.3463541666666667 0.6925925925925926 0.029166666666666667 0.06481481481481481
4 0.029947916666666668 0.7407407407407408 0.058854166666666666 0.1462962962962963
3 0.12890625 0.39861111111111114 0.0640625 0.10092592592592593
3 0.16979166666666667 0.46944444444444444 0.046875 0.061111111111111116
3 0.07369791666666667 0.7041666666666667 0.0734375 0.13240740740740742
3 0.4734375 0.5712962962962963 0.057291666666666664 0.0962962962962963
3 0.47604166666666664 0.6620370370370371 0.051041666666666666 0.07222222222222223
3 0.6067708333333334 0.5694444444444444 0.04791666666666666 0.07592592592592592
3 0.5674479166666666 0.36203703703703705 0.03697916666666667 0.06296296296296297
3 0.4127604166666667 0.5541666666666667 0.05677083333333333 0.11388888888888889
