0 0.16953125 0.4712962962962963 0.013020833333333334 0.014814814814814815
0 0.175 0.4842592592592593 0.008333333333333333 0.016666666666666666
0 0.153125 0.4851851851851852 0.011458333333333333 0.016666666666666666
0 0.49244791666666665 0.6671296296296296 0.008854166666666666 0.01388888888888889
0 0.4731770833333333 0.6606481481481482 0.0171875 0.01388888888888889
0 0.47031249999999997 0.6810185185185186 0.0125 0.015740740740740743
0 0.4765625 0.563425925925926 0.008333333333333333 0.017592592592592594
0 0.44609375 0.5680555555555555 0.013020833333333334 0.015740740740740743
0 0.64140625 0.6773148148148148 0.008854166666666666 0.017592592592592594
0 0.6229166666666667 0.6708333333333334 0.015625 0.019444444444444445
0 0.61796875 0.688425925925926 0.0109375 0.015740740740740743
0 0.18203125 0.42083333333333334 0.0067708333333333336 0.02314814814814815
0 0.15885416666666666 0.42962962962962964 0.016666666666666666 0.014814814814814815
0 0.14166666666666666 0.4138888888888889 0.008333333333333333 0.016666666666666666
0 0.5252604166666667 0.5884259259259259 0.0078125 0.021296296296296296
0 0.5044270833333333 0.5861111111111111 0.0234375 0.016666666666666666
0 0.5020833333333333 0.6037037037037037 0.01875 0.016666666666666666
0 0.09088541666666666 0.7393518518518519 0.0140625 0.019444444444444445
0 0.05807291666666667 0.7421296296296297 0.0140625 0.017592592592592594
0 0.5223958333333333 0.34490740740740744 0.014583333333333334 0.012037037037037037
0 0.521875 0.3611111111111111 0.010416666666666666 0.014814814814814815
0 0.35625 0.6981481481481482 0.02395833333333333 0.016666666666666666
1 0.008333333333333333 0.6777777777777778 0.015625 0.018518518518518517
0 0.031510416666666666 0.7055555555555556 0.018229166666666668 0.05925925925925926
0 0.008072916666666666 0.7111111111111111 0.005729166666666666 0.04814814814814815
2 0.35833333333333334 0.6912037037037038 0.029166666666666667 0.06574074074074074
4 0.03125 0.7356481481481482 0.06145833333333333 0.15462962962962964
3 0.0765625 0.6990740740740741 0.07604166666666666 0.12592592592592594
3 0.16276041666666666 0.47500000000000003 0.04739583333333333 0.05925925925925926
3 0.16145833333333334 0.3990740740740741 0.06041666666666667 0.09074074074074075
3 0.5231770833333333 0.3421296296296296 0.030729166666666665 0.05648148148148149
3 0.63046875 0.6712962962962963 0.050520833333333334 0.07037037037037037
3 0.509375 0.5708333333333333 0.05520833333333333 0.10092592592592593
3 0.45625 0.5467592592592593 0.0625 0.11018518518518519
3 0.4791666666666667 0.6611111111111111 0.052083333333333336 0.07407407407407407
