0 0.23732838541666668 0.48767824074074073 0.012542187500000008 0.01760277777777775
0 0.24359947916666666 0.5 0.007920833333333318 0.01408148148148156
0 0.22280625 0.5005870370370371 0.011221874999999996 0.015255555555555555
0 0.6066536458333334 0.7036041666666666 0.00792187500000002 0.019949074074074036
0 0.5927916666666666 0.7176865740740741 0.013197916666666623 0.01760277777777775
0 0.5304140625 0.5862532407407408 0.011223958333333369 0.012908333333333362
0 0.49938802083333333 0.5815587962962963 0.009901041666666662 0.017602777777777853
0 0.7152395833333334 0.7857495370370371 0.007260416666666695 0.01760277777777775
0 0.6911484375000001 0.7927912037037038 0.01320312500000007 0.017602777777777853
0 0.6838854166666666 0.7675601851851851 0.010562499999999985 0.016429629629629655
0 0.15778645833333332 0.40201203703703703 0.007920833333333318 0.022296296296296335
0 0.5637473958333333 0.5997486111111111 0.0145260416666666 0.01642870370370375
0 0.5716692708333333 0.6150041666666667 0.0145260416666666 0.01642870370370375
0 0.5432838541666667 0.6108967592592593 0.017161458333333237 0.01760277777777775
0 0.13633333333333333 0.7259009259259259 0.012541666666666673 0.01994999999999994
0 0.10365833333333334 0.7300083333333334 0.014521875000000002 0.018775925925925946
0 0.416215625 0.6918689814814815 0.02178333333333337 0.017602777777777853
1 0.052170598958333335 0.6654648148148148 0.021123385416666664 0.01642962962962955
1 0.040618776041666665 0.6607708333333333 0.011221718750000005 0.01642870370370375
0 0.07824453125 0.695976388888889 0.01782239583333333 0.058675000000000026
0 0.0300571875 0.7082981481481482 0.012541875 0.06454259259259261
2 0.41753567708333333 0.686588425925926 0.028383854166666705 0.06336944444444441
4 0.057121171875 0.7241407407407408 0.09439411458333333 0.15724999999999995
3 0.14095390624999998 0.37854166666666667 0.05610885416666666 0.10209629629629631
3 0.5112687499999999 0.5457666666666667 0.06006666666666665 0.14316851851851858
3 0.22775703125 0.4906115740740741 0.04488697916666666 0.06336944444444446
3 0.5525260416666666 0.5844925925925926 0.06601041666666667 0.1032685185185186
3 0.6954375 0.7775351851851853 0.05214583333333327 0.07158333333333339
3 0.5924609375000001 0.7077111111111111 0.046869791666666674 0.08449259259259255
3 0.12115078124999999 0.6877615740740741 0.07459114583333332 0.12439166666666664
0 0.05448088541666666 0.7006703703703704 0.007261145833333334 0.04694074074074077
