0 0.6680442708333333 0.5745180555555555 0.006598958333333371 0.02229722222222224
0 0.64725 0.578038425925926 0.013864583333333276 0.01525648148148146
0 0.6399895833333333 0.5604361111111111 0.008583333333333342 0.015255555555555555
0 0.47232395833333335 0.5604356481481482 0.011221874999999966 0.01760277777777775
0 0.44261953125000003 0.559849074074074 0.012542187500000008 0.016429629629629655
0 0.5528567708333334 0.6549032407407407 0.01122395833333331 0.01642870370370375
0 0.534703125 0.6455152777777778 0.01584374999999998 0.021123148148148137
0 0.5287630208333334 0.6631180555555556 0.011880208333333364 0.016428703703703647
0 0.15283567708333334 0.38910324074074076 0.005941145833333354 0.0176027777777778
0 0.6680416666666668 0.6683986111111111 0.019802083333333324 0.010562037037036969
0 0.6459322916666667 0.6689851851851852 0.007260416666666695 0.023470370370370332
0 0.6693619791666667 0.6871749999999999 0.018484375000000004 0.015255555555555555
0 0.14029375000000002 0.7200328703703703 0.012541666666666658 0.01760277777777775
0 0.10761901041666666 0.7223800925925926 0.014522395833333323 0.017602777777777853
0 0.19640234374999999 0.45599351851851855 0.007260937499999986 0.015255555555555555
0 0.19013125 0.44601851851851854 0.014521875000000002 0.016429629629629655
0 0.17494895833333335 0.4595138888888889 0.01320208333333334 0.017601851851851844
1 0.046229505208333334 0.6519694444444444 0.011881614583333337 0.015255555555555555
1 0.05745127604166667 0.6584240740740741 0.02244328125 0.018775925925925946
0 0.08220494791666667 0.686588425925926 0.016502604166666653 0.05632870370370374
0 0.059761718750000005 0.687175 0.005941145833333331 0.04342037037037038
0 0.03566802083333333 0.6994967592592592 0.013201979166666662 0.0657157407407407
0 0.35746666666666665 0.676026388888889 0.02178333333333337 0.014082407407407358
2 0.35779661458333334 0.6730930555555557 0.027724479166666663 0.0668898148148148
4 0.062402161458333334 0.7165125 0.09835505208333334 0.15138240740740747
3 0.12511171875 0.6813074074074075 0.07063072916666666 0.12791296296296292
3 0.1828703125 0.4477791666666667 0.044886458333333344 0.05984907407407403
3 0.54295546875 0.6484490740740741 0.05610989583333327 0.07158333333333339
3 0.6508828124999999 0.5639564814814815 0.047526041666666664 0.07393148148148149
3 0.6647447916666667 0.6590106481481481 0.05016666666666663 0.08566574074074075
3 0.45384114583333335 0.5393125 0.06006875000000005 0.11383055555555557
3 0.142934375 0.3685671296296297 0.04950729166666667 0.09388055555555552
