0 0.31885078125000005 0.41844120370370375 0.007921354166666639 0.0176027777777778
0 0.30696901041666663 0.43076296296296296 0.010561979166666664 0.014081481481481454
0 0.5954322916666667 0.5346185185185186 0.013197916666666741 0.012909259259259266
0 0.5835494791666667 0.5158425925925926 0.00792187500000002 0.019950000000000048
0 0.49509739583333334 0.5616092592592593 0.009241666666666622 0.019950000000000048
0 0.46737317708333337 0.5674768518518519 0.011881770833333328 0.015255555555555661
0 0.5779401041666666 0.6519699074074075 0.009901041666666662 0.017602777777777853
0 0.55846875 0.646102314814815 0.01452083333333339 0.017602777777777853
0 0.5541744791666666 0.6637050925925927 0.009901041666666662 0.01760277777777775
0 0.25647135416666667 0.41609398148148147 0.016502083333333317 0.01290833333333331
0 0.2581216145833333 0.4295893518518519 0.018482812499999984 0.014082407407407412
0 0.6667239583333333 0.7194462962962963 0.018479166666666675 0.016429629629629655
0 0.6452708333333333 0.7047777777777778 0.013864583333333395 0.022296296296296335
0 0.6373489583333334 0.7194467592592594 0.012541666666666628 0.021123148148148137
0 0.16438723958333332 0.717099537037037 0.011881770833333328 0.01877685185185185
0 0.13204244791666667 0.7188597222222223 0.011881770833333328 0.019949074074074036
1 0.08220520833333333 0.6531430555555556 0.02178333333333334 0.01760277777777775
0 0.10695885416666666 0.6836541666666667 0.015842708333333337 0.05984907407407403
0 0.08451562499999998 0.6842412037037038 0.00660104166666667 0.044593518518518574
0 0.06108177083333333 0.6942162037037037 0.012541666666666673 0.0668898148148148
0 0.43106770833333335 0.6813074074074075 0.02244374999999999 0.017601851851851844
2 0.4323880208333333 0.676026851851852 0.03036458333333337 0.06102222222222222
4 0.08715588541666666 0.7124055555555556 0.0963746875 0.15490370370370377
3 0.47232395833333335 0.5492875 0.06138958333333336 0.11031018518518518
3 0.3112596354166667 0.42078842592592597 0.03630572916666666 0.059849074074074075
3 0.26175234375 0.5070412037037038 0.04026614583333335 0.06806388888888891
3 0.25317083333333334 0.3949708333333333 0.04686666666666669 0.10444166666666664
3 0.14986536458333333 0.6766129629629629 0.07525156250000001 0.12321851851851855
3 0.5947734375000001 0.520536574074074 0.042244791666666615 0.07158425925925929
3 0.6588020833333333 0.6895222222222223 0.06864583333333331 0.11148333333333338
3 0.5650677083333332 0.6466888888888889 0.05148958333333328 0.07745185185185188
