0 0.44228932291666667 0.6378875 0.018482812499999984 0.010562037037036969
0 0.4901466145833333 0.5692370370370371 0.00858177083333338 0.016429629629629655
0 0.46077239583333335 0.5733444444444444 0.01320208333333331 0.017601851851851844
0 0.5805807291666667 0.6525564814814815 0.008578125000000015 0.016429629629629655
0 0.5614375 0.6449287037037037 0.013864583333333276 0.015255555555555555
0 0.5568177083333334 0.6619444444444446 0.012541666666666748 0.016429629629629655
0 0.2871658854166667 0.3984912037037037 0.014522395833333293 0.012908333333333362
0 0.29310703125 0.4137472222222222 0.015842187500000014 0.015255555555555555
0 0.2657125 0.4043587962962963 0.015182291666666684 0.0176027777777778
0 0.6683723958333334 0.717099537037037 0.019140625 0.01642870370370375
0 0.6465885416666667 0.7047777777777778 0.012541666666666628 0.022296296296296335
0 0.6386666666666667 0.7182731481481481 0.012541666666666628 0.023470370370370332
0 0.16636796875 0.7153393518518519 0.011881770833333357 0.01760277777777775
0 0.13369270833333333 0.7188597222222223 0.012541666666666673 0.01760277777777775
0 0.21026432291666666 0.5041074074074073 0.011221354166666675 0.01994999999999994
0 0.1927716145833333 0.4947189814814815 0.014522395833333323 0.012908333333333362
0 0.19079140625 0.509975 0.01320156249999999 0.015255555555555555
1 0.08451536458333334 0.6525564814814815 0.021123437499999995 0.018775925925925946
0 0.06273229166666666 0.6936291666666667 0.010561458333333336 0.06336944444444452
0 0.086165625 0.686587962962963 0.0059406249999999884 0.04928703703703705
0 0.10959921874999999 0.6813074074074075 0.014522395833333339 0.06219629629629632
0 0.40730416666666663 0.6789606481481482 0.021122916666666686 0.01760277777777775
2 0.40697395833333333 0.6748527777777779 0.028384375000000024 0.0657166666666666
4 0.08946611979166666 0.7118189814814815 0.09307401041666666 0.15607685185185194
3 0.6607812499999999 0.6860013888888888 0.06601041666666667 0.09505462962962963
3 0.5673802083333332 0.6425814814814815 0.048187500000000105 0.07393148148148138
3 0.15349583333333333 0.6760268518518519 0.06931041666666667 0.12673888888888893
3 0.20069296875 0.49354583333333335 0.04752760416666666 0.06454351851851857
3 0.27627421875 0.3767814814814815 0.060069270833333376 0.10092222222222226
3 0.47001354166666665 0.5533944444444444 0.060729166666666674 0.09974814814814811
3 0.441959375 0.6425814814814815 0.03498541666666668 0.06689074074074082
