0 0.44036458333333334 0.6393518518518518 0.019270833333333334 0.012037037037037037
0 0.45468749999999997 0.6421296296296296 0.007291666666666667 0.02314814814814815
0 0.7630208333333334 0.737037037037037 0.014583333333333334 0.014814814814814815
0 0.5489583333333333 0.6601851851851852 0.011458333333333333 0.018518518518518517
0 0.5302083333333333 0.6532407407407408 0.016666666666666666 0.015740740740740743
0 0.5263020833333333 0.6717592592592593 0.0109375 0.017592592592592594
0 0.26067708333333334 0.48888888888888893 0.0171875 0.016666666666666666
0 0.521875 0.5800925925925926 0.013541666666666667 0.019444444444444445
0 0.49583333333333335 0.5865740740740741 0.017708333333333333 0.017592592592592594
0 0.16432291666666665 0.7143518518518519 0.0140625 0.019444444444444445
0 0.13333333333333333 0.7171296296296297 0.011458333333333333 0.019444444444444445
0 0.00546875 0.6689814814814815 0.009895833333333333 0.017592592592592594
1 0.08359375 0.6537037037037037 0.022395833333333334 0.014814814814814815
0 0.06145833333333333 0.6944444444444444 0.011458333333333333 0.06296296296296297
0 0.08619791666666667 0.6847222222222222 0.0067708333333333336 0.049074074074074076
0 0.10833333333333334 0.6828703703703703 0.016666666666666666 0.058333333333333334
0 0.4 0.6773148148148148 0.021875 0.015740740740740743
2 0.40130208333333334 0.6722222222222223 0.027604166666666666 0.061111111111111116
4 0.08828125 0.7111111111111111 0.0921875 0.1574074074074074
3 0.15130208333333334 0.6796296296296297 0.06927083333333334 0.12962962962962962
3 0.44296874999999997 0.6402777777777778 0.034895833333333334 0.06759259259259259
3 0.5059895833333333 0.5615740740740741 0.06302083333333333 0.09351851851851853
3 0.5359375 0.6564814814814816 0.052083333333333336 0.08703703703703704
3 0.7635416666666667 0.7064814814814815 0.06041666666666667 0.11111111111111112
3 0.0140625 0.6476851851851853 0.027083333333333334 0.08796296296296297
3 0.26510416666666664 0.4601851851851852 0.058333333333333334 0.09814814814814815
