0 0.43205781249999997 0.6813074074074074 0.012541666666666687 0.015255555555555555
0 0.51489921875 0.5117351851851852 0.017159895833333334 0.016429629629629655
0 0.49938802083333333 0.4964796296296296 0.008581249999999999 0.018775925925925946
0 0.49179687499999997 0.5117351851851852 0.009241666666666622 0.023470370370370332
1 0.79709375 0.23713379629629633 0.01782291666666668 0.014082407407407412
0 0.8132656249999999 0.2694050925925926 0.009239583333333337 0.048113888888888914
0 0.7789401041666667 0.26236435185185186 0.013203124999999953 0.043419444444444476
0 0.5644088541666666 0.3286675925925926 0.01716145833333336 0.014081481481481454
2 0.5611067708333334 0.3239736111111111 0.026401041666666694 0.05632870370370374
4 0.79478125 0.2817273148148148 0.06996875000000008 0.11735092592592593
3 0.5125908854166666 0.4876777777777778 0.05610989583333333 0.09270740740740743
3 0.43172786458333334 0.6496222222222222 0.0554484375 0.1044425925925926
