2 0.33007239583333337 0.41140000000000004 0.040926041666666656 0.09036111111111114
0 0.32446171875 0.41316018518518516 0.023103645833333294 0.023470370370370384
4 0.7380130208333333 0.31575879629629633 0.104296875 0.1642916666666667
1 0.7399947916666666 0.2506291666666666 0.025083333333333256 0.0176027777777778
0 0.7403255208333335 0.2946356481481482 0.005942708333333376 0.061023148148148125
0 0.7667265625 0.2922884259259259 0.015182291666666714 0.0704101851851852
0 0.7159010416666667 0.293462037037037 0.013864583333333276 0.07275740740740744
3 0.21323489583333333 0.6196976851851852 0.08185208333333331 0.1713324074074074
3 0.5495567708333333 0.5557421296296295 0.058751041666666615 0.12556574074074073
3 0.550875 0.6126569444444444 0.052145833333333336 0.09857500000000001
3 0.6033541666666666 0.5944675925925926 0.06468750000000002 0.09740185185185182
3 0.43172786458333334 0.7869236111111112 0.07921197916666665 0.12556574074074073
3 0.6033541666666666 0.8432518518518519 0.07261458333333337 0.11852407407407416
3 0.7165625 0.8297564814814815 0.08779166666666664 0.17133333333333342
0 0.4343682291666666 0.7939643518518519 0.03036458333333331 0.019949074074074143
0 0.4373388020833333 0.8191949074074074 0.029704687500000007 0.02816388888888881
0 0.39872291666666665 0.8080462962962964 0.01320208333333331 0.02699074074074072
0 0.7198619791666666 0.873176388888889 0.021786458333333297 0.025817592592592524
0 0.5525260416666666 0.6296726851851853 0.021125000000000088 0.024643518518518526
0 0.5271119791666667 0.5903601851851852 0.011223958333333369 0.02581666666666662
0 0.23897864583333334 0.6619444444444444 0.010561458333333343 0.023470370370370332
0 0.1997028645833333 0.677787037037037 0.016502604166666667 0.02229629629629623
0 0.43370807291666663 0.6666384259259259 0.015842187500000014 0.021123148148148137
3 0.4495505208333333 0.6689856481481482 0.06204895833333328 0.1032694444444444
0 0.42314661458333336 0.6854148148148149 0.009241145833333301 0.028164814814814823
0 0.6106171874999999 0.5985750000000001 0.027723958333333344 0.018775925925925946
0 0.6125963541666666 0.6202847222222223 0.01716145833333336 0.02229722222222224
0 0.5911432291666666 0.6050291666666666 0.009901041666666662 0.019949074074074036
0 0.4528510416666667 0.6912819444444445 0.017162499999999997 0.021123148148148137
0 0.6218359375000001 0.8637884259259259 0.01716145833333336 0.021123148148148137
0 0.5871822916666666 0.8678953703703705 0.01782291666666668 0.026990740740740825
