3 0.15976692708333334 0.4782898148148148 0.05280781249999998 0.08566666666666665
3 0.32149114583333327 0.6725060185185185 0.07789166666666668 0.14082129629629628
3 0.041278776041666666 0.6619444444444444 0.05214765625 0.07979814814814816
3 0.5396549479166666 0.7288347222222222 0.06271093749999998 0.14551574074074078
3 0.6228255208333333 0.8285828703703704 0.07458854166666669 0.11500462962962957
3 0.7010494791666666 0.9541467592592594 0.06204687499999994 0.096225
0 0.29871770833333333 0.7082981481481482 0.009901041666666662 0.02229629629629623
0 0.33238281249999996 0.7118189814814815 0.016502083333333376 0.024643518518518526
0 0.038968515625000005 0.666638425925926 0.025083802083333336 0.01877685185185185
0 0.0383084375 0.687175 0.018482812499999998 0.019950000000000048
0 0.7172213541666667 0.951212962962963 0.01122395833333331 0.029333333333333392
0 0.7017083333333333 0.9793796296296297 0.019802083333333324 0.02229629629629623
0 0.15547604166666668 0.4829842592592593 0.02178333333333334 0.015255555555555555
0 0.1759390625 0.49061203703703704 0.011221875000000025 0.025816666666666724
0 0.15250572916666666 0.5023472222222222 0.017162499999999997 0.018775925925925946
0 0.6023645833333333 0.8367976851851852 0.013864583333333276 0.025817592592592628
0 0.6158958333333333 0.8661351851851852 0.02376041666666661 0.02581666666666662
0 0.6505494791666666 0.8590944444444445 0.01122395833333331 0.03051111111111111
0 0.5393229166666667 0.7886837962962963 0.01584375000000004 0.021123148148148137
2 0.9647578125 0.23654675925925925 0.03366145833333339 0.07393055555555553
0 0.9670677083333333 0.24652175925925926 0.02376041666666661 0.023469444444444428
