3 0.6449401041666666 0.8309300925925927 0.07525520833333334 0.11735092592592596
3 0.6056640625 0.7440898148148148 0.0706302083333334 0.15020925925925926
3 0.9142630208333333 0.9482805555555556 0.0633697916666667 0.11030925925925927
3 0.34591484375000003 0.6736796296296296 0.0778921875 0.14786296296296297
3 0.15184557291666667 0.5252305555555556 0.051488020833333314 0.08097222222222226
3 0.07494395833333334 0.6502092592592593 0.05082770833333333 0.08214629629629637
0 0.32215130208333337 0.7082981481481482 0.011881770833333328 0.02229629629629623
0 0.35680625 0.7100587962962963 0.015182291666666655 0.021123148148148137
0 0.07296380208333335 0.6707458333333334 0.020463020833333342 0.02229722222222224
0 0.9307630208333334 0.9459351851851852 0.01583854166666671 0.02816666666666663
0 0.9152500000000001 0.9729212962962964 0.019145833333333327 0.02347222222222235
0 0.14656458333333333 0.529337962962963 0.023763541666666655 0.016429629629629655
0 0.16636770833333334 0.5369657407407408 0.010561458333333343 0.02229629629629623
0 0.1442544270833333 0.5487009259259259 0.01782239583333333 0.02229629629629623
0 0.6234869791666665 0.8391444444444446 0.01122395833333331 0.023470370370370437
0 0.6366901041666667 0.8661351851851852 0.02442187500000005 0.02581666666666662
0 0.6710130208333334 0.8590944444444445 0.013859375000000066 0.03051111111111111
0 0.6046744791666666 0.8004189814814816 0.018484375000000004 0.021123148148148137
