2 0.4278645833333333 0.41111111111111115 0.04114583333333333 0.09074074074074075
0 0.4348958333333333 0.4078703703703704 0.02395833333333333 0.02314814814814815
4 0.7299479166666667 0.3092592592592593 0.10572916666666667 0.1574074074074074
1 0.728125 0.2449074074074074 0.026041666666666668 0.019444444444444445
0 0.7291666666666666 0.28611111111111115 0.005208333333333333 0.05925925925925926
0 0.7549479166666666 0.28611111111111115 0.0171875 0.07037037037037037
0 0.7028645833333333 0.28703703703703703 0.01614583333333333 0.07222222222222223
3 0.49453125 0.7782407407407408 0.09947916666666666 0.1398148148148148
3 0.7033854166666667 0.8097222222222222 0.10052083333333334 0.1712962962962963
3 0.41302083333333334 0.6648148148148149 0.05416666666666667 0.0962962962962963
3 0.42109375 0.5504629629629629 0.058854166666666666 0.09537037037037037
3 0.4848958333333333 0.5069444444444444 0.08020833333333333 0.13611111111111113
3 0.35 0.5662037037037038 0.08229166666666667 0.15833333333333333
3 0.28463541666666664 0.41250000000000003 0.0546875 0.08425925925925926
3 0.5096354166666667 0.9541666666666667 0.058854166666666666 0.09166666666666667
0 0.47265625 0.7796296296296297 0.019270833333333334 0.02592592592592593
0 0.4630208333333333 0.8055555555555556 0.019791666666666666 0.02777777777777778
0 0.71328125 0.8458333333333333 0.021354166666666667 0.02314814814814815
0 0.509375 0.813425925925926 0.029166666666666667 0.025
0 0.29609375 0.4027777777777778 0.011979166666666666 0.024074074074074074
0 0.28203125 0.42685185185185187 0.019270833333333334 0.020370370370370372
0 0.5166666666666666 0.5347222222222222 0.013541666666666667 0.028703703703703703
0 0.48046875 0.5421296296296296 0.0265625 0.025
0 0.3302083333333333 0.6231481481481481 0.0125 0.022222222222222223
0 0.41562499999999997 0.6689814814814815 0.029166666666666667 0.017592592592592594
0 0.41744791666666664 0.6916666666666667 0.0171875 0.02592592592592593
0 0.39479166666666665 0.6777777777777778 0.011458333333333333 0.02592592592592593
0 0.43671875 0.5486111111111112 0.011979166666666666 0.021296296296296296
0 0.396875 0.562962962962963 0.008333333333333333 0.024074074074074074
0 0.425 0.5712962962962963 0.017708333333333333 0.022222222222222223
0 0.46640624999999997 0.5064814814814815 0.01614583333333333 0.02592592592592593
