3 0.18716067708333334 0.4911986111111111 0.05742864583333335 0.07627870370370368
3 0.281225 0.49941296296296295 0.0514875 0.08097222222222221
3 0.17692942708333334 0.6249787037037037 0.04884739583333335 0.08097222222222226
3 0.3185205729166667 0.7317685185185185 0.06799010416666669 0.1396481481481482
3 0.7472578125 0.7317680555555557 0.06336979166666659 0.14903611111111106
3 0.9112916666666666 0.795137962962963 0.0785520833333333 0.13495370370370371
3 0.020485755208333335 0.49706620370370375 0.07525140625 0.12556574074074067
2 0.12247109375 0.7294212962962963 0.042906770833333316 0.09270740740740743
0 0.10959921874999999 0.7435037037037037 0.0158421875 0.0340314814814815
0 0.030057161458333332 0.5134953703703704 0.020463072916666665 0.022296296296296335
0 0.03962861979166667 0.5305111111111112 0.018482760416666667 0.028164814814814716
0 0.31621041666666666 0.775187962962963 0.017162499999999997 0.019950000000000048
0 0.19640234374999999 0.4865046296296296 0.012542187499999979 0.022296296296296335
0 0.20564375000000001 0.4982398148148149 0.012541666666666658 0.02464444444444443
0 0.1818799479166667 0.5093884259259259 0.016502604166666667 0.021123148148148245
0 0.17758932291666665 0.6443416666666667 0.014522395833333352 0.018775925925925946
0 0.2779244791666667 0.5035203703703703 0.021122916666666686 0.016429629629629655
0 0.2967372395833333 0.5093884259259259 0.009901562499999983 0.021123148148148245
0 0.2739640625 0.5217097222222222 0.01716249999999997 0.01760277777777775
0 0.9063385416666667 0.8285828703703704 0.026406250000000023 0.023469444444444428
0 0.9413229166666667 0.8244754629629629 0.010562499999999985 0.029337962962962913
0 0.7485755208333332 0.7933777777777777 0.01583854166666671 0.023470370370370437
