3 0.8637630208333333 0.6918689814814815 0.0732760416666667 0.13964722222222228
3 0.8875260416666667 0.7669736111111112 0.07459375000000001 0.11852500000000006
3 0.4191859375 0.6390611111111111 0.06072916666666662 0.1302592592592592
3 0.3610971354166666 0.3937976851851852 0.05412864583333334 0.07158425925925924
3 0.53569375 0.34979074074074074 0.04422708333333336 0.07275740740740738
3 0.08121486979166666 0.4865046296296296 0.07261088541666667 0.11382962962962967
3 0.19673229166666667 0.5956412037037038 0.0646895833333333 0.08566574074074075
0 0.09903749999999999 0.49882638888888897 0.014521874999999988 0.025817592592592524
0 0.10794895833333333 0.5117351851851852 0.012541666666666658 0.025816666666666724
0 0.07560416666666667 0.5187763888888889 0.024423958333333336 0.025817592592592628
0 0.4205059895833333 0.676613425925926 0.018482812499999984 0.02229722222222224
0 0.37330885416666665 0.40259861111111117 0.012541666666666687 0.02112314814814819
0 0.34822500000000006 0.40787962962962965 0.015182291666666655 0.022296296296296283
0 0.18485052083333334 0.6150041666666667 0.015842708333333337 0.021123148148148137
0 0.21323489583333333 0.6091365740740742 0.01320208333333331 0.021123148148148137
0 0.5267838541666666 0.35624490740740744 0.011880208333333364 0.0176027777777778
0 0.51952109375 0.36680648148148143 0.010561979166666664 0.019949999999999992
0 0.8703645833333332 0.7681472222222223 0.013864583333333395 0.02464444444444443
0 0.8871953124999999 0.796311574074074 0.027723958333333344 0.02933796296296302
0 0.9195416666666666 0.7945513888888889 0.010562499999999985 0.02816388888888881
0 0.8357083333333333 0.7294212962962963 0.011885416666666633 0.02464444444444443
