2 0.5218322916666666 0.4260685185185185 0.042908333333333284 0.08449259259259255
0 0.5281018229166666 0.4260685185185185 0.02244218750000003 0.018775925925925946
4 0.6937890625 0.36328611111111114 0.104296875 0.1584240740740741
1 0.6908177083333332 0.3040240740740741 0.023104166666666613 0.018775925925925946
0 0.6911484375000001 0.34568379629629625 0.007921874999999901 0.059849074074074075
0 0.7155703125 0.34274953703703703 0.01583854166666659 0.07275833333333334
0 0.6663932291666667 0.3439231481481482 0.013859374999999948 0.06806296296296295
3 0.22016588541666668 0.6912824074074074 0.07063072916666666 0.1009222222222222
3 0.26175208333333333 0.4829837962962964 0.056108333333333336 0.07862500000000003
3 0.5234809895833333 0.5557416666666667 0.0818505208333334 0.17015925925925926
3 0.4310677083333333 0.638474074074074 0.06601041666666667 0.1009222222222222
3 0.54856484375 0.7229671296296296 0.06732864583333337 0.11735092592592596
3 0.6251380208333333 0.7112319444444445 0.08977604166666672 0.15725092592592596
3 0.53107265625 0.4237217592592593 0.06270885416666665 0.0868398148148148
0 0.19871276041666666 0.7106453703703705 0.015842187500000014 0.01994999999999994
0 0.2310575520833333 0.7071245370370371 0.01848281250000001 0.02229722222222224
0 0.5512057291666667 0.7569990740740741 0.02904687499999999 0.023470370370370332
0 0.5215023437499999 0.7440898148148148 0.013203645833333333 0.03051111111111111
0 0.6386692708333332 0.7499574074074074 0.019140625 0.023470370370370437
0 0.5964218750000001 0.7417430555555555 0.013864583333333395 0.02816388888888892
0 0.555828125 0.43839074074074075 0.010562499999999985 0.022296296296296283
0 0.3449247395833333 0.47535601851851855 0.011221354166666704 0.02112314814814819
3 0.3660479166666666 0.46538148148148145 0.07063020833333333 0.12321851851851849
0 0.36538776041666665 0.499413425925926 0.02574427083333332 0.02229722222222224
0 0.3957526041666667 0.4882648148148149 0.008581249999999999 0.023470370370370332
0 0.54559375 0.5927074074074075 0.013864583333333276 0.023470370370370332
0 0.5142403645833333 0.6032689814814814 0.015842187499999955 0.023469444444444428
0 0.4195158854166667 0.6531430555555556 0.013861979166666672 0.019949074074074143
0 0.45021041666666667 0.6613578703703703 0.017162499999999997 0.02229722222222224
