3 0.35482604166666665 0.3937972222222223 0.05874895833333333 0.08097222222222221
3 0.417865625 0.4847444444444445 0.0646895833333333 0.1502092592592592
3 0.45978203125 0.6361273148148149 0.0693109375 0.14786203703703707
3 0.28320546875 0.578038425925926 0.051488020833333314 0.08331944444444446
3 0.9776302083333333 0.9377208333333333 0.07525000000000001 0.1079657407407407
0 0.40169322916666667 0.5246439814814815 0.011221875000000025 0.021123148148148245
0 0.4307377604166666 0.5246439814814815 0.013861979166666672 0.021123148148148245
0 0.36010703125000004 0.3955574074074074 0.0178223958333333 0.018775925925925946
0 0.3667080729166667 0.4102263888888889 0.013861979166666613 0.024643518518518474
0 0.34162421875 0.4096398148148148 0.013861979166666672 0.018775925925925946
0 0.28056484375 0.6003351851851851 0.014522395833333293 0.017601851851851844
0 0.9598072916666666 0.9230495370370371 0.014520833333333271 0.02464166666666672
0 0.9627760416666667 0.9553240740740742 0.01782291666666668 0.025814814814814915
0 0.9957838541666667 0.960601851851852 0.01122395833333331 0.02229629629629623
0 0.43403802083333337 0.6736791666666666 0.011221874999999966 0.021123148148148137
0 0.4690234375 0.6830675925925925 0.016502083333333317 0.023470370370370332
