3 0.33238281249999996 0.3773680555555556 0.04686666666666669 0.07627870370370368
3 0.3964125 0.4677287037037038 0.06534999999999999 0.13495370370370377
3 0.4373388020833333 0.41492083333333335 0.05742864583333335 0.13260648148148146
3 0.28815625 0.5733444444444444 0.05478854166666664 0.08331851851851844
3 0.8726744791666667 0.9007546296296297 0.06732812499999999 0.09975000000000002
2 0.18452057291666665 0.5897736111111112 0.03630572916666666 0.08331944444444446
0 0.18221015624999998 0.6044421296296295 0.023764062500000006 0.021123148148148137
0 0.4607721354166667 0.44132453703703706 0.009241145833333301 0.021123148148148137
0 0.4366786458333333 0.45716666666666667 0.015182291666666714 0.019949999999999992
0 0.335353125 0.3803018518518519 0.019803125000000026 0.014081481481481454
0 0.33865364583333335 0.3961439814814815 0.017162499999999997 0.0176027777777778
0 0.31819062499999995 0.38558287037037037 0.009241666666666681 0.01994907407407409
0 0.29145651041666665 0.578038425925926 0.023103645833333294 0.017602777777777853
0 0.2940971354166667 0.5974013888888889 0.0178223958333333 0.01877685185185185
0 0.2696734375 0.5880134259259259 0.012541666666666658 0.021123148148148137
0 0.8565026041666667 0.8866717592592593 0.013859374999999948 0.022297222222222135
0 0.8914869791666666 0.9242240740740741 0.01650520833333336 0.02464444444444443
0 0.8584817708333333 0.9201157407407408 0.01650520833333336 0.030509259259259302
0 0.37429921875000005 0.509387962962963 0.011881770833333328 0.023470370370370332
0 0.40862421875 0.5152555555555556 0.014522395833333352 0.023470370370370332
