3 0.9010572916666666 0.881975462962963 0.06996875000000008 0.10443796296296297
3 0.14821510416666667 0.4278291666666667 0.07195104166666667 0.11852499999999995
3 0.4304078125 0.3233870370370371 0.060729166666666674 0.12321851851851849
3 0.4607721354166667 0.35096435185185193 0.06469010416666662 0.13378055555555557
3 0.47034374999999995 0.2946356481481482 0.05214791666666662 0.07275833333333334
3 0.28980625 0.5363787037037037 0.050167708333333366 0.08449259259259255
2 0.08352526041666668 0.5944675925925927 0.037625520833333335 0.08331851851851856
0 0.08022473958333333 0.6114833333333334 0.025744270833333333 0.023470370370370437
0 0.17032838541666667 0.4442583333333333 0.011881770833333328 0.022296296296296283
0 0.15778645833333332 0.46479490740740736 0.023763541666666655 0.025817592592592576
0 0.12577161458333333 0.4577537037037037 0.012542187499999994 0.023470370370370384
0 0.47001354166666665 0.39262407407407407 0.015842708333333337 0.019949999999999992
0 0.44426953124999996 0.3849962962962963 0.011881770833333328 0.018775925925925946
0 0.4851958333333333 0.31223842592592593 0.009241666666666681 0.018776851851851902
0 0.30597890625 0.5410731481481482 0.009901562499999983 0.018775925925925946
0 0.28386536458333333 0.5545685185185185 0.015842187500000014 0.019950000000000048
0 0.9244921875000001 0.902513888888889 0.013859374999999948 0.023470370370370332
0 0.8937994791666667 0.9060347222222221 0.013203124999999953 0.025817592592592524
