3 0.39872291666666665 0.2987430555555556 0.0514875 0.07393055555555553
3 0.6597916666666667 0.4471921296296296 0.06403125000000003 0.12204537037037035
3 0.33139244791666667 0.6678120370370372 0.0726109375 0.14316851851851847
3 0.9033697916666666 0.4372171296296296 0.06403125000000003 0.10444166666666664
0 0.30894947916666665 0.7024305555555556 0.01320208333333331 0.02464444444444443
0 0.34327447916666665 0.7082981481481482 0.017162499999999997 0.02229629629629623
0 0.40499375 0.30050324074074075 0.013862499999999993 0.0164287037037037
0 0.41060442708333333 0.31399861111111116 0.011881770833333387 0.015256481481481511
0 0.38717109375000003 0.3134120370370371 0.012542187500000008 0.018775925925925946
0 0.8895078125 0.44836574074074076 0.011223958333333428 0.016429629629629655
0 0.9079895833333333 0.4659685185185185 0.023104166666666613 0.018775925925925894
0 0.8782838541666665 0.45892685185185184 0.009901041666666662 0.023470370370370384
0 0.6667213541666667 0.4923722222222222 0.013203124999999953 0.01760185185185195
0 0.639328125 0.4753564814814815 0.008583333333333342 0.016429629629629603
2 0.8855442708333333 0.21601064814814813 0.04026562500000009 0.07041018518518517
0 0.8749843749999999 0.224225 0.019145833333333327 0.023470370370370357
