3 1.0000729166666666 0.43310972222222227 0.06601041666666667 0.09857500000000001
3 0.2663729166666666 0.5510476851851852 0.06270937499999996 0.08801388888888885
3 0.8970989583333332 0.8831500000000001 0.06996874999999995 0.10444074074074079
3 0.4818953125 0.31751898148148144 0.05412812500000002 0.118525
3 0.4452598958333333 0.2917018518518519 0.04554687500000002 0.07158333333333333
3 0.13864348958333333 0.43369675925925927 0.062049479166666664 0.1067898148148148
3 0.46143229166666666 0.35272453703703704 0.05940937499999996 0.12791203703703702
2 0.026096588541666663 0.5944675925925927 0.038945885416666666 0.08801296296296295
0 0.024776380208333334 0.6103101851851852 0.028384322916666663 0.023470370370370332
0 0.1548161458333333 0.4436717592592593 0.012541666666666658 0.021123148148148137
0 0.1416140625 0.46714166666666673 0.024423958333333336 0.018775925925925946
0 0.4449296875 0.38499583333333337 0.010561458333333343 0.021123148148148137
0 0.47001354166666665 0.3937972222222223 0.01320208333333337 0.019949999999999992
0 0.4353583333333333 0.3104777777777778 0.012541666666666687 0.019949999999999992
0 0.2825453125 0.5657166666666666 0.01320208333333331 0.023470370370370437
0 0.25548125 0.5721708333333334 0.015842708333333337 0.019949074074074036
0 0.27462395833333336 0.5528078703703704 0.017162499999999997 0.021123148148148137
0 0.9182213541666667 0.9019277777777778 0.01320312500000007 0.026990740740740825
0 0.9868697916666667 0.4489523148148148 0.01584375000000004 0.02229722222222224
0 0.48849635416666665 0.36035231481481483 0.01320208333333331 0.01877685185185185
