3 0.5257927083333334 0.30285 0.06007083333333334 0.13143333333333337
3 0.6224973958333333 0.2870078703703704 0.0633697916666667 0.12087129629629627
3 0.144584375 0.43780370370370375 0.05808854166666668 0.10796296296296298
2 -0.005918255208333333 0.5921203703703704 0.040926197916666664 0.09270740740740743
0 0.16207708333333332 0.4460185185185186 0.012541666666666658 0.021124074074074094
0 0.14689479166666666 0.470075462962963 0.02574375 0.022297222222222187
0 0.507309375 0.33394814814814816 0.011221875000000025 0.019949999999999992
0 0.5317317708333333 0.3439226851851852 0.015182291666666655 0.02112314814814819
3 0.12841197916666666 0.6842412037037038 0.049507291666666654 0.08918611111111104
3 0.2808950520833334 0.5686500000000001 0.05742864583333335 0.09270740740740732
0 0.12709166666666669 0.6895217592592593 0.021783333333333325 0.024643518518518526
0 0.12808203125 0.7077115740740741 0.018482812499999998 0.021123148148148137
0 0.2964075520833333 0.578625 0.011881770833333328 0.023470370370370437
0 0.27462421875 0.5727574074074074 0.02112343750000001 0.018775925925925946
0 0.27132369791666666 0.5938805555555555 0.015842187499999986 0.018775925925925946
0 0.9182213541666667 0.9154236111111111 0.01716145833333336 0.025819444444444437
0 0.8838958333333333 0.8790439814814816 0.013197916666666623 0.021123148148148137
0 0.8862057291666666 0.913074074074074 0.016505208333333243 0.02581481481481481
3 0.9370338541666666 0.3709138888888889 0.06402604166666657 0.09388148148148148
0 0.9182213541666667 0.3767814814814815 0.011880208333333423 0.018775925925925894
0 0.9334036458333334 0.3973175925925926 0.022442708333333408 0.019949999999999992
0 0.6023619791666666 0.3204527777777778 0.009901041666666662 0.018775925925925946
0 0.6323984374999999 0.3269074074074074 0.01320312500000007 0.015255555555555555
