3 0.27693437499999995 0.5610226851851852 0.06138958333333336 0.09153425925925923
3 0.5182018229166666 0.29756944444444444 0.05545052083333335 0.13260740740740742
3 0.7106197916666666 0.25943055555555555 0.06007291666666662 0.12439259259259262
3 0.9406640625 0.3685666666666667 0.0633697916666667 0.10092222222222226
3 0.8881848958333334 0.8667217592592593 0.06139062499999994 0.1020953703703704
2 0.18848098958333334 0.6062023148148148 0.04422656250000001 0.09036018518518524
0 0.17989973958333336 0.6220453703703703 0.02574427083333335 0.023470370370370332
3 0.13237265625 0.4272421296296297 0.07063072916666667 0.11735092592592596
0 0.15316588541666668 0.44484490740740745 0.011881770833333328 0.021123148148148137
0 0.13501302083333333 0.4683152777777778 0.02442395833333335 0.021123148148148137
0 0.5135815104166667 0.3398157407407407 0.014524479166666637 0.019949999999999992
0 0.26802291666666667 0.5645430555555556 0.019803124999999994 0.016428703703703647
0 0.28980625 0.5768648148148149 0.01320208333333331 0.02229629629629623
0 0.2630723958333333 0.5850791666666667 0.015182291666666655 0.01760277777777775
0 0.8739947916666666 0.8608541666666668 0.017166666666666684 0.02933796296296302
0 0.8885182291666666 0.8907787037037037 0.01320312500000007 0.023470370370370437
0 0.923171875 0.3738476851851852 0.012541666666666628 0.01994907407407409
0 0.9403333333333334 0.3937972222222223 0.023104166666666613 0.022296296296296283
0 0.7073177083333333 0.3087180555555556 0.012541666666666628 0.021123148148148137
