3 0.9462760416666666 0.34920416666666665 0.06403124999999991 0.09505462962962968
3 0.5713385416666665 0.3333611111111111 0.058749999999999976 0.10796296296296294
3 0.7003880208333333 0.33394814814814816 0.06336979166666659 0.09974814814814816
3 0.25878151041666664 0.43017592592592596 0.06600989583333335 0.11617777777777781
3 0.3142302083333333 0.6155907407407407 0.06072916666666662 0.08566666666666665
3 0.06702286458333333 0.35976527777777784 0.0587490625 0.07862500000000003
3 0.8456119791666665 0.9201185185185187 0.07260937500000005 0.1079666666666666
2 0.06867307291666667 0.6202847222222223 0.03564552083333333 0.08331944444444446
0 0.06834296875 0.6355402777777778 0.027064062499999996 0.02229722222222224
0 0.2746242187499999 0.4507125 0.011881770833333328 0.021123148148148137
0 0.2851856770833333 0.4577537037037037 0.007921354166666639 0.023470370370370384
0 0.25647135416666667 0.4694888888888889 0.020463541666666706 0.018775925925925946
0 0.5644062499999999 0.3697402777777778 0.014520833333333271 0.01877685185185185
0 0.5901510416666668 0.3585921296296296 0.011885416666666633 0.02229722222222224
0 0.08088489583333333 0.3509638888888889 0.013862499999999993 0.018775925925925946
0 0.07395364583333335 0.37619444444444444 0.017162500000000008 0.019949999999999992
0 0.048209869791666665 0.3703268518518518 0.010561510416666664 0.019949999999999992
0 0.32248125 0.6126569444444444 0.015182291666666655 0.01877685185185185
0 0.33040234375 0.6284995370370371 0.013861979166666613 0.019949074074074143
0 0.3023481770833333 0.6320199074074074 0.015842187500000014 0.019949074074074143
0 0.8310885416666667 0.9072078703703704 0.01452083333333339 0.021123148148148137
0 0.8353802083333333 0.944763888888889 0.01782291666666668 0.023472222222222245
0 0.8664010416666666 0.9453472222222222 0.012541666666666628 0.0246388888888889
0 0.920203125 0.36739305555555557 0.009239583333333337 0.021123148148148137
0 0.9297734375 0.3574185185185185 0.009901041666666662 0.015255555555555555
0 0.9485859374999999 0.37678101851851853 0.02244270833333329 0.021123148148148137
