3 0.8459401041666667 0.9236388888888889 0.07195312499999992 0.10092592592592593
3 0.572328125 0.33042777777777776 0.05148958333333328 0.11148333333333332
3 0.7043489583333333 0.3368819444444444 0.06996874999999995 0.09857500000000001
3 0.9462760416666666 0.32925416666666674 0.06007291666666662 0.09974907407407406
3 0.2597716145833333 0.43193611111111113 0.0640296875 0.11500370370370366
3 0.426446875 0.6877615740740741 0.056768749999999986 0.08918611111111113
3 0.10332812499999999 0.3574185185185185 0.058748958333333316 0.08097222222222226
2 0.012564531249999998 0.6220453703703703 0.035645416666666666 0.08449259259259255
0 0.011904427083333334 0.6378875 0.026403958333333335 0.024643518518518526
0 0.25845182291666663 0.46948842592592593 0.020463020833333297 0.021123148148148085
0 0.27594453124999996 0.4495388888888889 0.011881770833333328 0.023470370370370384
0 0.28650598958333334 0.45892731481481486 0.009241145833333301 0.021123148148148137
0 0.5680390625 0.36563333333333337 0.01650520833333336 0.019949999999999992
0 0.11619999999999998 0.35155092592592596 0.013202083333333324 0.02464444444444443
0 0.12379140625000001 0.36739305555555557 0.01122135416666666 0.021123148148148137
0 0.09837734375 0.37619444444444444 0.018482812499999998 0.019949999999999992
0 0.4379986979166666 0.6824810185185186 0.012542187500000008 0.02229722222222224
0 0.44691015624999997 0.6959759259259259 0.010561979166666664 0.018775925925925946
0 0.42347656250000004 0.7088847222222222 0.016502083333333376 0.021123148148148137
0 0.83175 0.9113152777777778 0.01584375000000004 0.02229722222222224
0 0.83471875 0.9418287037037038 0.01782291666666668 0.02699074074074072
0 0.8664036458333333 0.9465231481481481 0.013859374999999948 0.02699074074074072
0 0.9297734375 0.3380555555555556 0.009901041666666662 0.018775925925925894
0 0.9211927083333333 0.34744351851851857 0.01121874999999998 0.023470370370370384
0 0.9479244791666666 0.3568319444444445 0.02244270833333329 0.0164287037037037
