3 0.9155807291666667 0.41140000000000004 0.0594114583333333 0.09270740740740743
3 0.8763046875 0.8948842592592593 0.060067708333333414 0.0973981481481482
3 0.18254010416666666 0.39379722222222224 0.054788541666666676 0.07393148148148149
3 0.6353697916666666 0.3626990740740741 0.053468750000000044 0.09622777777777777
2 -0.0036078906249999996 0.5633694444444445 0.034985260416666664 0.07275740740740738
0 0.6518723958333332 0.38088888888888894 0.01122395833333331 0.019949999999999992
0 0.6290989583333333 0.39321064814814816 0.014520833333333271 0.021123148148148137
0 0.19442187499999997 0.3885166666666667 0.015182291666666684 0.018775925925925946
0 0.20069296875 0.40259861111111117 0.010561979166666693 0.018776851851851902
0 0.17626927083333332 0.4090527777777778 0.014521875000000002 0.019949999999999992
0 0.8598020833333334 0.9072083333333333 0.013864583333333395 0.023470370370370332
0 0.9007291666666667 0.41668055555555555 0.008583333333333342 0.018775925925925946
0 0.9119505208333333 0.43487037037037035 0.020463541666666647 0.019949999999999992
