2 0.37231875 0.4577537037037037 0.044886458333333344 0.0844925925925926
0 0.3663778645833333 0.46186064814814815 0.022443229166666672 0.024643518518518474
4 0.7112786458333333 0.3644597222222222 0.10099479166666658 0.14903611111111112
1 0.7109505208333333 0.3063708333333333 0.02376562499999994 0.0164287037037037
0 0.6881770833333333 0.34274953703703703 0.013864583333333276 0.06336944444444446
0 0.7112812500000001 0.3404027777777778 0.007260416666666695 0.05398148148148149
0 0.7350442708333332 0.3445097222222222 0.015182291666666596 0.06454351851851851
3 0.11851041666666666 0.5844930555555556 0.062709375 0.08683981481481474
3 0.407634375 0.5891865740740742 0.07591145833333333 0.14551574074074067
3 0.5607786458333334 0.6496226851851852 0.06139062500000006 0.12791203703703702
3 0.5597864583333333 0.4131606481481482 0.05677083333333333 0.08683981481481486
3 0.6063255208333334 0.8409046296296296 0.10231770833333324 0.16546481481481481
0 0.6333880208333333 0.8808037037037038 0.013859375000000066 0.02699074074074072
0 0.5894921874999999 0.8878449074074074 0.018484375000000004 0.024643518518518422
0 0.569359375 0.4325231481481482 0.016500000000000032 0.022296296296296335
0 0.5439453125 0.4290027777777778 0.013203124999999953 0.022296296296296283
0 0.5581380208333333 0.6695722222222222 0.025744791666666583 0.017601851851851844
0 0.5832213541666665 0.6742662037037037 0.01122395833333331 0.02229722222222224
0 0.5568151041666667 0.6918689814814815 0.0257447916666667 0.019949074074074036
0 0.3881611979166667 0.6349537037037037 0.011881770833333328 0.018775925925925946
0 0.4261169270833333 0.6337800925925926 0.013861979166666672 0.01877685185185185
0 0.1330328125 0.5745180555555556 0.012541666666666673 0.01760277777777775
0 0.12610156250000001 0.5938810185185185 0.017162499999999997 0.021123148148148137
0 0.09903749999999999 0.5956412037037038 0.010561458333333329 0.024643518518518526
