3 0.8271276041666666 0.3732611111111111 0.04224479166666673 0.06571666666666666
3 0.8977578125 0.4125736111111111 0.05148437499999995 0.08331944444444446
3 0.8865364583333334 0.9283333333333332 0.06468750000000002 0.09153703703703706
3 0.2204958333333333 0.40259861111111117 0.05676875000000002 0.07745092592592592
3 0.6498906249999999 0.35683148148148147 0.04686458333333334 0.1032685185185185
2 0.2577916666666667 0.6361273148148148 0.03498541666666668 0.08214537037037035
0 0.252840625 0.6502092592592593 0.023763541666666655 0.023470370370370332
3 -0.013839427083333335 0.42137500000000006 0.04620697916666666 0.09622777777777777
0 0.6482395833333333 0.38793009259259265 0.014520833333333271 0.0176027777777778
0 0.22709713541666665 0.4008384259259259 0.018482812499999984 0.0176027777777778
0 0.2336979166666667 0.4178541666666667 0.014521875000000002 0.018776851851851902
0 0.2086140625 0.41609398148148147 0.01320208333333334 0.01994907407407409
0 0.8700338541666667 0.9430000000000001 0.014526041666666718 0.02464814814814815
0 0.8984192708333334 0.9559074074074075 0.01320312500000007 0.022296296296296335
0 0.8175546874999999 0.37208703703703705 0.01122395833333331 0.018775925925925946
