3 0.22874739583333337 0.4096398148148148 0.045546874999999994 0.06571666666666671
3 0.631078125 0.3668064814814815 0.05281249999999993 0.1044425925925926
3 0.7238229166666666 0.38206203703703706 0.0442291666666667 0.06454259259259261
3 0.9779609374999999 0.4894384259259259 0.0640260416666667 0.09388055555555552
3 0.06273203125 0.4366305555555556 0.052807812499999995 0.1009222222222222
2 0.22643671875000002 0.6396476851851852 0.033004687499999984 0.07510462962962958
0 0.22379635416666666 0.6549032407407407 0.023763541666666683 0.021123148148148137
0 0.6271171875 0.3955574074074074 0.014526041666666718 0.016429629629629655
0 0.24029869791666666 0.40494583333333334 0.011881770833333328 0.021123148148148137
0 0.22841718749999998 0.42724212962962965 0.015842708333333337 0.021123148148148137
0 0.7139192708333333 0.38264907407407406 0.009901041666666662 0.014081481481481507
0 0.7241536458333333 0.3984916666666667 0.013203124999999953 0.015255555555555555
0 0.993140625 0.5129083333333334 0.01782291666666668 0.023470370370370332
0 0.9617890625000001 0.5117351851851852 0.018484375000000004 0.025816666666666724
