3 0.22808697916666668 0.40670555555555554 0.054788541666666676 0.06923703703703706
3 0.6591328124999999 0.3791282407407407 0.04950520833333331 0.10326944444444446
3 0.7106223958333333 0.3773680555555556 0.0455468749999999 0.06454351851851851
3 1.003375 0.4389777777777778 0.0514895833333334 0.09622777777777777
2 0.16372734374999998 0.6396476851851852 0.03564531250000001 0.07510462962962958
0 0.16273723958333336 0.6543166666666668 0.02574427083333335 0.01994999999999994
0 0.6512109374999999 0.4125736111111111 0.009901041666666662 0.01760277777777775
0 0.20960442708333335 0.41609398148148147 0.009901562500000013 0.01994907407407409
0 0.23963880208333332 0.3990777777777778 0.01320156249999999 0.018775925925925894
0 0.23204765624999998 0.4243083333333334 0.013861979166666672 0.019949999999999992
0 0.6987369791666665 0.3803018518518519 0.01122395833333331 0.018775925925925946
0 0.7149088541666666 0.3955574074074074 0.013203124999999953 0.016429629629629655
0 0.6931276041666667 0.392037037037037 0.00792187500000002 0.016429629629629603
0 0.9891822916666667 0.4606875 0.016499999999999914 0.024643518518518526
