3 0.47001354166666665 0.3538976851851852 0.05016770833333333 0.09505462962962963
3 0.593453125 0.36445925925925926 0.040927083333333295 0.06219629629629632
3 0.46605286458333334 0.7388097222222223 0.06865052083333331 0.12556574074074073
3 0.93109375 0.49589305555555563 0.04951041666666664 0.07862500000000003
3 0.016525130208333336 0.42665555555555557 0.052807968749999996 0.07627777777777778
3 0.044909453125 0.5246439814814815 0.06997067708333332 0.10561574074074075
0 0.056791328125 0.5305115740740742 0.018482968750000002 0.021123148148148137
0 0.032367526041666664 0.5469407407407408 0.019802968749999997 0.023470370370370332
0 0.06504270833333334 0.5463537037037036 0.015182291666666662 0.02699074074074072
0 0.46836328125000004 0.38440925925925923 0.013861979166666672 0.017601851851851844
0 0.028406927083333332 0.4190277777777778 0.011881770833333334 0.018775925925925946
0 0.020485729166666668 0.44367129629629626 0.018482812499999998 0.018775925925925894
0 0.9188828125 0.48709166666666665 0.011880208333333423 0.023470370370370332
0 0.9297734375 0.5117351851851852 0.015182291666666714 0.018775925925925946
0 0.5848697916666665 0.36328611111111114 0.009239583333333337 0.015255555555555555
0 0.5970833333333334 0.3791282407407407 0.013864583333333395 0.0164287037037037
0 0.5789296875000001 0.3709138888888889 0.006598958333333371 0.016429629629629655
0 0.4878361979166667 0.7728412037037037 0.00924114583333336 0.019949074074074143
0 0.45417135416666665 0.7845763888888889 0.01320208333333331 0.019949074074074036
