3 0.7053411458333334 0.3855828703703704 0.04026562500000009 0.0668898148148148
3 0.13501302083333333 0.5099750000000001 0.06799062499999999 0.11148333333333338
3 0.30234817708333334 0.5246435185185185 0.0554484375 0.11500370370370372
3 0.05844158854166667 0.420787962962963 0.05214807291666667 0.07627777777777778
3 0.5241427083333333 0.37208703703703705 0.043568750000000024 0.08918703703703704
3 0.7069895833333334 0.430762962962963 0.04225000000000006 0.06571666666666666
2 0.017515283854166667 0.6654648148148148 0.036305473958333334 0.07979814814814816
0 0.015534986979166667 0.6813074074074075 0.027064088541666666 0.02229629629629623
0 0.12313125 0.5398995370370371 0.02046354166666668 0.021123148148148245
0 0.15283567708333334 0.529924537037037 0.013861979166666672 0.024643518518518526
0 0.06867291666666667 0.4119870370370371 0.01320208333333334 0.023470370370370384
0 0.058771406250000005 0.4378041666666667 0.017162395833333337 0.021123148148148137
0 0.7225026041666667 0.4430847222222222 0.008578125000000015 0.01760277777777775
0 0.7063307291666666 0.39790462962962964 0.013203124999999953 0.014081481481481507
0 0.6937864583333334 0.3849958333333333 0.009239583333333337 0.0164287037037037
0 0.3254518229166667 0.5528078703703704 0.007921354166666639 0.01642870370370375
0 0.29838749999999997 0.5668898148148148 0.01320208333333331 0.018775925925925946
