3 0.39014166666666666 0.2911152777777778 0.05676875000000005 0.07510462962962963
3 0.31522005208333337 0.6772 0.07723177083333331 0.15725000000000006
3 0.9093098958333333 0.4442583333333333 0.06667187500000012 0.10678888888888893
0 0.3284221354166667 0.7153393518518519 0.0165026041666667 0.024643518518518526
0 0.29475703124999997 0.7106453703703705 0.013861979166666672 0.022296296296296335
0 0.39773255208333336 0.2917018518518519 0.0165026041666667 0.015255555555555555
0 0.40268333333333334 0.30754444444444445 0.01320208333333337 0.016429629629629603
0 0.37957994791666666 0.30578425925925923 0.011881770833333387 0.019949999999999992
0 0.8901666666666666 0.4524726851851852 0.012541666666666748 0.01760277777777775
0 0.9079895833333333 0.47183564814814816 0.024427083333333263 0.02112314814814819
0 0.8809244791666666 0.4606875 0.011223958333333428 0.024643518518518526
0 0.9350546874999999 0.4665550925925926 0.009901041666666662 0.022297222222222187
3 0.6261276041666667 0.4378037037037037 0.0640260416666667 0.1196981481481482
0 0.64196875 0.4829842592592593 0.012541666666666628 0.015255555555555555
