3 0.41555546875000005 0.3937976851851852 0.05742864583333335 0.10209537037037035
3 0.49245677083333333 0.3803018518518519 0.05412812500000002 0.09622777777777783
3 0.3478950520833333 0.2729259259259259 0.03960572916666667 0.06454259259259261
3 0.09507708333333334 0.3673935185185185 0.05016770833333333 0.06571666666666666
3 0.19937265625 0.5715842592592593 0.051488020833333314 0.11969814814814815
2 0.1373234375 0.7129921296296297 0.040926041666666656 0.08566574074074075
0 0.125771875 0.7223800925925926 0.015182291666666669 0.02933796296296302
0 0.17890963541666668 0.5956412037037038 0.010561979166666664 0.01760277777777775
0 0.20234322916666667 0.5886 0.023103125000000002 0.017601851851851844
0 0.2043234375 0.6062027777777779 0.023103125000000002 0.01994999999999994
0 0.48453593749999996 0.41316018518518516 0.01320208333333331 0.016429629629629603
0 0.5099497395833333 0.40494583333333334 0.009901562500000042 0.0164287037037037
0 0.10728880208333334 0.3568319444444445 0.012542187499999994 0.0164287037037037
0 0.1003578125 0.3803018518518519 0.017162499999999997 0.018775925925925946
0 0.07824453125 0.3738476851851852 0.011221354166666675 0.01994907407407409
0 0.3577966145833333 0.2711657407407408 0.00924114583333336 0.018775925925925894
0 0.34591484375000003 0.2911152777777778 0.011881770833333328 0.014082407407407412
0 0.6710130208333333 0.3726740740740741 0.01122395833333331 0.017601851851851844
3 0.6805833333333333 0.3703268518518518 0.040927083333333295 0.06219629629629627
0 0.6852057291666667 0.38793009259259265 0.011880208333333305 0.0176027777777778
0 0.6650729166666667 0.38323564814814814 0.008583333333333342 0.01760277777777775
0 0.43106770833333335 0.42430879629629636 0.009241666666666681 0.0176027777777778
0 0.40499375 0.4325231481481482 0.009901041666666662 0.015255555555555555
