3 0.27594427083333334 0.6437550925925926 0.05544791666666665 0.08331944444444446
3 0.3878309895833334 0.5886 0.07723177083333331 0.14903518518518527
3 0.48288619791666665 0.7417435185185186 0.07987343750000005 0.1384740740740741
3 0.5244723958333333 0.6830675925925925 0.05743020833333325 0.12204444444444444
3 0.40136328125000004 0.8068726851851851 0.06865052083333338 0.11383055555555557
3 0.19838255208333333 0.7499574074074074 0.049507812500000005 0.08918703703703704
3 0.039628723958333334 0.5774518518518519 0.05280817708333333 0.07979814814814816
3 0.4865161458333333 0.42665555555555557 0.04356666666666662 0.07393148148148149
4 0.6399895833333334 0.3668064814814815 0.09307291666666669 0.14668888888888887
1 0.6396588541666667 0.30930416666666666 0.022442708333333408 0.01760277777777775
0 0.6172161458333333 0.3468569444444445 0.014526041666666718 0.062195370370370366
0 0.6406510416666666 0.3468569444444445 0.007260416666666695 0.05515462962962964
0 0.6650729166666667 0.3468569444444445 0.013864583333333276 0.06454351851851851
2 0.4898166666666666 0.4143337962962963 0.03036458333333331 0.06336944444444441
0 0.4937770833333333 0.4225481481481481 0.021122916666666686 0.018775925925925894
0 0.37000859375 0.6349537037037037 0.013861979166666672 0.025816666666666724
0 0.40730416666666663 0.6349537037037037 0.01320208333333331 0.018775925925925946
0 0.5442760416666667 0.7065379629629629 0.008583333333333342 0.023470370370370437
0 0.032697578125 0.5962277777777778 0.01650244791666667 0.018775925925925946
0 0.19673229166666667 0.774601388888889 0.017162499999999997 0.021123148148148137
0 0.39971276041666665 0.8367972222222222 0.027064062499999982 0.023470370370370332
0 0.47034374999999995 0.776948611111111 0.01914270833333334 0.021123148148148137
0 0.5102796875000001 0.7693208333333333 0.014521874999999972 0.024643518518518526
0 0.2584518229166667 0.6619444444444446 0.013861979166666672 0.02112407407407404
0 0.2868359375 0.6595972222222223 0.016502083333333317 0.023470370370370332
