0 0.03863846354166667 0.7581722222222222 0.025743906250000004 0.018775925925925946
2 0.04424921875 0.7417430555555555 0.03960572916666667 0.07979907407407406
0 0.44592005208333335 0.4730092592592593 0.007260937499999957 0.018775925925925946
0 0.42083619791666665 0.48533101851851856 0.011221354166666704 0.01760277777777775
0 0.07791458333333333 0.4166810185185185 0.010561458333333343 0.014082407407407412
0 0.06636249999999999 0.4401509259259259 0.015182291666666677 0.018775925925925946
0 0.39707265625 0.33101435185185185 0.009901562499999983 0.014082407407407412
0 0.40367369791666663 0.3433361111111111 0.007260937500000016 0.015255555555555555
0 0.38321041666666666 0.34626990740740743 0.012541666666666628 0.014082407407407412
0 0.2171953125 0.7182731481481481 0.021122916666666658 0.018775925925925946
0 0.18155000000000002 0.7170990740740741 0.014521875000000002 0.023470370370370332
3 0.6356979166666666 0.43369675925925927 0.04224999999999994 0.05280833333333335
3 0.582890625 0.45599351851851855 0.04225000000000006 0.05280740740740745
3 0.20432343749999998 0.6860013888888888 0.07591145833333333 0.12087129629629635
3 0.06603247395833334 0.42078842592592597 0.05016734375 0.07158425925925929
3 0.38783098958333334 0.32984074074074077 0.04422656249999998 0.07275740740740738
3 0.47199375000000005 0.4642078703703704 0.056768749999999986 0.1044416666666667
3 0.4261169270833333 0.450125925925926 0.05742864583333329 0.10913703703703709
