0 0.4366786458333333 0.5076277777777779 0.015182291666666714 0.01760185185185195
0 0.07857473958333333 0.45188611111111116 0.011881770833333341 0.014081481481481507
0 0.0660328125 0.4759430555555555 0.01716249999999999 0.01525648148148146
0 0.40433359375 0.3656328703703704 0.009901562499999983 0.01290833333333331
0 0.40994453124999997 0.3761944444444445 0.007921354166666639 0.015255555555555555
0 0.39047161458333335 0.38206203703703706 0.012542187500000008 0.015255555555555555
0 0.2168653645833333 0.7505444444444445 0.009901562500000013 0.02699074074074072
0 0.185840625 0.7675601851851852 0.024423958333333336 0.018775925925925946
0 0.49707760416666663 0.5181893518518519 0.015842708333333337 0.01760277777777775
0 0.47529427083333337 0.5029337962962963 0.009241666666666681 0.01760277777777775
3 0.6627630208333334 0.4724226851851852 0.042244791666666615 0.05984907407407403
3 0.06636252604166668 0.45716712962962963 0.04950723958333334 0.0668898148148148
3 0.1957421875 0.7317685185185185 0.06534999999999999 0.11617777777777787
3 0.3950924479166667 0.36445925925925926 0.046867187500000004 0.06923703703703706
3 0.43403828124999994 0.4741824074074074 0.05478802083333338 0.10796296296296298
3 0.49113671875 0.48357083333333334 0.0554484375 0.11265648148148147
