0 0.818875 0.5228833333333333 0.012541666666666628 0.015255555555555555
0 0.8258072916666668 0.5363787037037037 0.009239583333333337 0.018775925925925946
0 0.8030338541666667 0.5381393518518518 0.013859375000000066 0.017602777777777853
0 0.44988046875 0.529337962962963 0.013861979166666672 0.016429629629629655
0 0.10233802083333333 0.44895231481481485 0.01320208333333334 0.01290833333333331
0 0.09045624999999999 0.4724226851851852 0.015842708333333323 0.01760277777777775
0 0.42215624999999996 0.3673935185185185 0.015182291666666655 0.011735185185185218
0 0.42446692708333333 0.3838226851851852 0.011881770833333328 0.014082407407407412
0 0.4046635416666666 0.3738476851851852 0.006601041666666714 0.0176027777777778
0 0.23864869791666668 0.7487842592592593 0.011221354166666675 0.023470370370370332
0 0.20795416666666666 0.7640398148148149 0.023763541666666655 0.018775925925925946
0 0.4921270833333333 0.5217097222222222 0.008581249999999999 0.01760277777777775
3 0.6855364583333333 0.4753564814814815 0.0442291666666667 0.06102222222222222
3 0.8099661458333333 0.5211231481481482 0.052807291666666596 0.07745185185185177
3 0.41852578125 0.3662199074074074 0.04356614583333336 0.06806388888888891
3 0.44691015624999997 0.48885138888888885 0.0554484375 0.11383055555555557
3 0.08979635416666666 0.4577537037037037 0.04752708333333333 0.07275740740740744
3 0.21752552083333332 0.7294212962962963 0.06534999999999999 0.10913703703703699
3 0.5079697916666667 0.4876777777777778 0.054789583333333405 0.1044425925925926
