0 0.15943671874999998 0.7188597222222223 0.013861979166666672 0.024643518518518526
2 0.1716484375 0.7100583333333335 0.03960624999999999 0.08214629629629626
0 0.6053333333333333 0.40905277777777777 0.010562500000000105 0.015255555555555555
0 0.6865260416666668 0.8291694444444444 0.00791666666666669 0.01994999999999994
0 0.6545130208333333 0.8010050925925927 0.009901041666666662 0.01760277777777775
0 0.6591328124999999 0.8285828703703704 0.013859374999999948 0.016428703703703647
0 0.5142401041666667 0.7188597222222223 0.010561458333333343 0.019949074074074036
0 0.47529427083333337 0.6989097222222223 0.010561458333333284 0.01760277777777775
0 0.4845356770833334 0.7223800925925926 0.018482812499999984 0.019949074074074036
0 0.4452598958333333 0.4554064814814815 0.013862499999999993 0.016429629629629655
0 0.27627421875 0.35155092592592596 0.009901562499999983 0.017601851851851844
0 0.25482109375 0.3486171296296296 0.011881770833333328 0.0164287037037037
0 0.37957994791666666 0.31047824074074076 0.011881770833333387 0.01290833333333331
0 0.38453046874999997 0.32397361111111106 0.009901562499999983 0.014082407407407412
0 0.36406770833333335 0.32573379629629634 0.011221875000000025 0.01290833333333331
0 0.27231380208333333 0.6595976851851852 0.01650260416666664 0.021123148148148245
0 0.23930885416666667 0.6660518518518519 0.01782291666666668 0.019950000000000048
0 0.5416354166666667 0.43310972222222227 0.012541666666666628 0.0164287037037037
3 0.6155651041666667 0.4020115740740741 0.036307291666666686 0.059849074074074075
3 0.6680442708333333 0.8103935185185186 0.05941145833333342 0.07862592592592588
3 0.4911361979166667 0.6989101851851852 0.06600885416666664 0.09974814814814821
3 0.5399838541666666 0.40201203703703703 0.04488645833333328 0.09974814814814811
3 0.4488903645833333 0.4190277777777778 0.0554484375 0.09857407407407406
3 0.37066848958333337 0.3134120370370371 0.046867187500000004 0.06102222222222222
3 0.2630723958333333 0.3398157407407407 0.045546874999999966 0.06219629629629627
3 0.25647135416666667 0.6361273148148149 0.06931041666666665 0.11031018518518518
