0 0.19343177083333335 0.6795467592592592 0.014521875000000002 0.021123148148148137
2 0.2033333333333333 0.6683986111111111 0.035645833333333335 0.07393055555555558
0 0.6251380208333333 0.4190277777777778 0.011880208333333423 0.014081481481481454
0 0.6452682291666666 0.8039393518518518 0.015182291666666714 0.016428703703703647
0 0.6294296875000001 0.7828162037037036 0.009901041666666662 0.021123148148148137
0 0.6221666666666666 0.7963111111111112 0.005937500000000047 0.01994999999999994
0 0.6172161458333334 0.7875101851851852 0.006598958333333371 0.018775925925925946
0 0.5914713541666666 0.7974847222222222 0.018484374999999886 0.01760277777777775
0 0.5762890624999999 0.7792953703703704 0.00792187500000002 0.018775925925925946
0 0.48816640624999996 0.44367129629629626 0.009901562499999983 0.016429629629629603
0 0.4630825520833333 0.4524726851851852 0.012542187500000008 0.01760277777777775
0 0.40268333333333334 0.31517222222222224 0.010561458333333343 0.012909259259259266
0 0.4082942708333333 0.32749398148148146 0.009901041666666662 0.014082407407407412
0 0.3888213541666667 0.3298412037037038 0.010561458333333343 0.014082407407407412
0 0.3109296875 0.6466888888888889 0.017162499999999997 0.018775925925925946
0 0.27957473958333334 0.6513828703703705 0.01650260416666664 0.01877685185185185
0 0.5172109375 0.4471921296296296 0.015182291666666655 0.014082407407407412
3 0.6406484375 0.78575 0.04554687500000002 0.07627777777777778
3 0.5921302083333333 0.7699074074074075 0.06072916666666674 0.09622777777777772
3 0.5142403645833333 0.4202013888888889 0.04620677083333338 0.09388055555555552
3 0.47166380208333336 0.42137453703703703 0.054788020833333326 0.09388055555555552
3 0.3911315104166667 0.29170231481481484 0.033665104166666696 0.059849074074074075
3 0.3967424479166667 0.31575879629629633 0.04620677083333338 0.05632870370370374
3 0.29607734374999994 0.6238050925925925 0.0627098958333333 0.10913611111111118
3 0.6360286458333333 0.4125736111111111 0.04158854166666662 0.05280833333333335
