0 0.19706223958333335 0.687175 0.013861979166666642 0.019950000000000048
2 0.20531354166666665 0.6754398148148149 0.033005208333333334 0.07158333333333329
0 0.786859375 0.43193657407407404 0.010562499999999985 0.0164287037037037
0 0.6416380208333333 0.7834027777777779 0.011880208333333305 0.017601851851851844
0 0.6568229166666666 0.805699074074074 0.014520833333333271 0.015255555555555555
0 0.6343776041666667 0.7974851851851852 0.007921874999999901 0.019950000000000048
0 0.5878411458333335 0.7781217592592593 0.009901041666666662 0.01642870370370375
0 0.6294270833333333 0.7892703703703704 0.005937500000000047 0.017601851851851844
0 0.6033541666666666 0.7986583333333332 0.02112499999999997 0.015255555555555555
0 0.4304075520833333 0.5440069444444445 0.007921354166666639 0.01760277777777775
0 0.4033434895833333 0.5475268518518518 0.011881770833333328 0.015255555555555555
0 0.37891979166666667 0.31693240740740747 0.01320208333333337 0.00938888888888893
0 0.38222031250000005 0.32925462962962965 0.007920833333333318 0.015255555555555555
0 0.3627473958333333 0.32632037037037037 0.009901041666666662 0.014081481481481454
0 0.32413151041666666 0.3544847222222222 0.011881770833333328 0.011734259259259262
0 0.31984088541666666 0.36739305555555557 0.009901562499999983 0.014082407407407412
0 0.33964401041666664 0.3656328703703704 0.009901562499999983 0.01290833333333331
0 0.31456015625 0.6502092592592593 0.011221354166666645 0.018775925925925946
0 0.28650572916666667 0.6601837962962963 0.019803124999999967 0.01760277777777775
0 0.4376684895833333 0.43839074074074075 0.011881770833333328 0.015255555555555555
0 0.41258515625 0.4360439814814815 0.011881770833333387 0.01760277777777775
3 0.7782812499999999 0.43017592592592596 0.040927083333333295 0.06454259259259255
3 0.6528619791666666 0.7845763888888889 0.048848958333333435 0.07627870370370368
3 0.6056640625 0.7728412037037037 0.05874479166666665 0.09740092592592592
3 0.37297890625 0.3181060185185185 0.03960572916666667 0.056328703703703686
3 0.42446666666666666 0.41550694444444447 0.054128124999999964 0.09857500000000001
3 0.40895442708333335 0.51995 0.054788020833333326 0.09622777777777777
3 0.33139244791666667 0.35272453703703704 0.042246354166666694 0.059849074074074075
3 0.2967375 0.6302597222222222 0.05874895833333333 0.10326944444444451
