0 0.19739244791666669 0.686587962962963 0.014522395833333323 0.018775925925925946
2 0.20597369791666667 0.6754398148148149 0.03564531250000001 0.0692370370370371
0 0.9235026041666666 0.5886 0.021119791666666762 0.010561111111111065
0 0.9258124999999999 0.6032685185185185 0.013864583333333276 0.011735185185185166
0 0.9060104166666666 0.5950541666666667 0.008583333333333342 0.016428703703703647
0 0.6624322916666666 0.804525925925926 0.008583333333333224 0.017601851851851844
0 0.6320703124999999 0.785162962962963 0.009901041666666662 0.01408148148148156
0 0.639328125 0.8086333333333334 0.013864583333333276 0.014081481481481454
0 0.6215052083333333 0.785162962962963 0.013864583333333276 0.018775925925925946
0 0.5924635416666668 0.7822291666666668 0.01782291666666668 0.019949074074074143
0 0.4403091145833333 0.6543166666666668 0.01320156249999999 0.017601851851851844
0 0.4112645833333333 0.6537300925925926 0.010561458333333343 0.016428703703703647
0 0.50961953125 0.32749398148148146 0.010561979166666664 0.011734259259259208
0 0.51523046875 0.3368819444444444 0.007260937499999957 0.014082407407407412
0 0.4964177083333333 0.33922916666666664 0.010561458333333343 0.0164287037037037
0 0.1587765625 0.4530592592592593 0.01914270833333334 0.011735185185185218
0 0.16339739583333332 0.4671416666666667 0.012541666666666658 0.014081481481481454
0 0.13996380208333334 0.4647949074074075 0.00924114583333333 0.014082407407407412
0 0.31753046875 0.6419949074074074 0.009241145833333301 0.01642870370370375
0 0.32545156249999996 0.6496226851851852 0.006601041666666655 0.01760277777777775
0 0.2997078125 0.6601837962962963 0.021122916666666686 0.01760277777777775
0 0.21950598958333334 0.5528078703703704 0.009901562499999983 0.01877685185185185
0 0.19607239583333333 0.5616092592592593 0.01320208333333331 0.015255555555555555
3 0.20564375000000001 0.5340319444444445 0.06534999999999999 0.09388055555555563
3 0.15382578125000002 0.4548199074074074 0.04884739583333332 0.06454351851851851
3 0.3006979166666667 0.6255652777777778 0.05874895833333333 0.1056157407407408
3 0.4307377604166666 0.6249787037037037 0.061389062500000036 0.1044425925925926
3 0.5030174479166667 0.32984120370370373 0.04092343750000005 0.05632870370370374
3 0.6003828125 0.7593458333333333 0.0640260416666667 0.09622870370370373
3 0.6449401041666666 0.7845763888888889 0.05148437500000007 0.07627870370370368
3 0.9188828125 0.5850791666666668 0.047526041666666664 0.07158425925925929
