0 0.19904270833333335 0.6860013888888888 0.012541666666666658 0.02229722222222224
2 0.20927421875000002 0.6754398148148149 0.03564531250000001 0.07158333333333329
0 0.6429609375 0.8109805555555556 0.011880208333333423 0.011735185185185166
0 0.6198567708333333 0.8092199074074075 0.011880208333333305 0.01760277777777775
0 0.6145755208333334 0.7763615740740741 0.018484375000000004 0.012908333333333362
0 0.6330598958333333 0.7575856481481482 0.00792187500000002 0.022297222222222135
0 0.5040088541666666 0.7564120370370371 0.011221875000000025 0.01994999999999994
0 0.4719940104166666 0.7575851851851853 0.011881770833333328 0.015255555555555555
0 0.5683671874999999 0.32984074074074077 0.01320312500000007 0.011735185185185166
0 0.572328125 0.3415763888888889 0.010562499999999985 0.014082407407407412
0 0.553515625 0.3380555555555556 0.007260416666666695 0.014081481481481507
0 0.1957421875 0.46831527777777776 0.009901041666666662 0.014082407407407412
0 0.18353046875 0.48709166666666665 0.014522395833333323 0.011735185185185166
0 0.32116119791666664 0.6484490740740741 0.011221354166666704 0.022296296296296335
0 0.2950872395833333 0.6607708333333333 0.018482812500000043 0.01642870370370375
3 0.036328020833333335 0.4477791666666667 0.055448125 0.1020953703703703
3 0.18485052083333334 0.47242222222222224 0.04356666666666668 0.05750185185185189
3 0.3036684895833333 0.6302592592592593 0.051488020833333314 0.09622777777777783
3 0.5634166666666667 0.32925416666666674 0.042906250000000055 0.057502777777777785
3 0.4921263020833333 0.7235537037037038 0.06402864583333337 0.11617777777777777
3 0.6185364583333334 0.7464375000000001 0.0448854166666667 0.08683981481481486
3 0.6297578125 0.7951374999999999 0.05413020833333325 0.07158425925925929
3 0.8036927083333333 0.7740148148148148 0.04818749999999999 0.08566666666666665
