0 0.19838255208333333 0.687175 0.013861979166666672 0.02229629629629623
2 0.20795416666666666 0.6754398148148149 0.033005208333333334 0.07158333333333329
0 0.7201927083333333 0.8039393518518518 0.009239583333333337 0.016428703703703647
0 0.622828125 0.8074597222222222 0.012541666666666628 0.01642870370370375
0 0.6040130208333333 0.7974847222222222 0.006598958333333371 0.01760277777777775
0 0.639 0.7523050925925925 0.009239583333333337 0.021123148148148137
0 0.51093984375 0.7270745370370371 0.011881770833333328 0.01760277777777775
0 0.4785947916666667 0.7253138888888888 0.009241666666666681 0.01877592592592584
0 0.5419635416666667 0.3263208333333334 0.014520833333333271 0.00938796296296292
0 0.542625 0.3404023148148148 0.013197916666666623 0.014082407407407412
0 0.19442213541666667 0.4694888888888889 0.009901562499999983 0.016429629629629603
0 0.18320026041666668 0.48767824074074073 0.013861979166666672 0.010562037037036969
0 0.32050104166666665 0.647275462962963 0.007261458333333337 0.019949074074074143
0 0.29772760416666666 0.6613578703703703 0.021122916666666627 0.017602777777777853
0 0.011244348958333334 0.4442583333333333 0.010561614583333333 0.015255555555555555
3 -0.007238463541666666 0.4202013888888889 0.06468973958333334 0.11265648148148152
3 0.7310807291666668 0.8121537037037038 0.04554687500000002 0.07275740740740738
0 0.7337213541666666 0.8262361111111112 0.015182291666666596 0.018775925925925946
3 0.6238151041666666 0.737636111111111 0.05280729166666672 0.08566666666666675
3 0.6195260416666667 0.7863365740740741 0.0442291666666667 0.07745092592592598
3 0.4997184895833333 0.6936291666666667 0.0607296875 0.11265648148148147
3 0.5419661458333334 0.3245601851851852 0.033005208333333334 0.06219629629629627
3 0.3013580729166667 0.6302597222222222 0.04950781249999997 0.1009212962962963
3 0.18386041666666667 0.4730092592592593 0.04554687500000002 0.05632777777777784
