0 0.39311197916666674 0.293462037037037 0.012541666666666687 0.011735185185185218
0 0.39938307291666664 0.30695787037037037 0.011881770833333328 0.01760277777777775
0 0.37627942708333334 0.30754444444444445 0.011881770833333387 0.016429629629629603
0 0.2808950520833334 0.7006703703703704 0.012542187500000008 0.018775925925925946
0 0.3142302083333333 0.7077115740740741 0.017162499999999997 0.01642870370370375
0 0.9136015625 0.5381388888888889 0.023765625000000058 0.01056111111111117
0 0.9145911458333332 0.5580888888888889 0.02442187500000005 0.019950000000000048
0 0.8908281250000001 0.5310981481481482 0.008583333333333342 0.02229629629629623
0 0.639328125 0.48239722222222226 0.012541666666666628 0.016429629629629655
3 0.62546875 0.43839074074074075 0.06403124999999991 0.12556481481481488
3 0.9099687499999999 0.519362962962963 0.053468750000000044 0.11148333333333338
3 0.2993778645833333 0.6678120370370372 0.07327135416666666 0.14316851851851847
3 0.38717109375000003 0.29404861111111114 0.0521473958333333 0.07158425925925929
