0 0.19805260416666667 0.686588425925926 0.017162499999999997 0.021123148148148137
2 0.20564375000000001 0.6736796296296297 0.03498541666666668 0.07041111111111109
0 0.5772812500000001 0.7968981481481483 0.008583333333333224 0.016429629629629655
0 0.5531848958333333 0.7992453703703704 0.013203124999999953 0.016429629629629655
0 0.6300885416666666 0.7517175925925926 0.01121874999999998 0.015255555555555555
0 0.6261276041666667 0.7792953703703704 0.01122395833333331 0.01408148148148156
0 0.6848776041666668 0.7523046296296297 0.009901041666666662 0.016429629629629655
0 0.6934583333333334 0.7616925925925927 0.007260416666666695 0.018775925925925946
0 0.6673854166666667 0.7652134259259259 0.019802083333333442 0.014082407407407358
0 0.5040088541666666 0.7581722222222222 0.011221875000000025 0.018775925925925946
0 0.4719940104166666 0.7569990740740741 0.011881770833333328 0.018775925925925946
0 0.5284322916666667 0.34626990740740743 0.012541666666666748 0.009387962962962973
0 0.5323932291666666 0.35800509259259256 0.009901041666666662 0.014082407407407412
0 0.5125901041666666 0.35565833333333335 0.008581249999999999 0.014081481481481454
0 0.19706223958333335 0.46772870370370373 0.009901562500000013 0.015255555555555555
0 0.18386041666666667 0.48767824074074073 0.013862499999999993 0.012908333333333362
0 0.4386588541666666 0.5005870370370371 0.015182291666666655 0.015255555555555555
0 0.41258489583333335 0.49882638888888886 0.010561458333333343 0.01877685185185185
3 0.5228223958333333 0.3468569444444445 0.04092812499999994 0.057502777777777785
3 0.6703541666666666 0.7393962962962963 0.05610416666666668 0.09153333333333333
3 0.6175442708333333 0.7546518518518519 0.05082812499999995 0.07979814814814816
3 0.5614375 0.7863365740740741 0.053468749999999926 0.0704101851851852
3 0.4851958333333333 0.7247273148148149 0.06733020833333334 0.11617685185185186
3 0.42908723958333334 0.47653009259259255 0.0554484375 0.09388055555555552
3 0.18683098958333333 0.4712490740740741 0.04488697916666666 0.05750185185185183
