0 0.19508203125 0.6842412037037038 0.01782239583333333 0.01877685185185185
2 0.20366328125 0.6736796296296297 0.03630572916666666 0.07041111111111109
0 0.5492239583333334 0.795137962962963 0.01452083333333339 0.015255555555555555
0 0.5314036458333333 0.7822291666666668 0.00792187500000002 0.01760277777777775
0 0.6304166666666667 0.7523046296296297 0.010562499999999985 0.018775925925925946
0 0.6251380208333333 0.7763615740740741 0.01320312500000007 0.010562037037036969
0 0.6842161458333335 0.7523046296296297 0.01122395833333331 0.018775925925925946
0 0.6670546875 0.7658 0.020463541666666765 0.012909259259259266
0 0.50664921875 0.7974847222222222 0.009901562500000042 0.01760277777777775
0 0.4743044270833333 0.796311574074074 0.009901562499999983 0.017602777777777853
0 0.5234820312499999 0.34626990740740743 0.01320260416666669 0.009387962962962973
0 0.526453125 0.3585921296296296 0.01121874999999998 0.01290833333333331
0 0.19706223958333335 0.4689023148148148 0.009901562500000013 0.01760277777777775
0 0.18419062499999997 0.48591759259259254 0.01320208333333334 0.01173518518518527
0 0.4092846354166666 0.4642083333333334 0.011881770833333328 0.015255555555555555
0 0.4145651041666667 0.4765296296296297 0.01320208333333331 0.018775925925925998
0 0.3888213541666667 0.47418287037037044 0.014521874999999972 0.01642870370370375
3 0.52315234375 0.3433361111111111 0.03498697916666664 0.05750185185185183
3 0.6677135416666666 0.7411560185185185 0.05479166666666657 0.09036018518518524
3 0.6185364583333334 0.7552388888888889 0.04753125 0.08097222222222226
3 0.5442760416666667 0.7734277777777778 0.0442291666666667 0.07275740740740738
3 0.48816640624999996 0.7611060185185186 0.06799010416666663 0.11852500000000006
3 0.39839270833333335 0.4454319444444445 0.05478854166666664 0.10209537037037035
3 0.18683098958333333 0.4683152777777778 0.04620677083333333 0.058675000000000026
