0 0.3927817708333334 0.29287546296296296 0.01320208333333337 0.012908333333333362
0 0.39938307291666664 0.30695787037037037 0.011881770833333328 0.01760277777777775
0 0.3752893229166666 0.3063708333333333 0.011221354166666645 0.0164287037037037
0 0.3224815104166667 0.7112319444444445 0.013861979166666672 0.021123148148148137
0 0.28782604166666664 0.7077111111111111 0.01320208333333331 0.018775925925925946
0 0.9083203124999999 0.559849074074074 0.021119791666666644 0.014081481481481454
0 0.9066692708333333 0.578625 0.02442187500000005 0.018775925925925946
0 0.9291145833333334 0.5621958333333333 0.0072604166666665765 0.01642870370370375
0 0.6383385416666667 0.48239722222222226 0.010562499999999985 0.016429629629629655
3 0.62546875 0.43780416666666666 0.06403124999999991 0.12439166666666669
3 0.38684088541666667 0.29404861111111114 0.05280781249999998 0.07158425925925929
3 0.30564895833333333 0.6689851851851851 0.07789166666666662 0.15020925925925926
3 0.9086510416666668 0.5416597222222223 0.053468750000000044 0.1020953703703704
