0 0.19508203125 0.6848282407407408 0.019143229166666664 0.01760277777777775
2 0.20168307291666665 0.6707458333333334 0.03366510416666667 0.07158425925925929
0 0.5647369791666667 0.8467722222222221 0.01122395833333331 0.015255555555555555
0 0.8528697916666667 0.765213425925926 0.010562500000000105 0.01877685185185185
0 0.8390104166666666 0.7863365740740741 0.014520833333333271 0.014082407407407358
0 0.6835546874999999 0.7616925925925927 0.015182291666666714 0.018775925925925946
0 0.6617708333333333 0.7734277777777778 0.01782291666666668 0.018775925925925946
0 0.5112697916666666 0.8121537037037038 0.007261458333333337 0.018775925925925946
0 0.48123515624999996 0.8256490740740742 0.015842187499999955 0.015255555555555555
0 0.34921536458333335 0.3603523148148149 0.00924114583333336 0.014082407407407412
0 0.33205286458333333 0.3509638888888889 0.014522395833333293 0.011735185185185166
0 0.3287520833333333 0.3644597222222222 0.010561458333333284 0.01290833333333331
0 0.05976161458333333 0.4812236111111111 0.01782260416666667 0.014082407407407464
0 0.0633921875 0.49706620370370375 0.014521874999999995 0.01760277777777775
0 0.4063138020833333 0.46127407407407406 0.009901562500000042 0.016429629629629655
0 0.41324505208333334 0.4712490740740741 0.010561979166666664 0.022296296296296335
0 0.38816119791666664 0.4753564814814815 0.018482812500000043 0.018775925925925946
0 0.2558111979166667 0.5563287037037038 0.013861979166666642 0.016429629629629655
0 0.23369791666666664 0.5504611111111112 0.009241666666666681 0.01877592592592584
3 0.3379934895833333 0.3468569444444445 0.042246354166666694 0.062195370370370366
3 0.3934421875 0.4471921296296296 0.054128124999999964 0.09857499999999997
3 0.24855026041666667 0.5299245370370371 0.06138906249999998 0.1020953703703704
3 0.056791328125 0.48063703703703703 0.04884755208333333 0.07393148148148143
3 0.48816614583333334 0.7787087962962963 0.06270937500000003 0.11383055555555557
3 0.5647369791666667 0.8244759259259259 0.036307291666666686 0.069237037037037
3 0.6723333333333333 0.7487842592592593 0.053468750000000044 0.09622777777777772
3 0.8416484375 0.7687337962962963 0.04884895833333332 0.0727583333333334
