0 0.39088541666666665 0.29212962962962963 0.013020833333333334 0.01388888888888889
0 0.3971354166666667 0.3060185185185185 0.0109375 0.015740740740740743
0 0.3734375 0.30648148148148147 0.010416666666666666 0.014814814814814815
0 0.27890625 0.6990740740740741 0.013020833333333334 0.018518518518518517
0 0.3143229166666667 0.7069444444444445 0.01614583333333333 0.017592592592592594
0 0.9091145833333333 0.6148148148148148 0.0203125 0.018518518518518517
0 0.8830729166666667 0.5958333333333333 0.01614583333333333 0.019444444444444445
0 0.8744791666666667 0.612037037037037 0.014583333333333334 0.024074074074074074
0 0.9721354166666667 0.3939814814814815 0.011979166666666666 0.015740740740740743
0 0.98515625 0.41712962962962963 0.019270833333333334 0.017592592592592594
0 0.6223958333333334 0.4671296296296297 0.0125 0.017592592592592594
3 0.63984375 0.4291666666666667 0.06822916666666666 0.12685185185185185
3 0.9796874999999999 0.3995370370370371 0.040625 0.07314814814814816
3 0.8976562499999999 0.5847222222222223 0.07864583333333333 0.11388888888888889
3 0.29973958333333334 0.6675925925925926 0.07864583333333333 0.14444444444444446
3 0.38515625 0.29444444444444445 0.0515625 0.07037037037037037
