0 0.14557473958333333 0.6813074074074074 0.02310364583333332 0.015255555555555555
2 0.14821510416666667 0.6672250000000001 0.03102500000000002 0.069237037037037
0 0.6683749999999999 0.8180212962962963 0.012541666666666628 0.018775925925925946
0 0.9053515625 0.696562962962963 0.009901041666666662 0.017601851851851844
0 0.8769661458333333 0.6736796296296297 0.009901041666666662 0.014081481481481454
0 0.8815859375 0.6953893518518518 0.013859375000000066 0.01760277777777775
0 0.7096302083333333 0.7834027777777779 0.011885416666666752 0.01994999999999994
0 0.7182109375 0.7945513888888889 0.010557291666666658 0.021123148148148245
0 0.6881744791666667 0.7980717592592593 0.020463541666666647 0.01877685185185185
0 0.50103828125 0.8080467592592592 0.014522395833333293 0.017602777777777853
0 0.14128385416666667 0.4753564814814815 0.006601041666666655 0.016429629629629603
0 0.13270260416666665 0.4653814814814815 0.010561458333333329 0.015255555555555555
0 0.118840625 0.4847444444444445 0.014521875000000002 0.01408148148148156
0 0.3261119791666667 0.935375 0.017162499999999997 0.014083333333333262
0 0.30267838541666664 0.9259847222222223 0.009901562500000042 0.021123148148148137
0 0.4551614583333334 0.4530597222222222 0.008581249999999999 0.0164287037037037
0 0.4452598958333333 0.4706620370370371 0.016502083333333317 0.016429629629629655
0 0.42083619791666665 0.4642078703703704 0.007260937500000016 0.0176027777777778
0 0.5389921874999999 0.4096398148148148 0.009901041666666662 0.016429629629629655
0 0.5152296875 0.4137472222222222 0.012540624999999986 0.015255555555555555
3 0.12346145833333333 0.4659680555555556 0.04752708333333335 0.05867499999999998
3 0.4379986979166666 0.4419115740740741 0.05346822916666666 0.09036018518518514
3 0.5248031249999999 0.3879296296296296 0.052810416666666644 0.09270740740740743
3 0.5023593749999999 0.7669736111111112 0.05677083333333333 0.11852500000000006
3 0.6951067708333334 0.7734277777777777 0.05941145833333342 0.1009222222222222
3 0.8881875 0.6807203703703704 0.05742708333333333 0.07745185185185177
3 0.6617734375 0.8056995370370371 0.04026562499999997 0.07158425925925929
3 0.32083098958333334 0.9130754629629629 0.051488020833333314 0.08214537037037035
