0 0.1541557291666667 0.6836546296296296 0.02178333333333334 0.015255555555555555
2 0.15778645833333335 0.6695722222222221 0.030364583333333337 0.069237037037037
0 0.6832239583333333 0.8238888888888889 0.019802083333333324 0.011735185185185166
0 0.9258124999999999 0.705951388888889 0.00990624999999999 0.01760277777777775
0 0.8967682291666667 0.6818939814814815 0.009901041666666662 0.01642870370370375
0 0.9017187500000001 0.7041907407407408 0.011885416666666633 0.016429629629629655
0 0.8198671875 0.8209550925925926 0.013203124999999953 0.019949074074074036
0 0.8093046875 0.8438388888888889 0.022442708333333408 0.018775925925925946
0 0.7799322916666667 0.8373842592592593 0.012541666666666628 0.02464444444444443
0 0.5363541666666667 0.7986587962962963 0.008583333333333342 0.01760277777777775
0 0.5046690104166667 0.8080467592592592 0.013861979166666672 0.017602777777777853
0 0.17659921875 0.46890185185185185 0.009901562500000013 0.012909259259259266
0 0.16438750000000002 0.48591759259259254 0.014521875000000002 0.01173518518518527
0 0.3353533854166667 0.9236384259259259 0.015842187500000014 0.01877870370370366
0 0.42314661458333336 0.4454319444444445 0.009241145833333301 0.01290833333333331
0 0.4132450520833333 0.46303472222222225 0.018482812499999984 0.0176027777777778
0 0.5297526041666667 0.420787962962963 0.011223958333333369 0.015255555555555555
3 0.1650473958333333 0.47124907407407407 0.04752708333333334 0.06219629629629627
3 0.409284375 0.43721712962962966 0.05280833333333336 0.09036018518518524
3 0.5290937499999999 0.3955578703703704 0.044229166666666646 0.09857500000000001
3 0.5115989583333334 0.7681472222222222 0.06468749999999997 0.12791296296296303
3 0.8036927083333333 0.8180212962962963 0.06798958333333331 0.1009222222222222
3 0.909640625 0.6930425925925927 0.05677083333333333 0.07627777777777778
3 0.33172265625 0.9072097222222222 0.05346822916666666 0.07980277777777779
3 0.6799244791666667 0.8156740740740741 0.03828645833333333 0.0657166666666666
