0 0.15052526041666667 0.6801342592592593 0.021123437499999977 0.015255555555555555
2 0.1515153645833333 0.6660513888888888 0.03102447916666667 0.07158425925925929
0 0.6898255208333334 0.8127407407407408 0.01320312500000007 0.015255555555555555
0 0.6960963541666667 0.8297564814814815 0.01122395833333331 0.016429629629629655
0 0.9274609374999999 0.6871749999999999 0.011880208333333423 0.015255555555555555
0 0.9027083333333333 0.6824805555555555 0.012541666666666628 0.015255555555555555
0 0.8706927083333333 0.8332768518518519 0.01584375000000004 0.018775925925925946
0 0.8423098958333334 0.8367976851851853 0.021119791666666644 0.01642870370370375
0 0.5340442708333333 0.8004185185185185 0.011880208333333305 0.018775925925925946
0 0.5016984375 0.8015921296296297 0.01320208333333331 0.01877685185185185
0 0.17791953125 0.4659680555555556 0.011221354166666645 0.014082407407407412
0 0.16570755208333332 0.48239722222222226 0.015842187500000014 0.011735185185185166
0 0.35746640625000003 0.8843245370370371 0.009901562499999983 0.019949074074074036
0 0.3353533854166667 0.8960601851851852 0.011881770833333328 0.015255555555555555
0 0.40664401041666665 0.45716666666666667 0.00924114583333336 0.015255555555555555
0 0.3921216145833333 0.47242222222222224 0.018482812499999984 0.015255555555555503
0 0.4766145833333333 0.42137500000000006 0.011882291666666649 0.016429629629629603
3 0.6815755208333333 0.8109800925925926 0.04818229166666678 0.0704101851851852
3 0.34096406250000005 0.8755231481481482 0.05610833333333331 0.07745185185185188
3 0.16801796875000002 0.46714166666666673 0.04422656250000001 0.061022222222222276
3 0.392121875 0.44132453703703706 0.05016770833333333 0.09153425925925923
3 0.48156510416666665 0.39673101851851855 0.04554687500000002 0.09388055555555558
3 0.5135799479166666 0.7687337962962963 0.06732968750000001 0.11735092592592586
3 0.8555130208333334 0.8109805555555555 0.06865104166666663 0.1009222222222222
3 0.9136015625 0.6695722222222221 0.05413020833333325 0.07627777777777778
