0 0.13006223958333332 0.6683990740740742 0.021123437499999995 0.015255555555555555
2 0.13204244791666667 0.6543166666666668 0.03168489583333334 0.07158333333333339
0 0.78125 0.7857495370370371 0.008583333333333342 0.01760277777777775
0 0.7548463541666666 0.7839898148148149 0.009901041666666662 0.01877592592592584
0 0.923171875 0.6719189814814815 0.01121874999999998 0.01760277777777775
0 0.9129401041666667 0.6930425925925927 0.01583854166666659 0.015255555555555555
0 0.8109557291666666 0.8156740740740741 0.009901041666666662 0.023470370370370332
0 0.5868515625 0.7910305555555556 0.01320312500000007 0.01642962962962955
0 0.5578072916666665 0.7775351851851853 0.009239583333333337 0.01760185185185195
0 0.16438750000000002 0.4542328703703704 0.010561458333333313 0.014082407407407412
0 0.15052552083333334 0.47183564814814816 0.01320208333333334 0.014082407407407412
0 0.35350598958333335 0.8702425925925927 0.011221354166666704 0.01994999999999994
0 0.32545182291666663 0.8497060185185186 0.010561979166666664 0.016428703703703647
0 0.32875234375 0.8766967592592593 0.014522395833333293 0.016428703703703647
0 0.38981145833333336 0.4483652777777778 0.008581249999999999 0.014082407407407412
0 0.39707265625 0.45716712962962963 0.007260937500000016 0.01760277777777775
0 0.37231875 0.460100462962963 0.017162499999999997 0.0164287037037037
0 0.4637427083333333 0.4178541666666667 0.012541666666666687 0.014082407407407412
0 0.4403091145833333 0.4137472222222222 0.007921354166666698 0.015255555555555555
3 0.457471875 0.39321064814814816 0.05016770833333333 0.09388055555555558
3 0.37726953124999996 0.43311018518518524 0.054788020833333326 0.10092222222222215
3 0.15349583333333333 0.4606875 0.04422708333333335 0.06219537037037042
3 0.3393138020833334 0.8620277777777778 0.05808906250000003 0.07393148148148149
3 0.5746380208333333 0.7505449074074075 0.06534895833333335 0.11383055555555557
3 0.7687083333333333 0.7681472222222222 0.05610416666666668 0.07862592592592597
3 0.8258072916666667 0.8062861111111111 0.05544791666666669 0.09622777777777772
3 0.9093098958333333 0.6783736111111112 0.04686979166666655 0.06806388888888891
