0 0.10497864583333334 0.6672250000000001 0.02376354166666667 0.015255555555555555
2 0.10695885416666666 0.6525564814814815 0.033005208333333334 0.068062962962963
0 0.9063411458333333 0.6901087962962963 0.013203124999999953 0.016428703703703647
0 0.8822473958333333 0.6871745370370371 0.009901041666666662 0.01760277777777775
0 0.9208619791666666 0.6443416666666667 0.014526041666666718 0.01642962962962955
0 0.8251484375 0.8103935185185186 0.00792187500000002 0.02464444444444443
0 0.8000651041666667 0.8256490740740742 0.013203124999999953 0.019950000000000048
0 0.5581380208333333 0.7945509259259259 0.013859375000000066 0.018775925925925946
0 0.14854505208333332 0.45188611111111116 0.010561979166666664 0.016429629629629603
0 0.13534296875 0.46890185185185185 0.0158421875 0.012909259259259266
0 0.37033854166666663 0.8813912037037036 0.014521874999999972 0.021123148148148137
0 0.3452546875 0.8778703703703704 0.01320208333333331 0.018775925925925946
0 0.37561927083333335 0.4454314814814815 0.009241666666666681 0.015255555555555555
0 0.38288046875 0.4554064814814815 0.007921354166666698 0.016429629629629655
0 0.3591166666666667 0.4583407407407407 0.017162499999999997 0.015255555555555555
0 0.4541710937499999 0.4143337962962963 0.011881770833333328 0.0164287037037037
0 0.4290872395833334 0.41316018518518516 0.007921354166666639 0.014081481481481507
3 0.9182213541666667 0.6273259259259258 0.04092187499999997 0.069237037037037
3 0.896109375 0.6742662037037037 0.05214583333333327 0.07627870370370368
3 0.8066640625 0.7968981481481482 0.05148437500000007 0.09388148148148154
3 0.5554973958333334 0.7499578703703704 0.05610937500000001 0.11265648148148147
3 0.3617572916666667 0.8655486111111111 0.060729166666666674 0.07862499999999997
3 0.1389734375 0.45481990740740746 0.04554687499999998 0.05515462962962964
3 0.36307734375 0.4290027777777778 0.0554484375 0.09740185185185182
3 0.44294947916666666 0.38910324074074076 0.05412812500000002 0.09740092592592592
