0 0.017515286458333335 0.6642912037037038 0.02310348958333333 0.014082407407407358
2 0.018835479166666665 0.6496222222222222 0.032344874999999995 0.0692370370370371
0 0.9951223958333333 0.686587962962963 0.011223958333333428 0.01642962962962955
0 0.9967734375 0.6167643518518519 0.00792187500000002 0.01760277777777775
0 0.9806015625000001 0.6261523148148148 0.01122395833333331 0.01760277777777775
0 0.8294374999999999 0.7675606481481482 0.008583333333333342 0.021123148148148137
0 0.84 0.7787087962962963 0.005937500000000047 0.019949074074074143
0 0.813265625 0.7863365740740741 0.02112499999999997 0.01877685185185185
0 0.6102838541666666 0.755825 0.01122395833333331 0.01877592592592584
0 0.1373234375 0.4424981481481482 0.010561458333333343 0.016429629629629603
0 0.12478151041666667 0.46127407407407406 0.014522395833333323 0.014081481481481454
0 0.35713645833333335 0.8321032407407407 0.010561458333333343 0.01642870370370375
0 0.34723489583333333 0.8585074074074074 0.017162499999999997 0.017601851851851844
0 0.3746291666666667 0.431349537037037 0.009901041666666662 0.01290833333333331
0 0.3643976562499999 0.4483652777777778 0.018482812499999984 0.014082407407407412
0 0.45483151041666664 0.40259861111111117 0.005280729166666671 0.0164287037037037
0 0.43271796875 0.4108134259259259 0.012542187500000008 0.014082407407407412
3 0.9852213541666667 0.6103101851851852 0.04422395833333326 0.07275740740740738
3 0.9971041666666667 0.6695722222222221 0.04686458333333334 0.069237037037037
3 0.8149140625 0.7569986111111111 0.06139062499999994 0.09857500000000001
3 0.6238177083333334 0.7223800925925926 0.06601041666666667 0.11383055555555557
3 0.34657499999999997 0.8426648148148148 0.0514875 0.07745185185185188
3 0.1287421875 0.4442583333333333 0.04356666666666668 0.06219629629629627
3 0.3597768229166667 0.4202013888888889 0.05280781249999998 0.09388055555555552
3 0.43766875000000005 0.38499583333333337 0.05016770833333333 0.08683981481481486
