0 0.9928125 0.6373004629629629 0.01584375000000004 0.014082407407407464
0 0.9928125 0.6549032407407407 0.01452083333333339 0.01642870370370375
0 0.9340625 0.7968981481481483 0.014520833333333271 0.02112407407407404
0 0.9046901041666667 0.8004189814814816 0.020463541666666765 0.021123148148148137
0 0.692796875 0.7259009259259259 0.013864583333333395 0.015255555555555555
0 0.6634218749999999 0.7165125 0.010562499999999985 0.017602777777777853
0 0.1287421875 0.36974027777777774 0.010561458333333343 0.0164287037037037
0 0.10563880208333333 0.37443425925925927 0.011881770833333341 0.014081481481481454
0 0.37957994791666666 0.9060347222222223 0.010561979166666664 0.01877685185185185
0 0.3709986979166667 0.894299537037037 0.014522395833333352 0.021123148148148137
0 0.43931875 0.41961435185185186 0.008581249999999999 0.0176027777777778
0 0.426446875 0.4360435185185186 0.017162499999999997 0.015255555555555555
0 0.45252109375 0.3949708333333333 0.007260937500000016 0.015256481481481511
3 0.4353583333333333 0.37795462962962967 0.050828125000000016 0.09622777777777777
3 0.42479661458333334 0.4055324074074074 0.046867187500000004 0.09036111111111109
3 0.11620026041666666 0.3621125 0.05148802083333335 0.06454351851851851
3 0.36142734374999996 0.8901921296296297 0.06006927083333332 0.06454351851851851
3 0.6802552083333334 0.686588425925926 0.06270833333333325 0.11031018518518518
3 0.9175624999999998 0.7781217592592593 0.06601041666666667 0.09153425925925923
3 0.9967734375 0.6361273148148148 0.04884895833333332 0.0704101851851852
