0 0.6432916666666666 0.24358796296296295 0.01782291666666668 0.012909259259259266
0 0.8538593749999999 0.15850833333333336 0.01782291666666668 0.014081481481481481
0 0.8697031249999999 0.1866726851851852 0.01121874999999998 0.04928796296296296
0 0.83471875 0.1819787037037037 0.013864583333333395 0.04694074074074074
0 0.8522109374999999 0.1778712962962963 0.006598958333333253 0.02699074074074072
4 0.8489114583333333 0.20427546296296298 0.06996874999999995 0.11031018518518518
2 0.6399895833333333 0.23830740740740738 0.027062500000000017 0.06571666666666666
0 0.6083046875 0.5833194444444445 0.019140625 0.011735185185185166
0 0.6083020833333334 0.6020953703703703 0.012541666666666628 0.016429629629629655
0 0.5168807291666667 0.6889351851851852 0.006601041666666714 0.02112407407407404
0 0.49575729166666666 0.7024305555555556 0.019803125000000026 0.019950000000000048
0 0.5901536458333333 0.6138305555555555 0.00792187500000002 0.01642962962962955
0 0.5614375 0.6214583333333333 0.012541666666666628 0.017601851851851844
0 0.47991510416666666 0.5041069444444445 0.010561458333333343 0.017602777777777853
0 0.4878364583333333 0.5158425925925926 0.006601041666666655 0.015255555555555555
0 0.46671302083333327 0.5234703703703704 0.014521874999999972 0.016429629629629655
0 0.459121875 0.7399828703703705 0.011221875000000025 0.01760277777777775
0 0.4333778645833333 0.7429166666666666 0.013861979166666672 0.016429629629629655
0 0.51456953125 0.6255657407407408 0.01386093749999997 0.01642962962962955
3 0.5300815104166667 0.5187759259259259 0.0475244791666667 0.1009222222222222
3 0.4703434895833334 0.5076277777777779 0.046867187500000004 0.06454259259259261
3 0.6092942708333333 0.5809722222222223 0.03300520833333328 0.07041111111111109
3 0.5667187499999999 0.5850796296296297 0.058749999999999976 0.11148333333333338
3 0.5135807291666666 0.5909472222222222 0.04884895833333337 0.10913703703703709
3 0.49971744791666667 0.6772 0.04884635416666665 0.08918703703703704
3 0.4445997395833333 0.7276606481481481 0.06006927083333332 0.07510462962962958
0 0.8551796875000001 0.19312685185185186 0.004619791666666729 0.022296296296296283
