2 0.009375 0.6930555555555555 0.017708333333333333 0.1175925925925926
3 0.19817708333333334 0.5694444444444444 0.1140625 0.2351851851851852
3 0.28984375 0.6013888888888889 0.0890625 0.14537037037037037
3 0.1390625 0.5976851851851852 0.06770833333333333 0.10648148148148148
3 0.6526041666666667 0.7453703703703703 0.10833333333333334 0.1685185185185185
3 0.8481770833333333 0.6287037037037038 0.1328125 0.17592592592592593
0 0.8125 0.6212962962962963 0.025 0.02592592592592593
0 0.9020833333333333 0.662962962962963 0.020833333333333332 0.03518518518518519
0 0.8356770833333333 0.6782407407407408 0.0421875 0.03425925925925926
0 0.625 0.7717592592592593 0.021875 0.032407407407407406
0 0.67109375 0.7800925925925927 0.0265625 0.032407407407407406
0 0.3286458333333333 0.6263888888888889 0.010416666666666666 0.032407407407407406
0 0.28489583333333335 0.6263888888888889 0.02395833333333333 0.030555555555555558
0 0.21796875 0.6601851851851852 0.021354166666666667 0.02777777777777778
0 0.16484375 0.6518518518518519 0.021354166666666667 0.031481481481481485
0 0.5223958333333333 0.4134259259259259 0.03958333333333333 0.026851851851851852
0 0.434375 0.5537037037037037 0.008333333333333333 0.07222222222222223
0 0.5213541666666667 0.4800925925925926 0.015625 0.09722222222222222
0 0.5552083333333333 0.48750000000000004 0.016666666666666666 0.08796296296296297
4 0.5252604166666667 0.5078703703703704 0.19427083333333334 0.25833333333333336
0 0.4908854166666667 0.4912037037037037 0.01614583333333333 0.08425925925925926
0 0.6158854166666666 0.5583333333333333 0.009895833333333333 0.09814814814814815
0 0.525 0.5560185185185186 0.0375 0.028703703703703703
