0 0.8667317708333333 0.2300925925925926 0.018484374999999886 0.014081481481481481
0 0.8822473958333333 0.2588435185185185 0.009901041666666662 0.05046111111111113
0 0.8650833333333333 0.2512157407407407 0.007260416666666695 0.028164814814814823
0 0.8472604166666666 0.25532268518518525 0.012541666666666628 0.048113888888888914
4 0.8621145833333334 0.27644583333333334 0.07129166666666673 0.11383055555555555
0 0.6132552083333334 0.3204527777777778 0.017166666666666684 0.014081481481481454
2 0.6102838541666666 0.3145851851851852 0.0257447916666667 0.05867592592592593
0 0.668703125 0.6895222222222223 0.010562499999999985 0.015255555555555555
0 0.6429609375 0.7194462962962963 0.011880208333333423 0.016429629629629655
0 0.6277786458333333 0.7006703703703704 0.011880208333333305 0.016429629629629655
0 0.6191953125 0.7129921296296297 0.00792187500000002 0.019949074074074036
0 0.45417135416666665 0.8309296296296297 0.017162499999999997 0.018775925925925946
0 0.593453125 0.6725060185185184 0.01584375000000004 0.01642870370370375
0 0.5119299479166667 0.5827324074074075 0.007260937500000016 0.015255555555555555
0 0.4927869791666667 0.5903601851851852 0.012541666666666687 0.016429629629629655
0 0.5578072916666666 0.676026388888889 0.011885416666666752 0.01642870370370375
0 0.5310729166666667 0.6736796296296297 0.012541666666666687 0.016429629629629655
3 0.6630937499999999 0.638474074074074 0.05742708333333333 0.13143333333333332
3 0.6366875000000001 0.7018439814814815 0.05214583333333327 0.06806388888888891
3 0.5927916666666666 0.6543166666666668 0.04092708333333341 0.069237037037037
3 0.49740885416666664 0.5715837962962964 0.046869791666666674 0.06336944444444441
3 0.5426234375 0.6449282407407408 0.06336770833333336 0.11383055555555557
3 0.4584619791666667 0.8010055555555556 0.049507291666666654 0.09505370370370372
0 0.8677239583333333 0.2658847222222222 0.005937500000000047 0.0176027777777778
