0 0.9139296874999999 0.2377203703703704 0.019140625 0.015255555555555555
0 0.9317526041666667 0.2694050925925926 0.009901041666666662 0.05280833333333335
0 0.9136015625 0.25708333333333333 0.00792187500000002 0.025816666666666672
0 0.8951171875 0.26412453703703703 0.0145260416666666 0.04928796296296296
4 0.9106302083333332 0.2840740740740741 0.07194791666666672 0.11500370370370369
0 0.7772916666666667 0.3134115740740741 0.01782291666666668 0.014082407407407412
2 0.7786119791666666 0.3081310185185186 0.0257447916666667 0.062195370370370366
0 0.6970885416666666 0.7036037037037037 0.011885416666666633 0.015255555555555555
0 0.6832265625 0.725900462962963 0.011880208333333305 0.01760277777777775
0 0.6670546875 0.7106453703703705 0.01122395833333331 0.015255555555555555
0 0.6597916666666667 0.7229671296296296 0.007260416666666695 0.021123148148148137
0 0.49674765625 0.8356240740740741 0.01782239583333336 0.018775925925925946
0 0.5439427083333332 0.5880134259259259 0.010562499999999985 0.014082407407407358
0 0.550875 0.6003351851851851 0.008583333333333342 0.017601851851851844
0 0.5317317708333333 0.6097231481481481 0.015182291666666655 0.012909259259259266
0 0.7066588541666666 0.5903601851851852 0.013859374999999948 0.016429629629629655
3 0.7096276041666667 0.6578375000000001 0.05808854166666665 0.12556574074074073
3 0.5003789062499999 0.8068726851851851 0.0501692708333333 0.09505462962962963
3 0.5353630208333333 0.5932939814814815 0.04884687499999997 0.06688981481481492
3 0.7083098958333333 0.5616092592592593 0.05017187499999996 0.09505370370370372
3 0.6749739583333332 0.7094717592592592 0.053468750000000044 0.07158425925925929
