0 0.9155807291666667 0.23478657407407408 0.018484375000000004 0.016428703703703675
0 0.931421875 0.26412453703703703 0.010562499999999985 0.04928796296296296
0 0.9132708333333334 0.25590972222222225 0.005937500000000047 0.025817592592592628
0 0.8961067708333333 0.2611902777777778 0.013859374999999948 0.048113888888888914
4 0.9112890625 0.28055370370370375 0.07195312500000005 0.11265740740740743
0 0.7941223958333334 0.31575879629629633 0.01583854166666671 0.0164287037037037
2 0.8017135416666666 0.3139986111111111 0.0336666666666666 0.06454351851851851
0 0.7069895833333334 0.7212064814814815 0.010562499999999985 0.019950000000000048
0 0.671671875 0.7206199074074074 0.012541666666666748 0.01877685185185185
0 0.6505494791666666 0.745850462962963 0.01122395833333331 0.019949074074074143
0 0.6327291666666668 0.7347023148148147 0.013864583333333395 0.01642870370370375
0 0.6277760416666667 0.7517180555555556 0.010562499999999985 0.019949074074074143
0 0.49575729166666666 0.8315166666666667 0.019803125000000026 0.019950000000000048
0 0.4901466145833333 0.5393125 0.01254218749999995 0.01760277777777775
0 0.6693645833333333 0.6226314814814815 0.009239583333333337 0.015255555555555555
0 0.6452708333333333 0.6267393518518519 0.013864583333333395 0.01642870370370375
3 0.5007091145833333 0.8027657407407408 0.04950885416666667 0.09388148148148143
3 0.49146666666666666 0.5199495370370371 0.04158645833333333 0.06336944444444441
3 0.6498906249999999 0.5974013888888889 0.05742708333333333 0.1032694444444444
3 0.6865260416666668 0.6772 0.06601041666666667 0.13612777777777782
3 0.6396588541666667 0.7323550925925927 0.052807291666666596 0.07745092592592598
