0 0.9426432291666667 0.21953101851851853 0.018484374999999886 0.014082407407407412
0 0.9594765625 0.2506287037037037 0.01122395833333331 0.0504611111111111
0 0.923171875 0.24417453703703706 0.012541666666666628 0.049287962962962985
4 0.9393463541666667 0.2664712962962963 0.07393229166666669 0.11265740740740743
0 0.6541796875 0.3069574074074074 0.01716145833333336 0.015255555555555555
2 0.6584739583333333 0.30050324074074075 0.028385416666666666 0.06806388888888891
0 0.7231614583333333 0.7118189814814815 0.01121874999999998 0.01760277777777775
0 0.6894973958333334 0.7100583333333335 0.01122395833333331 0.016429629629629655
0 0.6805859375 0.7276611111111112 0.009244791666666667 0.016429629629629655
0 0.6630937499999999 0.7124055555555555 0.013864583333333395 0.016429629629629655
0 0.6574817708333334 0.7288342592592593 0.010557291666666658 0.018775925925925946
0 0.5205109375 0.8162611111111111 0.01782187499999998 0.019950000000000048
0 0.7508854166666666 0.4325231481481482 0.012541666666666628 0.015255555555555555
0 0.7429635416666667 0.4442583333333333 0.008583333333333342 0.015255555555555555
0 0.5644088541666666 0.4782902777777778 0.013203124999999953 0.010562037037036969
0 0.5716692708333333 0.48767824074074073 0.009244791666666667 0.012908333333333362
0 0.5505442708333333 0.4982398148148148 0.011880208333333305 0.015255555555555555
0 0.47364427083333327 0.5052805555555555 0.012541666666666687 0.015255555555555555
0 0.450540625 0.4964796296296297 0.008581249999999999 0.016429629629629655
3 0.7581484374999999 0.4295893518518519 0.05082812500000008 0.06336944444444441
3 0.5591276041666667 0.48063703703703703 0.04884895833333332 0.05750185185185189
3 0.4663830729166667 0.47711620370370367 0.05742864583333335 0.1020953703703704
3 0.7053385416666667 0.6672254629629629 0.06798958333333331 0.13260648148148152
3 0.6700234375 0.7135791666666668 0.05280729166666672 0.07510462962962958
3 0.5251325520833333 0.7880967592592593 0.05082864583333334 0.09740092592592592
0 0.9413255208333333 0.23889398148148147 0.006598958333333371 0.024643518518518502
0 0.9456145833333333 0.25356249999999997 0.007260416666666695 0.02112314814814819
