0 0.9485859374999999 0.23713379629629633 0.019807291666666654 0.014082407407407412
0 0.9644270833333333 0.2682319444444444 0.010562499999999985 0.05280833333333335
0 0.9459453125 0.25943055555555555 0.006598958333333253 0.03051111111111111
0 0.9277916666666667 0.26236388888888884 0.013864583333333395 0.0504611111111111
4 0.9416536458333332 0.28348703703703704 0.07458854166666669 0.11148333333333335
0 0.7502239583333332 0.31927916666666667 0.01782291666666668 0.014082407407407412
2 0.7452760416666666 0.31223842592592593 0.02904166666666666 0.06336944444444446
1 0.39047161458333335 0.02296801388888889 0.06270989583333335 0.048113972222222225
0 0.7687083333333333 0.5974013888888889 0.01121874999999998 0.014082407407407358
0 0.52348203125 0.8332768518518519 0.018483854166666685 0.018775925925925946
0 0.6512109375 0.5052805555555555 0.015182291666666714 0.015255555555555555
0 0.6558307291666667 0.5187763888888889 0.01122395833333331 0.014082407407407464
0 0.63371875 0.5158421296296297 0.010562500000000105 0.01760277777777775
0 0.7251432291666667 0.4583407407407407 0.013859374999999948 0.015255555555555555
3 0.7261328125 0.43134953703703705 0.047526041666666664 0.09505462962962963
3 0.6455989583333333 0.5058675925925926 0.0514895833333334 0.06337037037037042
3 0.5284322916666666 0.805699537037037 0.04818749999999993 0.09740092592592592
3 0.7786093749999999 0.45540694444444446 0.04158333333333329 0.06336944444444441
3 0.778609375 0.6015087962962963 0.04686458333333334 0.0668898148148148
0 0.9482552083333333 0.27351250000000005 0.005937499999999929 0.021123148148148137
