0 0.7614479166666667 0.23478657407407408 0.01782291666666668 0.014082407407407384
0 0.7772890625 0.2647111111111112 0.009901041666666662 0.0504611111111111
0 0.75946875 0.254149537037037 0.007260416666666695 0.029337962962962965
0 0.7429635416666667 0.25943055555555555 0.012541666666666628 0.04694074074074077
4 0.7584791666666668 0.28055324074074073 0.06601041666666667 0.10561574074074072
0 0.5452630208333334 0.32397361111111106 0.01716145833333336 0.014082407407407412
2 0.542953125 0.3169324074074074 0.027062500000000017 0.06102222222222222
1 0.22181614583333334 0.030009050925925925 0.05016770833333333 0.04576689814814815
0 0.5337109375 0.6238055555555556 0.009901041666666662 0.015255555555555555
0 0.51325 0.617350925925926 0.008581249999999999 0.016429629629629655
0 0.9327447916666666 0.7018439814814816 0.009239583333333337 0.01642870370370375
0 0.9079895833333332 0.6930421296296296 0.00990624999999999 0.01760277777777775
0 0.3591169270833333 0.8432518518518519 0.018482812500000043 0.02229629629629623
0 0.8822473958333333 0.7071245370370371 0.009901041666666662 0.017602777777777853
0 0.8525416666666668 0.7147523148148148 0.016500000000000032 0.016428703703703647
0 0.4828856770833333 0.5222967592592593 0.013861979166666672 0.01642870370370375
0 0.4627526041666667 0.5158421296296297 0.006601041666666655 0.01760277777777775
0 0.3759494791666667 0.5046939814814816 0.012541666666666687 0.014082407407407358
0 0.3815604166666667 0.5181893518518519 0.01320208333333331 0.01760277777777775
0 0.35383619791666665 0.5158425925925926 0.015842187499999955 0.015255555555555555
0 0.5782682291666668 0.5651300925925926 0.01320312500000007 0.01760277777777775
3 0.5875130208333333 0.5410731481481481 0.05808854166666665 0.1009222222222222
3 0.36274739583333326 0.8133273148148149 0.050828125000000016 0.09857500000000001
3 0.36538776041666665 0.48709166666666665 0.06006927083333332 0.10796296296296298
3 0.47628463541666666 0.5058675925925926 0.04422656249999998 0.06102222222222222
3 0.5251317708333333 0.6079629629629629 0.049507291666666654 0.07041111111111109
3 0.8621119791666667 0.676026388888889 0.06865104166666676 0.11265648148148147
3 0.9225104166666667 0.6813074074074075 0.053468749999999926 0.07158333333333329
