0 0.9007265624999999 0.6455152777777778 0.015182291666666714 0.01642870370370375
0 0.9063411458333333 0.6637046296296296 0.011880208333333305 0.015255555555555555
0 0.8819140625 0.6513828703703705 0.01320312500000007 0.01642870370370375
0 0.20729375 0.6983231481481482 0.010561458333333313 0.023470370370370437
0 0.19871250000000001 0.6836546296296296 0.010561458333333313 0.02229629629629623
0 0.1719786458333333 0.7112319444444445 0.023103125000000002 0.016428703703703647
0 0.7396640624999999 0.5657166666666666 0.013859375000000066 0.016429629629629655
0 0.7261328125 0.5516342592592592 0.009244791666666667 0.01642962962962955
0 0.46011223958333336 0.5739314814814815 0.011881770833333328 0.018775925925925946
0 0.42842734375 0.5674768518518519 0.010561979166666664 0.017601851851851844
0 0.6555 0.5398995370370371 0.010562499999999985 0.016428703703703647
3 0.1792395833333333 0.6701592592592592 0.06931041666666668 0.11265740740740737
3 0.4459197916666666 0.5440064814814816 0.0719510416666667 0.11852407407407405
3 0.8931380208333334 0.646102314814815 0.06469270833333335 0.08331944444444446
3 0.7390052083333334 0.5580888888888889 0.04818749999999999 0.08097222222222226
3 0.6749739583333334 0.5181893518518519 0.061385416666666734 0.13260648148148146
3 0.7023671875 0.5551546296296297 0.047526041666666664 0.09622777777777772
