0 0.7594687499999999 0.23478657407407408 0.01782291666666668 0.014082407407407384
0 0.7753098958333332 0.26412453703703703 0.009901041666666662 0.04928796296296296
0 0.7423046874999999 0.25943055555555555 0.013859374999999948 0.04928703703703705
4 0.75715625 0.27937962962962964 0.06733333333333344 0.10796296296296294
0 0.5677083333333334 0.32103981481481486 0.017166666666666684 0.015255555555555555
2 0.5660598958333334 0.312825 0.0257447916666667 0.05515555555555554
0 0.57496875 0.6108967592592593 0.011885416666666633 0.012908333333333362
0 0.5545052083333334 0.5874263888888889 0.010562499999999985 0.012908333333333258
0 0.5538463541666666 0.6091365740740742 0.009244791666666667 0.01642870370370375
0 0.9881927083333333 0.7276611111111112 0.009239583333333337 0.018775925925925946
0 0.9654192708333333 0.734701851851852 0.015182291666666714 0.01877592592592584
0 0.35713671874999997 0.8432518518518519 0.018482812500000043 0.019950000000000048
0 0.86409375 0.6830675925925925 0.010562499999999985 0.018775925925925946
0 0.8343880208333334 0.6912824074074074 0.01320312500000007 0.018775925925925946
0 0.48750625 0.519362962962963 0.012541666666666687 0.015255555555555555
0 0.4650627604166666 0.520536574074074 0.009901562500000042 0.01760277777777775
0 0.40598385416666666 0.6537300925925926 0.010561458333333343 0.014082407407407464
0 0.4152252604166667 0.6631180555555556 0.007921354166666639 0.016428703703703647
0 0.38981145833333336 0.6725060185185184 0.01914270833333334 0.01642870370370375
3 0.6043437500000001 0.5663032407407407 0.05214583333333339 0.09740092592592592
3 0.84528125 0.6531430555555556 0.06931249999999996 0.11148425925925928
3 0.971359375 0.7153393518518518 0.04951041666666664 0.07627870370370368
3 0.3617572916666667 0.8156740740740741 0.05016770833333333 0.09622777777777772
3 0.3911317708333333 0.636713888888889 0.06006875 0.11148333333333327
3 0.47694453125 0.509387962962963 0.05082760416666669 0.0657166666666666
3 0.5637473958333333 0.5956412037037038 0.04884895833333332 0.0668898148148148
0 0.7568281250000001 0.25590972222222225 0.0033020833333332906 0.025817592592592628
0 0.7614479166666667 0.2694050925925926 0.005937500000000047 0.01994907407407409
