0 0.7601276041666666 0.2342 0.01650520833333336 0.01525555555555553
0 0.7759713541666665 0.2647111111111112 0.009901041666666662 0.0504611111111111
0 0.7594661458333334 0.2547365740740741 0.005942708333333376 0.02816388888888892
0 0.7432942708333333 0.2606037037037037 0.011880208333333305 0.04928703703703705
4 0.7564973958333333 0.27879305555555556 0.06732812499999999 0.10913611111111109
0 0.6007135416666666 0.31517222222222224 0.018479166666666557 0.015255555555555555
2 0.5970833333333334 0.3069574074074074 0.027062500000000017 0.05515555555555554
0 0.5871822916666666 0.6326064814814815 0.012541666666666748 0.016429629629629655
0 0.57496875 0.6167638888888889 0.010562499999999985 0.015255555555555555
0 0.9891822916666667 0.7270745370370371 0.008583333333333342 0.01760277777777775
0 0.9673984375 0.7341152777777777 0.013859375000000066 0.019949074074074036
0 0.35746666666666665 0.8432518518518519 0.01782291666666668 0.02229629629629623
0 0.8109557291666666 0.6549037037037038 0.009901041666666662 0.01877592592592584
0 0.78125 0.6642916666666666 0.013864583333333276 0.016429629629629655
0 0.4690234375 0.5035208333333333 0.009901041666666662 0.014082407407407464
0 0.480575 0.5222967592592593 0.01320208333333337 0.014082407407407358
0 0.4162153645833333 0.6595972222222223 0.012542187500000008 0.018775925925925946
0 0.38750130208333333 0.6689851851851852 0.018482812499999984 0.018775925925925946
3 0.6165572916666666 0.5663032407407408 0.05544791666666669 0.09505462962962963
3 0.9726796875 0.715925925925926 0.05082812499999995 0.07510555555555548
3 0.791484375 0.6273259259259258 0.06601041666666667 0.10913703703703709
3 0.4779348958333333 0.5052810185185185 0.040926041666666656 0.06688981481481475
3 0.39872265625000003 0.6367138888888889 0.0554484375 0.1044425925925926
3 0.36241744791666664 0.8139138888888889 0.04884739583333335 0.09740185185185192
3 0.5865208333333333 0.6155907407407407 0.04422916666666658 0.069237037037037
