0 0.3927083333333333 0.2953703703703704 0.017708333333333333 0.011111111111111112
0 0.39453125 0.3111111111111111 0.0140625 0.014814814814814815
0 0.00546875 0.5888888888888889 0.009895833333333333 0.022222222222222223
0 0.013020833333333334 0.6046296296296296 0.013541666666666667 0.024074074074074074
0 0.284375 0.7199074074074074 0.010416666666666666 0.021296296296296296
0 0.3184895833333333 0.7291666666666667 0.0171875 0.019444444444444445
0 0.8768229166666667 0.2212962962962963 0.0171875 0.018518518518518517
0 0.834375 0.7037037037037037 0.0125 0.018518518518518517
0 0.859375 0.7240740740740741 0.02395833333333333 0.020370370370370372
0 0.8268229166666666 0.7166666666666667 0.0109375 0.02592592592592593
0 0.5927083333333333 0.9782407407407407 0.014583333333333334 0.021296296296296296
0 0.9200520833333333 0.4708333333333333 0.009895833333333333 0.019444444444444445
0 0.8940104166666667 0.47314814814814815 0.015104166666666667 0.014814814814814815
0 0.8859374999999999 0.44907407407407407 0.011458333333333333 0.016666666666666666
0 0.621875 0.46805555555555556 0.011458333333333333 0.01388888888888889
2 0.8875 0.2138888888888889 0.03958333333333333 0.07222222222222223
3 0.6106770833333334 0.425462962962963 0.0609375 0.125
3 0.5994791666666667 0.9532407407407407 0.058333333333333334 0.09351851851851853
3 0.012239583333333333 0.5814814814814815 0.0234375 0.10370370370370371
3 0.3921875 0.2925925925925926 0.041666666666666664 0.07037037037037037
3 0.30625 0.6912037037037038 0.071875 0.14166666666666666
3 0.8520833333333333 0.6916666666666667 0.071875 0.11111111111111112
3 0.8981770833333333 0.45740740740740743 0.05572916666666666 0.07962962962962963
