0 0.7201927083333333 0.21953101851851853 0.01584375000000004 0.0164287037037037
0 0.735375 0.24886851851851854 0.009239583333333337 0.04694074074074071
0 0.7182109375000001 0.24065416666666667 0.006598958333333253 0.02816388888888889
0 0.7017083333333333 0.24534814814814815 0.011885416666666752 0.04694074074074077
4 0.7165598958333333 0.2647111111111112 0.06930729166666663 0.10913703703703703
0 0.5944427083333332 0.2987425925925926 0.01782291666666668 0.015255555555555555
2 0.5951041666666667 0.2905287037037037 0.028385416666666666 0.06219629629629632
0 0.9046875 0.6631180555555556 0.012541666666666628 0.01877685185185185
0 0.8799348958333333 0.6595972222222223 0.011880208333333423 0.018775925925925946
0 0.3198408854166666 0.8321037037037038 0.019143229166666664 0.023470370370370332
0 0.8545234374999999 0.6660513888888889 0.015182291666666714 0.01760277777777775
0 0.8238255208333333 0.6543166666666668 0.007921874999999901 0.017601851851851844
0 0.43139765625 0.4923722222222222 0.009901562499999983 0.01056111111111117
0 0.42479661458333334 0.5035208333333333 0.007260937500000016 0.014082407407407464
0 0.44559010416666667 0.5076277777777779 0.01320208333333331 0.015255555555555555
0 0.47529453124999993 0.579212037037037 0.007921354166666639 0.019950000000000048
0 0.4515307291666667 0.5903601851851852 0.019803125000000026 0.016429629629629655
0 0.5541770833333333 0.6032689814814816 0.012541666666666628 0.01642870370370375
3 0.5627578124999999 0.5692370370370371 0.057432291666666774 0.1056166666666666
3 0.32347135416666667 0.8056995370370371 0.05016770833333333 0.09505462962962963
3 0.8957786458333333 0.6466884259259259 0.04884895833333332 0.07510462962962969
3 0.8449479166666668 0.6267388888888888 0.06601041666666667 0.11500370370370377
3 0.4406393229166667 0.49589259259259255 0.04422656249999998 0.06689074074074071
3 0.45714166666666667 0.558675462962963 0.052147916666666676 0.09388055555555563
0 0.7208515624999999 0.25297592592592594 0.005276041666666605 0.022296296296296335
