0 0.5947734375000001 0.2177703703703704 0.01716145833333336 0.015255555555555555
0 0.6102838541666666 0.24652175925925926 0.009901041666666662 0.04693981481481484
0 0.5934531249999999 0.23830694444444442 0.005281250000000052 0.028163888888888867
0 0.5779401041666666 0.24182777777777778 0.011223958333333428 0.04694074074074074
4 0.5921302083333333 0.2617777777777778 0.06601041666666667 0.10796296296296296
0 0.3752893229166666 0.3145856481481482 0.0178223958333333 0.014082407407407412
2 0.37231901041666665 0.31106481481481485 0.025083854166666638 0.06806296296296295
0 0.7911536458333333 0.637300925925926 0.009901041666666662 0.016429629629629655
0 0.7654088541666667 0.6114833333333334 0.009901041666666662 0.011735185185185166
0 0.7670572916666667 0.6355407407407407 0.010562500000000105 0.015255555555555555
0 0.19838255208333333 0.8485328703703705 0.020463020833333328 0.021123148148148137
0 0.5914713541666666 0.6132435185185185 0.011880208333333305 0.019950000000000048
0 0.32512161458333333 0.5158425925925926 0.012542187500000008 0.015255555555555555
0 0.309609375 0.4994134259259259 0.009241666666666681 0.012908333333333362
0 0.3030083333333334 0.509975 0.007920833333333318 0.015255555555555555
0 0.35746666666666665 0.5833194444444445 0.005940624999999974 0.018775925925925946
0 0.33601328124999996 0.5962277777777778 0.02112343750000001 0.018775925925925946
0 0.42578697916666663 0.5944675925925926 0.010561458333333343 0.017601851851851844
3 0.44261953125000003 0.5745180555555555 0.05478802083333338 0.1020953703703704
3 0.5759609375 0.5850791666666668 0.054786458333333364 0.1020953703703704
3 0.20201302083333333 0.8186078703703704 0.0514875 0.09740092592592592
3 0.3191809895833334 0.5 0.046867187500000004 0.06571666666666666
3 0.3393138020833334 0.5651296296296296 0.04620677083333333 0.09270740740740743
3 0.7772890625 0.6249787037037037 0.054786458333333364 0.07393148148148149
