0 0.5861901041666667 0.2295060185185185 0.01716145833333336 0.012908333333333336
0 0.6010442708333333 0.25825694444444447 0.009901041666666662 0.049287962962962985
0 0.5693567708333334 0.2547361111111111 0.009901041666666662 0.04694074074074077
4 0.5838802083333333 0.2729259259259259 0.06798958333333331 0.1044425925925926
0 0.3917919270833333 0.32103935185185184 0.01650260416666664 0.01290833333333331
2 0.38849140625 0.3151717592592593 0.027064062499999982 0.059849074074074075
0 0.7531979166666666 0.6208712962962962 0.010562499999999985 0.01173518518518527
0 0.7564973958333333 0.6431680555555556 0.011880208333333423 0.014082407407407358
0 0.7795989583333333 0.6443416666666667 0.010562499999999985 0.01642962962962955
0 0.18881119791666667 0.8596810185185185 0.01848281250000001 0.024643518518518526
0 0.577609375 0.6279125000000001 0.01452083333333339 0.01642870370370375
0 0.32182109375 0.5105615740740741 0.009901562500000042 0.014082407407407358
0 0.3280921875 0.5205361111111112 0.006601041666666655 0.015255555555555555
0 0.3086192708333333 0.5281643518518518 0.012541666666666687 0.016428703703703647
0 0.35020546874999997 0.5962277777777778 0.007260937500000016 0.018775925925925946
0 0.3271018229166666 0.6091365740740742 0.020463020833333328 0.01642870370370375
0 0.413575 0.6073763888888889 0.008581249999999999 0.01760277777777775
3 0.5667187499999999 0.5956407407407408 0.053468750000000044 0.1044425925925926
3 0.43106770833333335 0.5868398148148148 0.056768749999999986 0.11030925925925927
3 0.7647473958333334 0.6320199074074074 0.05610937500000001 0.0715842592592592
3 0.31191953125000005 0.5111481481481481 0.046867187500000004 0.05750185185185183
3 0.33238281249999996 0.5774518518518518 0.049507291666666654 0.09622777777777783
3 0.1927716145833333 0.8297564814814815 0.05148802083333335 0.09622777777777783
