2 0.11785026041666667 0.509387962962963 0.050827604166666665 0.09622777777777777
0 0.12709192708333333 0.5105615740740741 0.027064062499999996 0.025817592592592524
3 0.760125 0.529924537037037 0.07327083333333337 0.15842314814814815
3 0.8201979166666666 0.6736796296296297 0.07327083333333324 0.11500370370370377
3 0.1544859375 0.687175 0.09373437500000001 0.12791296296296292
0 0.13798359375 0.695976388888889 0.029044270833333326 0.021123148148148137
0 0.17989973958333336 0.7141657407407408 0.019143229166666692 0.02699074074074072
0 0.1330328125 0.7241402777777778 0.02838437500000001 0.02816388888888881
0 0.8162343750000001 0.6953898148148148 0.023104166666666613 0.02699074074074072
0 0.8499010416666666 0.6877620370370371 0.012541666666666628 0.03051111111111111
0 0.8046848958333332 0.6560768518518518 0.018484375000000004 0.025816666666666724
3 0.6792630208333333 0.5146689814814814 0.09373437500000001 0.19362870370370375
0 0.6594609375 0.5704106481481481 0.01716145833333336 0.023469444444444428
0 0.7040208333333333 0.5692370370370371 0.012541666666666628 0.023470370370370437
0 0.7581458333333333 0.5416597222222223 0.0270624999999999 0.017602777777777853
0 0.7591380208333334 0.5663032407407408 0.02904687499999999 0.02229722222222224
0 0.48486588541666664 0.3110648148148148 0.025744270833333378 0.018775925925925946
0 0.4627526041666667 0.3644597222222222 0.01320208333333331 0.0528083333333333
0 0.5059890625 0.3638726851851852 0.011221875000000025 0.056328703703703686
0 0.5492265624999999 0.420787962962963 0.006598958333333253 0.055155555555555597
4 0.4861854166666667 0.37795462962962967 0.13663958333333337 0.1854148148148148
0 0.48453593749999996 0.3615259259259259 0.017162499999999997 0.06102222222222222
0 0.42479661458333334 0.4155074074074075 0.007260937500000016 0.035205555555555545
0 0.48684609375 0.4102263888888889 0.028383854166666705 0.01994907407407409
