0 0.5871822916666666 0.2447611111111111 0.019145833333333327 0.015255555555555555
0 0.6026927083333333 0.27233888888888885 0.009239583333333337 0.049287037037037004
0 0.5858619791666667 0.2647111111111112 0.005942708333333257 0.026990740740740773
0 0.5700182291666667 0.26881851851851857 0.01122395833333331 0.04694074074074077
4 0.5845416666666666 0.28876851851851854 0.06666666666666667 0.10796296296296298
0 0.45087083333333333 0.3257333333333333 0.017162499999999997 0.015255555555555555
2 0.44724010416666665 0.3169324074074074 0.02574375 0.05867592592592593
0 0.6241458333333333 0.6232185185185186 0.008583333333333342 0.018775925925925946
0 0.65253125 0.6361273148148148 0.005937499999999929 0.01642870370370375
0 0.6327291666666666 0.6437550925925926 0.01121874999999998 0.01760277777777775
0 0.19046145833333336 0.8761101851851852 0.01782291666666665 0.01994999999999994
0 0.31390000000000007 0.5275773148148148 0.01914270833333334 0.012908333333333362
0 0.3139 0.5445935185185186 0.012541666666666628 0.016429629629629655
0 0.35152578125 0.6126569444444444 0.011221354166666645 0.01877685185185185
0 0.3254518229166667 0.6255657407407408 0.018482812499999984 0.01642962962962955
0 0.4261169270833333 0.6349537037037037 0.013861979166666672 0.018775925925925946
0 0.4030135416666667 0.6243921296296296 0.011221874999999966 0.01877685185185185
3 0.42050625 0.6062027777777779 0.05412812500000002 0.10678888888888889
3 0.6343802083333333 0.6284990740740741 0.046208333333333226 0.0692370370370371
3 0.31323984374999997 0.5281638888888889 0.037625520833333384 0.06571666666666671
3 0.3340330729166666 0.5932939814814815 0.05544843749999995 0.09505462962962963
3 0.19475208333333333 0.8455986111111111 0.05412812499999999 0.09505462962962963
0 0.588171875 0.27761990740740744 0.005281249999999934 0.019949074074074036
