0 0.6010442708333333 0.2482824074074074 0.016505208333333243 0.015255555555555555
0 0.6172161458333334 0.27820648148148147 0.009244791666666667 0.04694074074074071
0 0.5838802083333333 0.2740990740740741 0.01121874999999998 0.045766666666666664
4 0.5980729166666667 0.29228888888888893 0.06601041666666667 0.10796296296296294
0 0.5099494791666667 0.3439231481481482 0.015182291666666655 0.016429629629629655
2 0.5165502604166666 0.3392291666666667 0.03102447916666661 0.058675000000000026
0 0.6198567708333333 0.8074597222222222 0.021119791666666762 0.014082407407407358
0 0.6380104166666667 0.8180212962962963 0.008583333333333342 0.018775925925925946
0 0.6182083333333334 0.8274092592592593 0.012541666666666628 0.016429629629629655
0 0.20366328125 0.8790439814814816 0.01782239583333333 0.021123148148148137
0 0.6050052083333334 0.6754398148148149 0.013864583333333395 0.017601851851851844
0 0.34195442708333335 0.5264041666666667 0.007921354166666698 0.010562037037037073
0 0.33238281249999996 0.5463537037037036 0.012541666666666687 0.015255555555555555
0 0.36538776041666665 0.619111574074074 0.012542187500000008 0.01760277777777775
0 0.3353533854166667 0.6284995370370371 0.018482812499999984 0.019949074074074143
0 0.43139765625 0.6361273148148148 0.013861979166666672 0.01642870370370375
3 0.43634869791666664 0.6026824074074075 0.0554484375 0.1044425925925926
3 0.20894427083333333 0.8497060185185186 0.049507291666666654 0.09388055555555563
3 0.33007239583333337 0.5328583333333333 0.040926041666666656 0.06102222222222222
3 0.3482252604166666 0.5997481481481483 0.05742864583333335 0.09622777777777783
3 0.6063255208333334 0.6378875 0.054786458333333364 0.1020953703703703
3 0.62315625 0.8033523148148148 0.048843749999999984 0.08331944444444446
