4 0.7670572916666667 0.3515509259259259 0.0514895833333334 0.08097222222222221
0 0.7739895833333333 0.32280000000000003 0.012541666666666628 0.014081481481481507
0 0.7713489583333333 0.3439231481481482 0.005937500000000047 0.016429629629629655
0 0.783890625 0.37912824074074075 0.008583333333333342 0.021123148148148137
2 0.6040130208333333 0.2993296296296296 0.018484375000000004 0.037551851851851836
0 0.7776197916666667 0.3456833333333333 0.00791666666666669 0.024644444444444486
0 0.6026927083333333 0.30519722222222223 0.010562499999999985 0.011735185185185166
3 0.7908203125 0.5668902777777778 0.052807291666666596 0.09857500000000001
3 0.43832890625 0.3292541666666667 0.025083854166666697 0.0668898148148148
3 0.9162395833333333 0.9506296296296297 0.05544791666666669 0.08214814814814807
3 0.27924479166666666 0.8139138888888889 0.04224687499999999 0.07393148148148149
3 0.20102291666666666 0.4395643518518519 0.02310312499999997 0.04341944444444442
3 0.22577682291666665 0.29287546296296296 0.029044270833333354 0.03637870370370369
3 0.26010182291666667 0.26999212962962965 0.021123437499999977 0.0328583333333333
3 0.14425442708333333 0.25356296296296293 0.025744270833333333 0.035205555555555545
0 0.9208619791666667 0.981138888888889 0.013203124999999953 0.018777777777777754
0 0.8957760416666666 0.9447592592592592 0.010562499999999985 0.02816666666666663
0 0.28650572916666667 0.795137962962963 0.010561458333333343 0.02464444444444443
0 0.29640729166666663 0.7998319444444446 0.006601041666666655 0.02229722222222224
0 0.2772645833333333 0.825649537037037 0.01320208333333337 0.01760277777777775
0 0.7822395833333333 0.5897736111111112 0.010562499999999985 0.01760277777777775
2 0.0168551953125 0.3656328703703704 0.029704505208333336 0.04107314814814813
0 0.43832890625 0.3515509259259259 0.009241145833333301 0.010561111111111117
0 0.5482369791666666 0.8778703703703703 0.009901041666666662 0.0328574074074074
3 0.5617682291666667 0.8854972222222223 0.06204687500000006 0.10913518518518518
0 0.5597864583333333 0.9201157407407408 0.02112499999999997 0.02112037037037032
0 0.5855312499999998 0.9013407407407408 0.009239583333333337 0.03051111111111111
0 0.7650781249999999 0.3568319444444445 0.010562499999999985 0.0164287037037037
0 0.23435807291666666 0.2981564814814815 0.007921354166666669 0.011735185185185166
0 0.21983593750000002 0.3046106481481482 0.009241666666666652 0.01056203703703702
0 0.2561411458333333 0.2758597222222222 0.006601041666666655 0.009387962962962973
0 0.14953515624999997 0.2635375 0.007260937499999986 0.010562037037037073
0 0.1459046875 0.25708333333333333 0.010561458333333343 0.00938888888888893
0 0.13864375 0.26412453703703703 0.006601041666666685 0.009387962962962973
0 0.20234296875000002 0.44895231481481485 0.009901562500000013 0.01290833333333331
