4 0.7932291666666667 0.3037037037037037 0.058333333333333334 0.08333333333333334
0 0.8010416666666667 0.275 0.014583333333333334 0.012962962962962964
0 0.7973958333333333 0.29444444444444445 0.007291666666666667 0.018518518518518517
0 0.8046875 0.2972222222222222 0.007291666666666667 0.024074074074074074
0 0.8111979166666666 0.33055555555555555 0.0078125 0.020370370370370372
0 0.7671875 0.3023148148148148 0.00625 0.019444444444444445
2 0.6231770833333333 0.2569444444444445 0.018229166666666668 0.036111111111111115
0 0.7911458333333333 0.3092592592592593 0.013541666666666667 0.018518518518518517
0 0.6231770833333333 0.25833333333333336 0.009895833333333333 0.012962962962962964
3 0.4453125 0.2888888888888889 0.034375 0.06666666666666667
3 0.8885416666666667 0.40740740740740744 0.057291666666666664 0.0925925925925926
3 0.9880208333333333 0.8972222222222223 0.02395833333333333 0.08888888888888889
0 0.9864583333333333 0.8930555555555556 0.0125 0.026851851851851852
3 0.7158854166666666 0.8898148148148148 0.06197916666666667 0.1277777777777778
3 0.24505208333333334 0.7675925925925926 0.0546875 0.08518518518518518
0 0.234375 0.7865740740740741 0.011458333333333333 0.019444444444444445
0 0.25807291666666665 0.7847222222222222 0.011979166666666666 0.019444444444444445
0 0.8947916666666667 0.4375 0.009375 0.017592592592592594
0 0.8755208333333333 0.4314814814814815 0.008333333333333333 0.016666666666666666
3 0.14114583333333333 0.21805555555555556 0.02395833333333333 0.03796296296296296
3 0.18619791666666666 0.2652777777777778 0.0203125 0.036111111111111115
0 0.4471354166666667 0.3106481481481482 0.009895833333333333 0.01388888888888889
0 0.14114583333333333 0.22083333333333335 0.009375 0.012037037037037037
0 0.14635416666666667 0.22870370370370371 0.008333333333333333 0.012962962962962964
0 0.7127604166666667 0.9263888888888889 0.022395833333333334 0.030555555555555558
0 0.69609375 0.8680555555555556 0.009895833333333333 0.032407407407407406
0 0.18880208333333334 0.27222222222222225 0.008854166666666666 0.012962962962962964
