0 0.5122611979166667 0.32925462962962965 0.017165104166666664 0.015255555555555555
2 0.5106091145833334 0.322212962962963 0.02706302083333334 0.05750185185185183
0 0.6422994791666667 0.2500421296296296 0.01583854166666671 0.014082407407407412
0 0.6571536458333334 0.27820648148148147 0.009901041666666662 0.05163518518518521
0 0.6439505208333334 0.28524722222222226 0.005942708333333257 0.023470370370370384
0 0.6406484375 0.26999212962962965 0.005942708333333376 0.02816388888888892
0 0.6244765624999999 0.27468611111111113 0.010557291666666776 0.04694074074074077
4 0.639 0.2946356481481482 0.06733333333333331 0.10561574074074075
0 0.38585078125 0.6860013888888888 0.0165026041666667 0.019949074074074036
0 0.35515625000000006 0.6860013888888888 0.011882291666666649 0.019949074074074036
0 0.32116119791666664 0.6361273148148148 0.01254218749999995 0.01642870370370375
0 0.25218046875 0.8849115740740742 0.01848281250000001 0.021123148148148137
0 0.22445651041666667 0.8761101851851852 0.01320156249999999 0.022296296296296335
0 0.28056484375 0.8062861111111111 0.011881770833333328 0.01642962962962955
3 0.3280921875 0.6196981481481482 0.046207291666666706 0.07275740740740738
3 0.3739690104166667 0.6566638888888889 0.06799010416666669 0.11148333333333338
3 0.23831848958333335 0.8573337962962962 0.062049479166666664 0.1067898148148148
3 0.2663729166666667 0.8103935185185186 0.052147916666666676 0.07393148148148149
3 0.4871760416666666 0.5011736111111111 0.047527083333333366 0.10326944444444446
