0 0.9205729166666666 0.4712962962962963 0.008854166666666666 0.018518518518518517
0 0.8895833333333333 0.4513888888888889 0.013541666666666667 0.015740740740740743
0 0.8958333333333334 0.47453703703703703 0.015625 0.017592592592592594
3 0.9010416666666666 0.4569444444444445 0.05625 0.075
0 0.0067708333333333336 0.5930555555555556 0.0125 0.026851851851851852
0 0.321875 0.7138888888888889 0.013541666666666667 0.020370370370370372
0 0.2877604166666667 0.7101851851851853 0.011979166666666666 0.020370370370370372
0 0.38515625 0.2949074074074074 0.011979166666666666 0.010185185185185186
0 0.4015625 0.3106481481481482 0.0125 0.015740740740740743
0 0.37786458333333334 0.3060185185185185 0.0078125 0.01388888888888889
0 0.16848958333333333 0.8337962962962964 0.01614583333333333 0.021296296296296296
0 0.178125 0.85 0.010416666666666666 0.020370370370370372
0 0.14661458333333333 0.862037037037037 0.01614583333333333 0.018518518518518517
0 0.7458333333333333 0.5101851851851852 0.014583333333333334 0.020370370370370372
0 0.7153645833333333 0.5050925925925926 0.018229166666666668 0.021296296296296296
0 0.5833333333333334 0.9425925925925926 0.013541666666666667 0.020370370370370372
0 0.5880208333333333 0.975462962962963 0.015625 0.019444444444444445
3 0.7255208333333333 0.4847222222222222 0.06770833333333333 0.10092592592592593
3 0.39557291666666666 0.2962962962962963 0.049479166666666664 0.06851851851851852
3 0.3026041666666667 0.6731481481481482 0.07604166666666666 0.1425925925925926
3 0.15494791666666666 0.8384259259259259 0.0703125 0.08425925925925926
3 0.5963541666666666 0.9527777777777778 0.06666666666666667 0.09444444444444444
3 0.5953125 0.41250000000000003 0.06666666666666667 0.1175925925925926
3 0.009635416666666667 0.5652777777777778 0.018229166666666668 0.10648148148148148
