0 0.9205729166666666 0.4712962962962963 0.008854166666666666 0.018518518518518517
0 0.8895833333333333 0.4513888888888889 0.013541666666666667 0.015740740740740743
0 0.8958333333333334 0.47453703703703703 0.015625 0.017592592592592594
3 0.9013020833333333 0.4587962962962963 0.0546875 0.075
0 0.003125 0.5736111111111112 0.005208333333333333 0.017592592592592594
0 0.007291666666666667 0.5907407407407408 0.013541666666666667 0.02592592592592593
0 0.303125 0.725 0.013541666666666667 0.016666666666666666
0 0.26796875 0.7231481481481482 0.0140625 0.020370370370370372
0 0.40520833333333334 0.29305555555555557 0.010416666666666666 0.01388888888888889
0 0.41302083333333334 0.3037037037037037 0.00625 0.016666666666666666
0 0.39140625 0.31203703703703706 0.0140625 0.016666666666666666
0 0.20651041666666667 0.7694444444444445 0.011979166666666666 0.018518518518518517
0 0.21510416666666665 0.7828703703703704 0.007291666666666667 0.019444444444444445
0 0.18932291666666667 0.7962962962962963 0.0171875 0.016666666666666666
0 0.6989583333333333 0.4828703703703704 0.015625 0.017592592592592594
0 0.6690104166666666 0.48055555555555557 0.0171875 0.018518518518518517
0 0.6447916666666667 0.4444444444444445 0.0125 0.018518518518518517
0 0.57890625 0.9421296296296297 0.0109375 0.021296296296296296
0 0.5822916666666667 0.9717592592592593 0.013541666666666667 0.017592592592592594
3 0.01015625 0.5643518518518519 0.019270833333333334 0.10833333333333334
3 0.39453125 0.2939814814814815 0.0453125 0.0638888888888889
3 0.6299479166666666 0.3995370370370371 0.0640625 0.1287037037037037
3 0.6799479166666667 0.45833333333333337 0.06822916666666666 0.09814814814814815
3 0.28515625 0.6856481481481482 0.0765625 0.14166666666666666
3 0.19322916666666667 0.774537037037037 0.06041666666666667 0.0787037037037037
3 0.59296875 0.9495370370370371 0.06510416666666667 0.09537037037037037
