0 0.9205729166666666 0.4712962962962963 0.008854166666666666 0.018518518518518517
0 0.8895833333333333 0.4513888888888889 0.013541666666666667 0.015740740740740743
0 0.8958333333333334 0.47453703703703703 0.015625 0.017592592592592594
3 0.9010416666666666 0.4569444444444445 0.057291666666666664 0.075
0 0.005729166666666666 0.5680555555555555 0.010416666666666666 0.019444444444444445
0 0.01328125 0.5819444444444445 0.0109375 0.021296296296296296
0 0.28880208333333335 0.7347222222222223 0.013020833333333334 0.019444444444444445
0 0.25546875 0.7287037037037037 0.009895833333333333 0.022222222222222223
0 0.40703125 0.3101851851851852 0.011979166666666666 0.014814814814814815
0 0.3841145833333333 0.3078703703703704 0.011979166666666666 0.015740740740740743
0 0.19817708333333334 0.762962962962963 0.0140625 0.020370370370370372
0 0.20703125 0.7768518518518519 0.008854166666666666 0.022222222222222223
0 0.17890625 0.7875 0.015104166666666667 0.017592592592592594
0 0.7216145833333333 0.49768518518518523 0.018229166666666668 0.017592592592592594
0 0.6919270833333333 0.49444444444444446 0.018229166666666668 0.020370370370370372
0 0.68203125 0.46111111111111114 0.015104166666666667 0.016666666666666666
0 0.5880208333333333 0.9421296296296297 0.0125 0.021296296296296296
0 0.5932291666666667 0.9736111111111111 0.015625 0.02314814814814815
3 0.013802083333333333 0.5615740740740741 0.0265625 0.10277777777777779
3 0.6752604166666667 0.41481481481481486 0.058854166666666666 0.1277777777777778
3 0.70234375 0.47314814814814815 0.06822916666666666 0.09444444444444444
3 0.3950520833333333 0.29583333333333334 0.049479166666666664 0.0712962962962963
3 0.6005208333333333 0.951388888888889 0.06354166666666666 0.09722222222222222
3 0.2755208333333333 0.6944444444444444 0.07395833333333333 0.14074074074074075
3 0.18567708333333333 0.7648148148148148 0.0640625 0.08148148148148149
