0 0.8684895833333334 0.21203703703703705 0.0171875 0.020370370370370372
2 0.8783854166666667 0.2064814814814815 0.03802083333333333 0.07407407407407407
0 0.20104166666666667 0.6620370370370371 0.014583333333333334 0.020370370370370372
0 0.16822916666666665 0.6615740740740741 0.0125 0.021296296296296296
0 0.3872395833333333 0.3106481481481482 0.013020833333333334 0.01388888888888889
0 0.18411458333333333 0.8333333333333334 0.015104166666666667 0.020370370370370372
0 0.7799479166666666 0.5296296296296297 0.01614583333333333 0.020370370370370372
0 0.7875 0.5462962962962963 0.013541666666666667 0.022222222222222223
0 0.7541666666666667 0.5398148148148149 0.01875 0.020370370370370372
0 0.7091145833333333 0.5226851851851853 0.0109375 0.017592592592592594
0 0.5893229166666667 0.9925925925925926 0.0171875 0.014814814814814815
0 0.5604166666666667 0.9875 0.0125 0.021296296296296296
0 0.8908854166666667 0.44722222222222224 0.0109375 0.014814814814814815
0 0.9229166666666666 0.4666666666666667 0.008333333333333333 0.016666666666666666
0 0.8994791666666666 0.4726851851851852 0.015625 0.017592592592592594
3 0.9028645833333333 0.4550925925925926 0.0515625 0.07314814814814816
3 0.7682291666666666 0.5162037037037037 0.06979166666666667 0.10092592592592593
3 0.5770833333333333 0.9587962962962964 0.06666666666666667 0.08240740740740742
3 0.19088541666666667 0.6287037037037038 0.07864583333333333 0.13333333333333333
3 0.196875 0.8162037037037038 0.06770833333333333 0.08796296296296297
3 0.39401041666666664 0.2925925925925926 0.044270833333333336 0.07037037037037037
3 0.4197916666666667 0.35694444444444445 0.059375 0.125
3 0.7268229166666667 0.47453703703703703 0.06510416666666667 0.14166666666666666
