0 0.19838255208333333 0.3926236111111111 0.013861979166666672 0.01760277777777775
0 0.20531354166666665 0.40846620370370373 0.01320208333333331 0.021123148148148137
0 0.17428906249999998 0.40846620370370373 0.019803124999999994 0.01877685185185185
0 0.24657005208333332 0.41198657407407413 0.013861979166666642 0.0164287037037037
0 0.33832395833333334 0.29052824074074074 0.015182291666666714 0.0176027777777778
0 0.32908229166666664 0.27057870370370374 0.009901041666666662 0.017601851851851844
0 0.3525158854166667 0.7734277777777777 0.014522395833333352 0.016429629629629655
0 0.32545182291666663 0.7675606481481482 0.010561979166666664 0.021123148148148137
0 0.7855416666666667 0.5334449074074075 0.01584375000000004 0.01760277777777775
0 0.7941223958333334 0.5504611111111112 0.014526041666666718 0.023470370370370437
0 0.7607864583333334 0.5440064814814816 0.01782291666666668 0.022296296296296335
0 0.7119401041666666 0.5322717592592592 0.013859375000000066 0.017602777777777853
0 0.6033541666666666 0.9559074074074075 0.011885416666666633 0.022296296296296335
0 0.8835651041666668 0.45188611111111116 0.008578125000000015 0.018775925925925894
0 0.8518828124999999 0.43193657407407404 0.009901041666666662 0.014082407407407412
0 0.8581510416666667 0.45481990740740746 0.014520833333333271 0.0176027777777778
3 0.8637630208333333 0.43663055555555563 0.05346354166666671 0.07745185185185183
3 0.33964401041666664 0.27351250000000005 0.04422656249999998 0.06806388888888891
3 0.24491953125 0.37795509259259263 0.0554484375 0.11031018518518518
3 0.18221015625 0.3750212962962963 0.06997031249999998 0.1185240740740741
3 0.3442645833333334 0.7528912037037037 0.06270937499999996 0.08331944444444446
3 0.617546875 0.9418245370370371 0.06403125000000003 0.10209166666666658
3 0.7294322916666667 0.4829837962962963 0.07129166666666673 0.14434166666666667
3 0.7756380208333333 0.5199495370370371 0.06865104166666676 0.10561574074074075
