0 0.18683098958333333 0.4665550925925926 0.007921354166666669 0.01994907407407409
0 0.16240703125 0.4659680555555556 0.022443229166666672 0.014082407407407412
0 0.16273723958333336 0.4847444444444445 0.02310364583333332 0.01642962962962955
0 0.23996901041666666 0.4202013888888889 0.013861979166666672 0.0164287037037037
0 0.26604296875 0.4072925925925926 0.007921354166666698 0.016429629629629603
0 0.031707447916666666 0.2740990740740741 0.015842395833333335 0.015255555555555555
0 0.35581640625 0.7716675925925925 0.02112343750000001 0.012909259259259266
0 0.35812682291666664 0.7898569444444444 0.0165026041666667 0.014082407407407358
0 0.33271276041666664 0.7792953703703704 0.009241145833333301 0.023470370370370332
0 0.8918177083333333 0.5856662037037038 0.017166666666666684 0.021123148148148137
0 0.9000703125 0.6003351851851852 0.015182291666666714 0.01994999999999994
0 0.8657447916666666 0.5956412037037038 0.021781250000000085 0.02229722222222224
0 0.730421875 0.5041069444444445 0.01121874999999998 0.017602777777777853
0 0.6944479166666667 0.5064541666666666 0.011885416666666633 0.019949074074074143
0 0.8518828124999999 0.4348699074074074 0.009901041666666662 0.0176027777777778
0 0.86409375 0.4565800925925926 0.01584375000000004 0.01877685185185185
3 0.63371875 0.9277430555555556 0.05940624999999997 0.0950509259259259
0 0.6522005208333332 0.9377222222222222 0.00792187500000002 0.016425925925925934
3 0.8644244791666668 0.43956435185185183 0.04554687500000002 0.07627870370370368
3 0.8779557291666668 0.5692375 0.07393229166666669 0.11735092592592586
3 0.7122708333333333 0.4554069444444445 0.07261458333333337 0.14082129629629633
3 0.24458958333333333 0.38675601851851854 0.06138958333333336 0.11383055555555557
3 0.1650473958333333 0.43545694444444444 0.05412812499999999 0.12439166666666669
3 0.0300571875 0.254149537037037 0.049507499999999996 0.07393055555555555
3 0.35185572916666663 0.7710810185185185 0.05544791666666669 0.08918611111111113
