0 0.20531380208333333 0.6730925925925927 0.025083854166666666 0.015255555555555555
0 0.20729401041666667 0.6906958333333334 0.022443229166666672 0.01760277777777775
0 0.17824973958333334 0.676613425925926 0.011881770833333328 0.019949074074074036
0 0.20564375000000001 0.45012546296296296 0.008581249999999999 0.0176027777777778
0 0.17593932291666667 0.4577537037037037 0.013861979166666672 0.016429629629629603
0 0.37858958333333337 0.7892703703703704 0.015182291666666655 0.017601851851851844
0 0.35713645833333335 0.7710810185185185 0.015842708333333278 0.021123148148148137
0 0.3495453125 0.7892703703703704 0.012541666666666687 0.017601851851851844
0 0.8901692708333333 0.6243921296296296 0.020463541666666647 0.021123148148148137
0 0.8627734375 0.6120703703703705 0.018484375000000004 0.01994999999999994
0 0.8548515625 0.6261523148148148 0.01716145833333336 0.02229722222222224
0 0.7617786458333333 0.5340314814814815 0.011880208333333305 0.018775925925925946
0 0.7244817708333334 0.5346185185185186 0.013859374999999948 0.017601851851851844
0 0.6248072916666667 0.9383055555555557 0.0112187500000001 0.022296296296296335
0 0.8525390625 0.4360435185185186 0.00990104166666678 0.015255555555555555
0 0.8647526041666667 0.4565800925925926 0.0145260416666666 0.0164287037037037
3 0.8654114583333334 0.43839074074074075 0.046208333333333344 0.07393148148148149
3 0.8756458333333333 0.6003351851851851 0.07459374999999989 0.11617777777777777
3 0.7439557291666666 0.4859180555555556 0.07393229166666657 0.14551574074074072
3 0.36901822916666666 0.7675601851851851 0.0646895833333333 0.1009222222222222
3 0.18584062499999998 0.42313518518518517 0.06931041666666665 0.12791296296296292
3 0.20201328124999998 0.6414078703703704 0.062049479166666664 0.1396472222222222
3 0.6413098958333333 0.9171833333333334 0.0640260416666667 0.09270740740740732
