0 0.22874713541666666 0.7077111111111111 0.020463020833333328 0.023470370370370332
0 0.23501796875 0.7259009259259259 0.01848281250000001 0.01994999999999994
0 0.19937265625 0.7206199074074076 0.018482812499999984 0.021123148148148137
0 0.9241614583333333 0.24534814814814815 0.021125000000000088 0.016429629629629655
2 0.9268046875000001 0.2377203703703704 0.0330052083333334 0.07158333333333332
0 0.14557473958333333 0.5921208333333333 0.013861979166666642 0.01760277777777775
0 0.11124947916666666 0.5956412037037038 0.012541666666666673 0.019949074074074143
0 0.35317604166666666 0.7435032407407408 0.019803125000000026 0.017602777777777853
0 0.3584567708333334 0.7622796296296296 0.014521874999999972 0.01760185185185195
0 0.3297424479166667 0.7575856481481482 0.011221354166666704 0.01760277777777775
0 0.9769713541666666 0.6384740740740741 0.01716145833333336 0.023470370370370332
0 0.9340651041666667 0.6085499999999999 0.013203124999999953 0.015255555555555555
0 0.9433046875 0.6337800925925927 0.021119791666666762 0.021123148148148137
0 0.8462708333333334 0.6050291666666666 0.011885416666666633 0.019949074074074036
0 0.8073255208333333 0.6044425925925926 0.013203124999999953 0.018775925925925946
0 0.6640807291666667 0.9430000000000001 0.00792187500000002 0.019944444444444518
0 0.8578229166666667 0.4401509259259259 0.012541666666666628 0.018775925925925946
0 0.87465625 0.4595138888888889 0.014520833333333271 0.015255555555555555
0 0.8502317708333332 0.4536462962962963 0.009244791666666667 0.012909259259259266
3 0.6413072916666667 0.9212893518518519 0.06798958333333331 0.09153240740740742
3 0.9525468749999999 0.6108967592592593 0.07920833333333341 0.11148425925925928
3 0.8687135416666667 0.44132453703703706 0.05940624999999997 0.08214537037037041
3 0.8274583333333333 0.5539814814814814 0.07855208333333341 0.15255555555555556
3 0.34723515624999995 0.745263888888889 0.06336927083333332 0.09153333333333333
3 0.21554531249999997 0.6795472222222223 0.07855208333333333 0.14316851851851847
3 0.12808203125 0.5610222222222222 0.08317239583333332 0.138474074074074
