0 0.17421875 0.7101851851851853 0.0203125 0.024074074074074074
0 0.18229166666666666 0.7277777777777779 0.016666666666666666 0.02777777777777778
0 0.14427083333333332 0.7273148148148149 0.019791666666666666 0.02314814814814815
0 0.8807291666666667 0.2152777777777778 0.017708333333333333 0.017592592592592594
2 0.890625 0.2111111111111111 0.0375 0.07407407407407407
0 0.24375 0.6675925925925926 0.016666666666666666 0.018518518518518517
0 0.21276041666666667 0.6606481481481482 0.0109375 0.017592592592592594
0 0.25286458333333334 0.7662037037037037 0.0109375 0.02314814814814815
0 0.22421875 0.7726851851851853 0.0140625 0.017592592592592594
0 0.9703125 0.6231481481481481 0.016666666666666666 0.02592592592592593
0 0.8890625 0.6625 0.015625 0.017592592592592594
0 0.8484375 0.6546296296296297 0.0125 0.022222222222222223
0 0.6638020833333333 0.9185185185185185 0.008854166666666666 0.018518518518518517
0 0.6278645833333333 0.8907407407407407 0.0109375 0.020370370370370372
0 0.6309895833333333 0.9203703703703704 0.009895833333333333 0.020370370370370372
0 0.87265625 0.4601851851851852 0.015104166666666667 0.014814814814814815
0 0.8606770833333334 0.437962962962963 0.009895833333333333 0.014814814814814815
3 0.9744791666666667 0.6046296296296296 0.051041666666666666 0.11666666666666667
3 0.6427083333333333 0.8949074074074075 0.0625 0.09166666666666667
3 0.8736979166666666 0.4425925925925926 0.04739583333333333 0.07592592592592592
3 0.8723958333333334 0.6078703703703704 0.08020833333333333 0.1564814814814815
3 0.23333333333333334 0.6277777777777778 0.07395833333333333 0.13518518518518519
3 0.23619791666666667 0.7564814814814815 0.06614583333333333 0.08703703703703704
3 0.15911458333333334 0.6875 0.08385416666666666 0.14537037037037037
