3 0.6264583333333333 0.5627828703703703 0.05940624999999997 0.09740092592592602
3 0.9225130208333333 0.4782898148148148 0.044223958333333376 0.06219629629629632
3 0.8594713541666666 0.40083842592592595 0.047526041666666664 0.0668898148148148
2 0.9076614583333333 0.4190277777777778 0.025083333333333256 0.05163518518518521
0 0.9106302083333334 0.4202013888888889 0.01121874999999998 0.0164287037037037
0 0.9109583333333333 0.4841578703703704 0.010562499999999985 0.01760277777777775
0 0.9304322916666666 0.49530601851851846 0.012541666666666628 0.01642870370370375
0 0.6370182291666667 0.5897736111111112 0.013203124999999953 0.01760277777777775
0 0.8545208333333334 0.40377222222222225 0.012541666666666628 0.018775925925925946
0 0.8499010416666666 0.41550740740740744 0.013864583333333276 0.016429629629629655
0 0.8700338541666666 0.4172675925925926 0.011880208333333305 0.015255555555555555
