0 0.32743203125 0.7124055555555556 0.01320156249999999 0.018775925925925946
0 0.2931067708333333 0.7094717592592592 0.01320208333333331 0.019949074074074036
0 0.010914283854166665 0.677786574074074 0.017822682291666666 0.01760277777777775
0 0.78125 0.8297564814814815 0.008583333333333342 0.02581666666666662
0 0.7498958333333333 0.8414916666666667 0.02376041666666661 0.018775925925925946
0 0.7317421875000001 0.8133273148148148 0.01122395833333331 0.02816388888888892
0 0.7215130208333334 0.8215416666666667 0.00792187500000002 0.03051111111111111
0 0.5139096354166667 0.8326902777777777 0.015180729166666632 0.019949074074074036
0 0.6079739583333333 0.9441712962962963 0.013197916666666623 0.01995370370370377
0 0.6129244791666667 0.9758564814814817 0.015182291666666714 0.01995370370370366
3 0.7505572916666667 0.8086333333333334 0.0712916666666666 0.11265740740740737
3 0.5109388020833333 0.7722546296296297 0.06600781249999994 0.15490370370370377
3 0.3072989583333333 0.6730925925925927 0.07591145833333333 0.1396481481481482
3 0.007283750000000002 0.657250462962963 0.06072916666666666 0.07745092592592598
3 0.6178776041666667 0.9512152777777778 0.0633697916666667 0.08801388888888885
