0 0.3287520833333333 0.7112319444444445 0.01320208333333337 0.01877685185185185
0 0.29343697916666667 0.7077111111111111 0.012541666666666628 0.018775925925925946
0 0.0425990625 0.6748532407407407 0.017822708333333333 0.021123148148148245
0 0.050520338541666675 0.6918689814814815 0.011221822916666669 0.02229722222222224
0 0.019825625000000003 0.697149537037037 0.014522187500000002 0.01642870370370375
0 0.7515468750000001 0.8356236111111112 0.02442708333333338 0.021123148148148137
0 0.7330651041666667 0.8115671296296297 0.009901041666666662 0.017602777777777853
0 0.43304791666666664 0.8168481481481482 0.017162499999999997 0.018775925925925946
0 0.6066536458333334 0.9559074074074075 0.01583854166666671 0.02464814814814815
0 0.6013723958333334 0.9218768518518519 0.013203124999999953 0.01994999999999994
0 0.30663906250000006 0.3885166666666667 0.015182291666666655 0.018775925925925946
0 0.32512161458333333 0.4008384259259259 0.012542187500000008 0.0176027777777778
0 0.30036796875 0.4031856481481482 0.010561979166666664 0.0176027777777778
3 0.7498958333333334 0.805699537037037 0.06864583333333331 0.11617685185185186
3 0.61490625 0.9341976851851853 0.06666666666666667 0.10091944444444449
3 0.433378125 0.7564120370370371 0.06666979166666671 0.15138333333333337
3 0.30993932291666665 0.6725060185185184 0.07723177083333331 0.13847500000000001
3 0.31489010416666663 0.38558287037037037 0.0528083333333333 0.07627870370370374
3 0.033357734375 0.6795472222222223 0.06931057291666667 0.08449259259259266
