0 0.32743203125 0.7106449074074074 0.01320156249999999 0.01760277777777775
0 0.2927768229166666 0.7082981481481482 0.013861979166666672 0.019950000000000048
0 0.006623643229166667 0.6648782407407409 0.014522192708333333 0.02229722222222224
0 0.015204947916666666 0.6795472222222223 0.011881770833333334 0.01877592592592584
0 0.6736536458333333 0.8139143518518519 0.008578125000000015 0.024643518518518526
0 0.6416380208333334 0.8209550925925926 0.02376562499999994 0.02229722222222224
0 0.625796875 0.7974847222222222 0.011885416666666752 0.01760277777777775
0 0.46704296875 0.8362106481481483 0.0165026041666667 0.019949074074074036
0 0.64428125 0.9582546296296296 0.009239583333333337 0.015250000000000026
0 0.6073151041666667 0.9295041666666666 0.01320312500000007 0.02112129629629633
0 0.6132552083333334 0.963537037037037 0.01584375000000004 0.02112962962962957
0 0.26439244791666666 0.40494583333333334 0.016502604166666667 0.014082407407407412
0 0.28287526041666666 0.4155069444444444 0.009901562499999983 0.014082407407407412
0 0.259771875 0.4225481481481481 0.012541666666666687 0.016429629629629603
3 0.6429583333333333 0.7892699074074073 0.07525000000000001 0.11383055555555557
3 0.2706635416666667 0.40377175925925923 0.054128124999999964 0.07510462962962963
3 0.46737317708333337 0.7787087962962963 0.07129114583333335 0.15607685185185186
3 0.30894947916666665 0.6695722222222221 0.07393125000000005 0.15138333333333337
3 -0.0049280989583333325 0.6642916666666666 0.06667005208333332 0.09622777777777783
3 0.6211744791666667 0.9418245370370371 0.06865104166666663 0.10209166666666658
