0 0.3964125 0.7704939814814815 0.007261458333333337 0.01760277777777775
0 0.37165885416666666 0.7810560185185186 0.021122916666666686 0.017602777777777853
0 0.36142708333333334 0.7552384259259259 0.008581249999999999 0.01760277777777775
0 0.8442916666666667 0.29522268518518524 0.01452083333333339 0.0176027777777778
2 0.8518828125 0.28231342592592595 0.029703125000000104 0.048113888888888914
0 0.3340330729166666 0.7165125 0.013201562500000048 0.017602777777777853
0 0.30894921875 0.7100583333333335 0.007921354166666698 0.016429629629629655
0 0.7670572916666667 0.646102314814815 0.019802083333333324 0.017602777777777853
0 0.7373541666666666 0.6378875 0.01452083333333339 0.022297222222222135
0 0.6208463541666667 0.5134953703703704 0.013859374999999948 0.015255555555555555
3 0.7564973958333333 0.6267388888888888 0.0594114583333333 0.08449259259259266
3 0.6264557291666667 0.4812236111111111 0.05413020833333337 0.10561574074074075
3 0.3261119791666667 0.6637046296296296 0.0633697916666667 0.15842407407407413
3 0.37363906249999995 0.7435037037037037 0.05412812500000002 0.11148333333333327
