0 0.24755989583333332 0.833276851851852 0.021122916666666686 0.016429629629629655
0 0.23204765624999998 0.8109805555555556 0.009901562499999983 0.018775925925925946
0 0.9139296874999999 0.3145851851851852 0.019140625 0.016429629629629655
2 0.9126119791666667 0.30050324074074075 0.02442187500000005 0.04693981481481481
0 0.33469322916666666 0.717099537037037 0.01320208333333331 0.01642870370370375
0 0.309609375 0.7112319444444445 0.007920833333333318 0.016428703703703647
0 0.07593411458333332 0.6361268518518519 0.0211234375 0.01173518518518527
0 0.07989479166666666 0.6507958333333334 0.014521875000000002 0.01760277777777775
0 0.05745130208333333 0.6519699074074075 0.00924114583333333 0.017602777777777853
0 0.8109557291666666 0.6337800925925926 0.01122395833333331 0.01877685185185185
0 0.7855416666666667 0.6208717592592593 0.019802083333333324 0.01642870370370375
0 0.7819114583333333 0.6361273148148149 0.019145833333333327 0.01877685185185185
0 0.6403177083333332 0.509975 0.009239583333333337 0.015255555555555555
0 0.6132552083333332 0.49706620370370375 0.00791666666666669 0.01760277777777775
3 0.07065325520833332 0.6361273148148149 0.05016744791666666 0.06806388888888891
3 0.32677187500000004 0.6713324074074074 0.06468958333333337 0.14316851851851858
3 0.6333880208333333 0.4759430555555556 0.052151041666666724 0.11617685185185186
3 0.7908229166666667 0.6150041666666667 0.05677083333333333 0.09857499999999991
3 0.24755989583333332 0.795724537037037 0.05412812500000002 0.12204537037037046
