3 0.2297372395833333 0.28055324074074073 0.11881822916666665 0.14786203703703707
3 0.5885 0.5915337962962963 0.09835416666666662 0.14551574074074067
3 0.5122585937499999 0.8367976851851852 0.11353489583333332 0.14786203703703707
0 0.2594416666666667 0.26940555555555556 0.01716250000000003 0.026990740740740773
0 0.18353046875 0.3087180555555556 0.01848281250000001 0.0328583333333333
0 0.23765859374999998 0.32280000000000003 0.03564531250000001 0.028164814814814823
0 0.6033541666666666 0.5927074074074075 0.03168749999999996 0.028164814814814823
0 0.61490625 0.6232185185185186 0.021781249999999967 0.0352055555555555
0 0.5690286458333332 0.6214583333333333 0.025088541666666585 0.029337037037037116
2 0.5347020833333332 0.8737611111111112 0.06864791666666666 0.1396444444444445
0 0.5178713541666667 0.8802171296296296 0.02970520833333333 0.025817592592592628
