0 0.3498752604166667 0.8238888888888889 0.011881770833333328 0.02112407407407404
0 0.38585078125 0.8027657407407407 0.009901562500000042 0.011735185185185166
0 0.3455846354166667 0.7347023148148147 0.013861979166666672 0.01642870370370375
0 0.3191807291666667 0.7288347222222222 0.008581249999999999 0.01642870370370375
0 0.06570260416666666 0.6748527777777779 0.011221874999999996 0.018775925925925946
0 0.05778140625 0.7000837962962964 0.013862187500000005 0.01760277777777775
0 0.8294401041666667 0.6607708333333333 0.015182291666666596 0.01642870370370375
0 0.8043541666666667 0.6431680555555556 0.016500000000000032 0.021123148148148137
0 0.7984140624999999 0.6584236111111113 0.01650520833333336 0.021123148148148137
0 0.7244817708333334 0.5733444444444444 0.013859374999999948 0.017601851851851844
0 0.6997291666666666 0.5569152777777777 0.006604166666666581 0.017602777777777853
0 0.9815911458333333 0.5381393518518518 0.011880208333333305 0.017602777777777853
0 0.9733411458333333 0.5140824074074075 0.009901041666666662 0.01877592592592584
3 0.8119453124999999 0.6384740740740741 0.06204687500000006 0.09622777777777772
3 0.7208515624999999 0.5322712962962963 0.05148437500000007 0.11148333333333327
3 0.33469296875 0.6901087962962963 0.062049479166666664 0.14316759259259268
3 0.37165885416666666 0.7939643518518519 0.056768749999999986 0.12791203703703702
3 0.055801119791666666 0.6801342592592593 0.04818734375 0.069237037037037
3 0.9881901041666666 0.5222967592592593 0.047526041666666664 0.0704101851851852
