0 0.8522109374999999 0.2846606481481481 0.014526041666666718 0.0176027777777778
2 0.8584817708333332 0.2717523148148148 0.028380208333333337 0.04811388888888886
2 0.013884739583333331 0.7787087962962963 0.042246354166666666 0.08566574074074075
0 0.3591166666666667 0.715338888888889 0.01320208333333331 0.015255555555555555
0 0.33172265625 0.7118189814814815 0.011221354166666645 0.01760277777777775
0 0.6825651041666667 0.4882648148148149 0.018484375000000004 0.016429629629629655
0 0.6584739583333333 0.479463425925926 0.007260416666666695 0.02229722222222224
0 0.6439505208333334 0.5082143518518518 0.011223958333333428 0.01642870370370375
3 0.6317369791666666 0.47359629629629635 0.05413020833333337 0.11617777777777781
3 0.6779453125 0.4694888888888889 0.047526041666666664 0.07275740740740738
3 0.34723515625 0.6895222222222223 0.06600989583333335 0.11148333333333338
