0 0.4449296875 0.833863425925926 0.021122916666666686 0.01760277777777775
0 0.41753567708333333 0.8279958333333334 0.009901562499999983 0.024643518518518526
0 0.9145911458333333 0.31693240740740747 0.019140625 0.016429629629629603
2 0.9122812499999999 0.30050324074074075 0.025083333333333374 0.04928796296296296
0 0.366378125 0.7499578703703704 0.01320208333333331 0.01642870370370375
0 0.3393138020833334 0.7470236111111112 0.00924114583333336 0.017602777777777853
0 0.060421875 0.6848277777777778 0.012541666666666673 0.022296296296296335
0 0.06933307291666667 0.69715 0.009241145833333337 0.018775925925925946
0 0.04556958333333333 0.7053643518518519 0.014522291666666668 0.016428703703703647
0 0.7320729166666666 0.7317685185185185 0.011885416666666633 0.022296296296296335
0 0.7234921875 0.7423300925925926 0.009244791666666667 0.022297222222222135
0 0.7495677083333334 0.7593458333333333 0.023104166666666613 0.01877685185185185
0 0.7980833333333334 0.647275925925926 0.010562499999999985 0.015255555555555555
0 0.7663984375 0.6537300925925926 0.011880208333333423 0.016428703703703647
3 0.7792708333333334 0.6150037037037037 0.06666666666666667 0.11969814814814815
3 0.7465963541666667 0.7305944444444445 0.05676562500000001 0.09270740740740743
3 0.3554861979166667 0.7071245370370371 0.06799010416666663 0.15138240740740747
3 0.4383286458333333 0.7974847222222222 0.06072916666666662 0.12556574074074084
3 0.051180468750000006 0.6824810185185186 0.053468229166666666 0.07862500000000007
