0 0.44261953125000003 0.833863425925926 0.020463020833333387 0.01760277777777775
0 0.41687552083333335 0.8268226851851852 0.011221874999999966 0.02229722222222224
0 0.8284479166666666 0.2840740740740741 0.014520833333333271 0.018775925925925946
2 0.8357083333333333 0.2711657407407408 0.02904166666666666 0.04694074074074071
0 0.3660479166666667 0.7505444444444445 0.012541666666666628 0.01994999999999994
0 0.3386536458333333 0.7464370370370371 0.009241666666666681 0.018775925925925946
0 0.05745119791666666 0.7124055555555556 0.013201770833333336 0.018775925925925946
0 0.032697578125 0.7194462962962963 0.01386213541666667 0.01877592592592584
0 0.7875208333333333 0.7593458333333333 0.01584375000000004 0.01877685185185185
0 0.7614453124999999 0.7429166666666666 0.020463541666666647 0.02112407407407404
0 0.7561666666666668 0.7587592592592594 0.020458333333333318 0.01994999999999994
0 0.9010572916666666 0.6895217592592593 0.01452083333333339 0.01760277777777775
0 0.8687135416666666 0.677786574074074 0.00791666666666669 0.01760277777777775
3 0.8951171875 0.6560768518518518 0.0633697916666667 0.11265740740740748
3 0.7696979166666668 0.7352884259259259 0.06468750000000002 0.1020953703703704
3 0.4379986979166666 0.7980717592592593 0.05742864583333335 0.12439166666666673
3 0.35449609374999996 0.7082981481481482 0.06865052083333338 0.14903518518518527
3 0.045239453125 0.7041912037037037 0.06006901041666667 0.07510462962962958
