0 0.43964895833333334 0.834450462962963 0.02244374999999999 0.016428703703703647
0 0.41555546875 0.8238888888888889 0.007260937500000016 0.02581666666666662
0 0.8713541666666667 0.3145851851851852 0.017166666666666684 0.016429629629629655
2 0.8772968749999999 0.29932962962962967 0.03036458333333331 0.04928703703703705
0 0.36538776041666665 0.7499578703703704 0.012542187500000008 0.01642870370370375
0 0.33799375000000004 0.7476106481481481 0.009241666666666681 0.01642870370370375
0 0.059761718750000005 0.706537962962963 0.009901562500000006 0.018775925925925946
0 0.035007916666666666 0.715338888888889 0.013201979166666666 0.019950000000000048
0 0.6710130208333334 0.8186078703703704 0.021786458333333297 0.01760277777777775
0 0.6452708333333333 0.8080467592592592 0.008583333333333342 0.017602777777777853
0 0.9235026041666666 0.6918689814814815 0.011880208333333305 0.017602777777777853
0 0.8904973958333334 0.6842412037037038 0.01320312500000007 0.016428703703703647
3 0.904359375 0.6537300925925926 0.0712916666666666 0.12908611111111112
3 0.6683723958333334 0.7898574074074075 0.05610937500000001 0.09622777777777783
3 0.43865885416666667 0.795725 0.05478854166666664 0.11969814814814815
3 0.35317578125 0.7124055555555556 0.06865052083333331 0.14551481481481476
3 0.045899557291666664 0.7006703703703704 0.058748802083333336 0.0680629629629629
