0 0.43997916666666664 0.834450462962963 0.02178333333333337 0.016428703703703647
0 0.416215625 0.8250620370370371 0.008581249999999999 0.023470370370370332
0 0.9479270833333333 0.3145856481481482 0.02112499999999997 0.014082407407407412
2 0.9475963541666667 0.2999162037037037 0.025744791666666583 0.048113888888888914
0 0.36538776041666665 0.7499578703703704 0.012542187500000008 0.01642870370370375
0 0.33832369791666667 0.7493708333333334 0.009901562499999983 0.01760277777777775
0 0.053490807291666664 0.6936291666666667 0.018482968750000002 0.01877685185185185
0 0.060421875 0.7100583333333335 0.012541666666666673 0.01877592592592584
0 0.034677864583333336 0.7129921296296297 0.013862083333333334 0.017602777777777853
0 0.64725 0.8074597222222222 0.007260416666666695 0.021123148148148137
0 0.9185494791666665 0.6854148148148149 0.009901041666666662 0.01877592592592584
0 0.8881848958333334 0.6948027777777778 0.015182291666666714 0.01877592592592584
0 0.6729947916666668 0.8197819444444445 0.021781249999999967 0.01760277777777775
3 0.8970989583333332 0.6549032407407407 0.06733333333333331 0.12439166666666664
3 0.6696927083333333 0.7898574074074075 0.053468750000000044 0.09622777777777783
3 0.35350598958333335 0.7047773148148149 0.06534947916666667 0.15607685185185186
3 0.43766875000000005 0.7998319444444446 0.05412812500000002 0.12087129629629635
3 0.046229609375 0.6948027777777778 0.058088697916666675 0.08214629629629626
3 1.0013932291666667 0.5557416666666667 0.04884895833333332 0.07393148148148149
