3 0.3934421875 0.479463425925926 0.040926041666666656 0.06688981481481486
3 0.4379986979166666 0.6144171296296297 0.03366510416666664 0.07393055555555558
3 0.26109192708333334 0.44953888888888893 0.03630572916666666 0.04694074074074077
3 0.25911171875 0.5651296296296295 0.04950781250000003 0.06454259259259261
3 0.6990677083333333 0.4559930555555556 0.02376041666666661 0.041073148148148185
3 0.4888265625 0.3538981481481482 0.01914270833333334 0.026990740740740773
3 0.54559375 0.36915370370370376 0.016500000000000032 0.022296296296296283
4 0.609625 0.29052824074074074 0.02573958333333337 0.04107314814814813
0 0.6069843749999999 0.2870078703703704 0.004624999999999938 0.010562037037037073
0 0.609625 0.28994166666666665 0.004625000000000057 0.011735185185185166
0 0.6023619791666666 0.3010902777777778 0.004619791666666729 0.012908333333333362
0 0.4865161458333333 0.3556578703703704 0.007920833333333377 0.009387962962962973
0 0.5459244791666666 0.3685666666666667 0.009244791666666667 0.007040740740740727
0 0.48486588541666664 0.3621125 0.007260937500000016 0.008213888888888871
0 0.39839296874999997 0.49706620370370375 0.009901562499999983 0.012908333333333362
0 0.38156015625 0.4929587962962964 0.007921354166666698 0.01642870370370375
0 0.7040182291666668 0.4683148148148148 0.008578125000000015 0.011735185185185166
0 0.6914765625 0.4624476851851852 0.005942708333333257 0.011734259259259208
0 0.2409591145833333 0.5803851851851852 0.007921354166666669 0.015255555555555555
0 0.26901328125 0.5563287037037038 0.009901562499999983 0.016429629629629655
0 0.2637325520833333 0.578038425925926 0.013861979166666642 0.017602777777777853
0 0.43832890625 0.6308462962962964 0.014522395833333352 0.015255555555555555
0 0.26472239583333335 0.4589273148148148 0.01320208333333334 0.0164287037037037
2 0.3693484375 0.8186078703703705 0.05478854166666664 0.11383055555555557
0 0.3802401041666667 0.8279958333333334 0.027723958333333344 0.03637870370370369
