0 0.37561927083333335 0.7822291666666668 0.009241666666666681 0.022297222222222135
0 0.3409640625 0.7974847222222222 0.007261458333333337 0.024643518518518526
0 0.9756510416666666 0.3098912037037037 0.019802083333333324 0.014082407407407412
2 0.974328125 0.2946356481481482 0.025083333333333256 0.04693981481481481
0 0.33964401041666664 0.7481972222222224 0.007260937500000016 0.015255555555555555
0 0.24062890625 0.4653814814814815 0.009901562499999983 0.015255555555555555
0 0.23006744791666667 0.4847444444444445 0.013861979166666642 0.01408148148148156
0 0.984890625 0.6202847222222223 0.01452083333333339 0.02229722222222224
0 0.9650885416666667 0.6390611111111111 0.02244791666666662 0.01994999999999994
0 0.5789296875000001 0.8068726851851852 0.01583854166666671 0.01760277777777775
0 0.9561770833333333 0.6713324074074074 0.00990624999999999 0.018775925925925946
0 0.931421875 0.6730930555555555 0.01584375000000004 0.017602777777777853
0 0.8386796874999999 0.7435032407407408 0.016505208333333243 0.017602777777777853
0 0.82415625 0.7212064814814815 0.012541666666666748 0.019950000000000048
0 0.8155755208333334 0.7311814814814814 0.008578125000000015 0.016429629629629655
3 0.9683880208333332 0.6108967592592593 0.05280729166666672 0.09036018518518514
3 0.9383541666666666 0.6601842592592593 0.05214583333333339 0.07627777777777778
3 0.8330677083333333 0.7288347222222222 0.05016666666666675 0.07979907407407406
3 0.5805807291666667 0.7663870370370371 0.060067708333333414 0.11969814814814815
3 0.23237786458333332 0.46890185185185185 0.042246354166666666 0.06923703703703706
3 0.3564765625 0.7024305555555556 0.0699708333333333 0.1396481481481481
3 0.36175729166666665 0.7734282407407408 0.0514875 0.11735092592592596
