0 0.376609375 0.795725 0.011221875000000025 0.023470370370370437
0 0.3561463541666666 0.8191949074074073 0.02178333333333331 0.021123148148148137
0 0.9122812499999999 0.312825 0.019802083333333324 0.015255555555555555
2 0.9103020833333333 0.2963958333333333 0.025083333333333256 0.048113888888888914
0 0.32875234375 0.7341152777777779 0.00924114583333336 0.01760277777777775
0 0.18584088541666666 0.4471921296296296 0.009901562499999983 0.014082407407407412
0 0.18089010416666665 0.4671416666666667 0.01320208333333334 0.014081481481481454
0 0.16174713541666663 0.4624476851851852 0.007921354166666669 0.0164287037037037
0 0.3475651041666667 0.3621125 0.005940625000000033 0.012908333333333362
0 0.3333729166666667 0.35683148148148147 0.017162499999999997 0.011735185185185166
0 0.33238281249999996 0.3720875 0.012541666666666687 0.014082407407407412
0 0.50664921875 0.8133273148148149 0.013861979166666672 0.016428703703703647
0 0.6264557291666667 0.8573337962962962 0.00792187500000002 0.017602777777777853
0 0.5977421875 0.8397310185185185 0.009901041666666662 0.01760277777777775
0 0.6036848958333334 0.8684824074074075 0.015182291666666714 0.01642962962962955
0 0.6426276041666665 0.7446768518518518 0.009901041666666662 0.019950000000000048
0 0.6568229166666666 0.7675601851851851 0.014520833333333271 0.016429629629629655
0 0.6343776041666667 0.7569990740740741 0.007921874999999901 0.018775925925925946
3 0.3353533854166667 0.35331111111111113 0.035645312499999984 0.06571666666666666
3 0.6528619791666666 0.7528912037037037 0.048848958333333435 0.07862500000000007
3 0.6069843749999999 0.8438388888888889 0.050822916666666745 0.07745185185185177
3 0.5079700520833333 0.7722546296296298 0.06007031250000002 0.12439259259259254
3 0.3442645833333334 0.6889351851851852 0.06666979166666664 0.15959814814814813
3 0.36241744791666664 0.7839898148148149 0.05940885416666669 0.11969814814814815
3 0.17626927083333332 0.4530597222222222 0.04620729166666668 0.06806388888888885
