0 0.3766096354166667 0.795137962962963 0.013861979166666672 0.019950000000000048
0 0.38420052083333334 0.8139138888888889 0.010561458333333343 0.015255555555555555
0 0.35680651041666667 0.8168476851851852 0.020463020833333328 0.021123148148148137
0 0.823828125 0.27996712962962966 0.01452083333333339 0.0176027777777778
2 0.8307578124999999 0.26705833333333334 0.028380208333333337 0.045766666666666664
0 0.32842239583333327 0.7347023148148147 0.008581249999999999 0.01642870370370375
0 0.3548260416666667 0.43428333333333335 0.008581249999999999 0.014081481481481454
0 0.3485552083333333 0.4542328703703704 0.01320208333333331 0.014082407407407412
0 0.5069791666666666 0.8191949074074074 0.014521875000000031 0.01877685185185185
0 0.6026927083333333 0.833863425925926 0.0066041666666667 0.01760277777777775
0 0.5733203125 0.8203685185185186 0.009901041666666662 0.016429629629629655
0 0.5825598958333332 0.8485324074074074 0.015182291666666596 0.016429629629629655
0 0.6604531250000001 0.7669736111111112 0.013864583333333395 0.01760277777777775
0 0.6459296875 0.7440902777777778 0.01122395833333331 0.01877685185185185
0 0.6376770833333334 0.7564120370370371 0.010562499999999985 0.01994999999999994
3 0.6551718750000001 0.7476106481481481 0.04686458333333334 0.08214537037037035
3 0.5848697916666665 0.8297560185185187 0.046208333333333344 0.07510462962962958
3 0.5109406249999999 0.7798819444444445 0.05941041666666666 0.12556574074074073
3 0.34162421875 0.6942157407407408 0.060069270833333376 0.14668888888888887
3 0.36142734374999996 0.7816425925925926 0.06006927083333332 0.11500370370370366
3 0.34723515625 0.4401509259259259 0.038285937500000006 0.06102222222222222
