0 0.37825989583333336 0.7939643518518519 0.01320208333333331 0.019949074074074143
0 0.38585104166666667 0.8103935185185186 0.008581249999999999 0.012909259259259266
0 0.35944687499999994 0.8168481481481482 0.02178333333333331 0.018775925925925946
0 0.8607942708333333 0.3063708333333333 0.01716145833333336 0.0164287037037037
2 0.8673958333333334 0.29287546296296296 0.03036458333333331 0.04576759259259257
0 0.3294122395833333 0.7364625 0.009241145833333301 0.01760277777777775
0 0.5069791666666666 0.42313518518518517 0.010561458333333343 0.015255555555555555
0 0.6436197916666666 0.4665546296296297 0.00923958333333322 0.015255555555555503
0 0.63371875 0.4847444444444445 0.01452083333333339 0.01408148148148156
0 0.5208403645833334 0.8174347222222224 0.01584010416666667 0.017602777777777853
0 0.5795911458333334 0.844425462962963 0.00792187500000002 0.019949074074074036
0 0.5505468750000001 0.8291699074074075 0.009239583333333337 0.01760277777777775
0 0.5568177083333334 0.8579208333333334 0.013864583333333395 0.01642870370370375
0 0.6459296875 0.7440902777777778 0.01122395833333331 0.01877685185185185
0 0.6611119791666666 0.7681472222222222 0.013859375000000066 0.015255555555555555
0 0.6380104166666667 0.7581722222222222 0.008583333333333342 0.018775925925925946
3 0.6558307291666667 0.7493708333333334 0.046869791666666674 0.08331944444444446
3 0.6350390625000001 0.4671416666666667 0.03696354166666668 0.07041111111111109
3 0.5617682291666667 0.8373842592592593 0.047526041666666664 0.07158333333333329
3 0.5162216145833334 0.7716675925925927 0.06469218749999997 0.12321851851851844
3 0.36340729166666663 0.7816425925925926 0.05874895833333333 0.11969814814814815
3 0.34327447916666665 0.6948027777777778 0.0633697916666667 0.14316851851851847
3 0.4947671875 0.41961481481481483 0.03894583333333331 0.05750185185185189
