0 0.37759973958333337 0.7933773148148149 0.011881770833333328 0.021123148148148137
0 0.3851908854166667 0.8109800925925926 0.009901562499999983 0.014082407407407358
0 0.35713645833333335 0.8180212962962963 0.019803124999999967 0.016429629629629655
0 0.9053489583333333 0.312825 0.021781250000000085 0.015255555555555555
2 -0.010538958333333332 0.7857495370370371 0.042246354166666666 0.07862499999999997
2 0.9040286458333334 0.29698287037037036 0.027067708333333346 0.04928796296296301
0 0.3287520833333333 0.7352888888888889 0.010561458333333284 0.017601851851851844
0 0.6281067708333334 0.41844120370370375 0.008578125000000015 0.01290833333333331
0 0.6201875 0.43663055555555563 0.013864583333333276 0.014081481481481507
0 0.7888411458333333 0.47007546296296293 0.009244791666666667 0.01525648148148146
0 0.7967630208333334 0.48181064814814817 0.00792187500000002 0.01760277777777775
0 0.7776197916666666 0.49061203703703704 0.01452083333333339 0.01408148148148156
0 0.5165500000000001 0.8191949074074074 0.015181250000000012 0.016428703703703647
0 0.606984375 0.8526398148148149 0.008583333333333342 0.019950000000000048
0 0.5779401041666666 0.835624074074074 0.009901041666666662 0.016429629629629655
0 0.5845390625 0.8649615740740741 0.015182291666666714 0.016428703703703647
0 0.6459296875 0.7429166666666667 0.009901041666666662 0.018775925925925946
0 0.6604531250000001 0.7687337962962963 0.013864583333333395 0.01642870370370375
0 0.6376796875 0.7575856481481482 0.00792187500000002 0.01760277777777775
3 0.78125 0.47183564814814816 0.04158333333333341 0.06336944444444446
3 0.6195260416666667 0.42313518518518517 0.036302083333333235 0.06219629629629632
3 0.6548411458333334 0.7470240740740741 0.05017187499999996 0.08097222222222217
3 0.5885026041666668 0.8409046296296295 0.046869791666666674 0.07627777777777778
3 0.5182013020833334 0.7798824074074074 0.06469114583333332 0.12791296296296292
3 0.34195416666666667 0.6948027777777778 0.0646895833333333 0.15020925925925926
3 0.3620875 0.7828162037037038 0.05874895833333333 0.11735092592592596
