0 0.37891979166666667 0.7916175925925927 0.009241666666666681 0.019950000000000048
0 0.38750130208333333 0.8080467592592592 0.007921354166666639 0.012908333333333258
0 0.9416536458333332 0.30754444444444445 0.020463541666666647 0.016429629629629603
2 0.9403359375000001 0.29228888888888893 0.0257447916666667 0.049287037037037004
0 0.3317229166666666 0.7335287037037037 0.008581249999999999 0.018775925925925946
0 0.7201927083333333 0.4143333333333334 0.010562499999999985 0.011735185185185218
0 0.7188697916666666 0.43310972222222227 0.010562499999999985 0.0164287037037037
0 0.6993984374999999 0.43193657407407404 0.008578125000000015 0.014082407407407412
0 0.8852161458333333 0.4865046296296296 0.01583854166666659 0.017601851851851844
0 0.8914869791666667 0.5005870370370371 0.009901041666666662 0.015255555555555555
0 0.8697031249999999 0.5023467592592593 0.013864583333333395 0.014082407407407464
0 0.5370130208333334 0.8168481481481482 0.013859374999999948 0.018775925925925946
0 0.50796953125 0.8086328703703703 0.009901562499999983 0.021123148148148137
0 0.61490625 0.8303430555555555 0.005937499999999929 0.01760277777777775
0 0.5937838541666667 0.8391444444444445 0.015182291666666714 0.018775925925925946
0 0.6617734375 0.7652134259259259 0.013859375000000066 0.01642870370370375
0 0.6479088541666668 0.7399828703703704 0.009901041666666662 0.019949074074074036
0 0.639328125 0.7534782407407408 0.007260416666666695 0.01877685185185185
3 0.8779557291666666 0.4841574074074074 0.04884895833333332 0.07393148148148149
3 0.7109505208333333 0.42137500000000006 0.04884895833333332 0.06571666666666666
3 0.6571510416666667 0.7458504629629629 0.04818749999999999 0.07627870370370368
3 0.529421875 0.774601388888889 0.06996875000000001 0.129086111111111
3 0.5957630208333333 0.8268226851851852 0.0455468749999999 0.07158425925925929
3 0.34591484375000003 0.6924560185185185 0.06336927083333332 0.15255648148148146
3 0.3647278645833333 0.7810560185185186 0.05742864583333335 0.12087129629629635
0 0.36109713541666666 0.8139138888888889 0.019802604166666644 0.01994999999999994
