0 0.38222031250000005 0.7839898148148149 0.009241666666666681 0.01877592592592584
0 0.3469052083333333 0.8092199074074075 0.008581249999999999 0.01760277777777775
0 0.37264869791666666 0.8115671296296297 0.020463020833333328 0.019949074074074036
0 0.9776302083333333 0.3022638888888889 0.019802083333333324 0.015255555555555555
2 0.9763098958333333 0.28759444444444443 0.025088541666666585 0.04694074074074071
0 0.33205286458333333 0.7305949074074074 0.00924114583333336 0.019949074074074143
0 0.7079817708333332 0.43780416666666666 0.009901041666666662 0.014082407407407412
0 0.7050078125 0.45716712962962963 0.011880208333333305 0.012908333333333362
0 0.6852057291666667 0.4536462962962963 0.00792187500000002 0.015255555555555555
0 0.90403125 0.4917856481481482 0.017822916666666563 0.014082407407407358
0 0.9093098958333333 0.5076277777777779 0.012546875000000075 0.01760185185185195
0 0.8865364583333334 0.5052810185185185 0.011885416666666633 0.01760277777777775
0 0.5554947916666666 0.804525925925926 0.012541666666666628 0.017601851851851844
0 0.5244721354166666 0.8074597222222223 0.011222395833333346 0.01877685185185185
0 0.6370182291666667 0.8203685185185186 0.013203124999999953 0.01877592592592584
0 0.6116041666666666 0.8127402777777778 0.01121874999999998 0.01760277777777775
0 0.6627630208333334 0.7611060185185186 0.01320312500000007 0.012908333333333362
0 0.6482395833333333 0.7370490740740742 0.010562499999999985 0.018775925925925946
0 0.6409791666666665 0.7511314814814815 0.00791666666666669 0.018775925925925946
3 0.8970989583333332 0.4882648148148149 0.046208333333333344 0.08214629629629626
3 0.7000572916666666 0.4430847222222223 0.04818749999999999 0.06688981481481486
3 0.6584739583333333 0.745263888888889 0.04818749999999999 0.08449259259259255
3 0.625796875 0.8004189814814815 0.06072916666666662 0.07510462962962969
3 0.5432846354166666 0.7663870370370371 0.07393072916666661 0.13143333333333332
3 0.3452546875 0.6824810185185186 0.06072916666666662 0.16311759259259262
3 0.36868828124999997 0.7769481481481482 0.05610885416666663 0.11969814814814815
