2 0.010254192708333335 0.7792953703703704 0.04686703125 0.07979814814814816
0 0.3597770833333333 0.7176865740740741 0.01320208333333337 0.01760277777777775
0 0.33205260416666665 0.7135791666666668 0.010561458333333284 0.021123148148148137
0 0.6908177083333332 0.46772870370370373 0.0112187500000001 0.015255555555555555
0 0.6871848958333333 0.49002546296296295 0.018484375000000004 0.01760277777777775
0 0.6591328124999999 0.479463425925926 0.009901041666666662 0.010562037037037073
0 0.6294270833333333 0.5088009259259261 0.01121874999999998 0.015255555555555555
3 0.6786041666666667 0.4706625 0.054125000000000034 0.08214537037037035
3 0.34855546875 0.6906953703703704 0.06600989583333335 0.11852407407407405
3 0.6221666666666666 0.46831527777777776 0.05610416666666668 0.11031018518518512
