3 0.7287734374999999 0.7886833333333334 0.09373437500000001 0.16194444444444442
3 0.8647526041666667 0.48767824074074073 0.04224479166666673 0.05515462962962964
3 0.9000677083333334 0.5692370370370371 0.048187500000000105 0.06571666666666671
3 0.6406484375 0.3902768518518519 0.038942708333333326 0.06689074074074076
3 0.5317338541666667 0.38734259259259257 0.028386458333333368 0.042246296296296275
3 0.15910677083333333 0.5228833333333333 0.060729166666666674 0.07627777777777778
3 0.1544859375 0.6490361111111111 0.052808333333333346 0.09622777777777783
3 0.42875729166666665 0.805112962962963 0.06931041666666662 0.11265740740740737
4 0.7548489583333333 0.2782064814814815 0.042906250000000055 0.05867592592592593
0 0.7545182291666667 0.25708333333333333 0.011880208333333305 0.00938888888888893
0 0.7469244791666667 0.27468611111111113 0.005942708333333257 0.016429629629629655
0 0.7508854166666666 0.2787935185185185 0.005937500000000047 0.015255555555555555
0 0.7376848958333333 0.2981564814814815 0.005942708333333257 0.018775925925925946
0 0.6343776041666667 0.4090527777777778 0.009244791666666667 0.010561111111111117
0 0.8743255208333333 0.5029337962962963 0.009901041666666662 0.012908333333333362
0 0.8555104166666666 0.49530601851851846 0.010562499999999985 0.014082407407407358
0 0.5267838541666666 0.3879296296296296 0.00792187499999996 0.010561111111111065
0 0.537015625 0.3943842592592593 0.007260416666666695 0.011735185185185166
0 0.5238125 0.39731805555555555 0.008583333333333342 0.010562037037037073
0 0.17494895833333332 0.5123222222222222 0.009241666666666681 0.015255555555555555
0 0.16603776041666668 0.5404861111111111 0.019143229166666664 0.019950000000000048
0 0.13666328125000002 0.5410731481481482 0.011881770833333341 0.018775925925925946
0 0.74890625 0.8262356481481481 0.016500000000000032 0.025817592592592524
0 0.9066692708333334 0.5657166666666666 0.019140625 0.014081481481481454
0 0.8865364583333334 0.5733444444444444 0.011885416666666633 0.017601851851851844
0 0.9093098958333333 0.5833194444444445 0.013859375000000066 0.01642962962962955
0 0.17626927083333332 0.6507962962962963 0.007920833333333318 0.02229629629629623
0 0.1525057291666667 0.6748532407407407 0.021122916666666658 0.021123148148148245
0 0.4165455729166666 0.8039393518518518 0.019802604166666703 0.025817592592592628
0 0.4389890625 0.8250620370370371 0.017162499999999997 0.023470370370370332
0 0.4079643229166667 0.8321032407407408 0.015842187500000014 0.025817592592592628
0 0.7056692708333333 0.8139138888888889 0.013203124999999953 0.02699074074074072
