0 0.32281145833333336 0.8098069444444445 0.010561458333333343 0.014082407407407464
0 0.29607734374999994 0.814500925925926 0.020463020833333387 0.016429629629629655
0 0.7637578125 0.2999166666666667 0.019807291666666654 0.015255555555555555
2 0.7667291666666666 0.2852476851851852 0.0270624999999999 0.04693981481481481
0 0.23864869791666668 0.7294212962962963 0.013861979166666642 0.017601851851851844
0 0.2112546875 0.7276611111111112 0.010561458333333313 0.016429629629629655
0 0.8383489583333333 0.647862037037037 0.011885416666666633 0.018775925925925946
0 0.8159062499999999 0.6496226851851852 0.013197916666666741 0.019949074074074036
0 0.7673880208333334 0.5070412037037036 0.013859375000000066 0.01642870370370375
0 0.8050130208333334 0.6273259259259258 0.00990104166666678 0.01760185185185195
0 0.780921875 0.618524537037037 0.019802083333333442 0.014082407407407358
0 0.7762994791666666 0.6331930555555556 0.018484375000000004 0.017602777777777853
0 0.49839791666666666 0.795137962962963 0.006601041666666655 0.015255555555555555
0 0.46671302083333327 0.805112962962963 0.014521874999999972 0.01877592592592584
0 0.7175520833333332 0.6431680555555556 0.010562499999999985 0.01642870370370375
0 0.71425 0.6678120370370372 0.013197916666666623 0.016429629629629655
0 0.6914765625 0.6590106481481481 0.008578124999999895 0.01760277777777775
0 0.5409765625 0.7335282407407406 0.009901041666666662 0.021123148148148137
0 0.5564869791666667 0.7569990740740741 0.014526041666666718 0.018775925925925946
0 0.5333828125 0.7470240740740741 0.00792187500000002 0.01994999999999994
3 0.7680494791666667 0.4929587962962963 0.038942708333333326 0.06336944444444446
3 0.8248151041666666 0.6355402777777778 0.0455468749999999 0.0668898148148148
3 0.7845520833333334 0.6085495370370371 0.05214583333333339 0.09505462962962963
3 0.7069895833333334 0.6513828703703705 0.05148958333333328 0.0704101851851852
3 0.5498854166666667 0.7370490740740742 0.04884375000000005 0.07979814814814816
3 0.47298411458333334 0.7652134259259259 0.06138906249999998 0.11735092592592586
3 0.30201822916666665 0.7781217592592593 0.06006875000000005 0.12439166666666664
3 0.2274270833333333 0.6865879629629631 0.06535000000000002 0.15020925925925926
