0 0.3663778645833333 0.7892703703703704 0.00924114583333336 0.017601851851851844
0 0.3581265625 0.8162611111111111 0.02178333333333331 0.019950000000000048
0 0.33172265625 0.8133273148148148 0.012542187500000008 0.021123148148148137
0 0.8482500000000001 0.292875 0.019802083333333324 0.015255555555555555
2 0.8466015625 0.27820648148148147 0.02442187500000005 0.044592592592592614
0 0.23171770833333336 0.7294212962962964 0.014521875000000002 0.015255555555555555
0 0.20432369791666669 0.725900462962963 0.009901562500000013 0.01760277777777775
0 0.8650833333333333 0.5856662037037037 0.008583333333333342 0.016428703703703647
0 0.8525416666666668 0.6044425925925926 0.013864583333333395 0.01642962962962955
0 0.7762994791666666 0.4870912037037037 0.014526041666666718 0.016428703703703647
0 0.7819088541666666 0.5005865740740741 0.009901041666666662 0.012908333333333362
0 0.7607864583333334 0.5017601851851853 0.01121874999999998 0.015255555555555555
0 0.7723385416666666 0.5985750000000001 0.021125000000000088 0.01642962962962955
0 0.773 0.6155907407407407 0.019802083333333324 0.015255555555555555
0 0.7485755208333332 0.6038555555555556 0.006598958333333253 0.019950000000000048
0 0.6046744791666666 0.8156745370370371 0.01320312500000007 0.016428703703703647
0 0.5733203125 0.8150875 0.01122395833333331 0.01760277777777775
0 0.5277734375 0.7611064814814814 0.013859375000000066 0.015255555555555555
0 0.5049989583333333 0.7517180555555556 0.009241666666666681 0.01760277777777775
3 0.8561718749999999 0.5868398148148148 0.0448854166666667 0.06571666666666671
3 0.7696979166666668 0.4829842592592593 0.05016666666666663 0.07393148148148154
3 0.7700286458333333 0.587426851851852 0.04950520833333331 0.09270740740740732
3 0.5931223958333334 0.775775 0.07195312499999992 0.13612777777777782
3 0.5191901041666667 0.7399828703703704 0.04950520833333325 0.08331944444444446
3 0.3511958333333334 0.7839898148148149 0.060729166666666674 0.12673888888888893
3 0.2204958333333333 0.676613425925926 0.06733020833333334 0.16311759259259262
