0 0.2884861979166667 0.8209550925925926 0.023764062499999974 0.01525648148148146
0 0.8871953124999999 0.2875949074074074 0.018484375000000004 0.014082407407407412
2 0.885546875 0.2729259259259259 0.02442708333333338 0.045766666666666664
0 0.2313875 0.7282476851851851 0.012541666666666658 0.017602777777777853
0 0.20432369791666669 0.7253138888888888 0.009901562500000013 0.01877592592592584
0 0.7779505208333333 0.5029337962962963 0.008578125000000015 0.015256481481481565
0 0.7574869791666666 0.5064546296296296 0.012546875000000075 0.015255555555555555
0 0.7716796875 0.5985750000000001 0.021119791666666762 0.01642962962962955
0 0.773 0.6138305555555555 0.019802083333333324 0.018775925925925946
0 0.7479140624999999 0.6026819444444446 0.007921874999999901 0.017602777777777853
0 0.46638281249999997 0.8221282407407408 0.015182291666666655 0.01760277777777775
0 0.4970776041666667 0.7669736111111112 0.01320208333333331 0.019949074074074143
3 0.7644192708333333 0.49295925925925926 0.04884895833333332 0.06571666666666671
3 0.7683802083333333 0.5856666666666667 0.0514895833333334 0.09622777777777772
3 0.46968359375 0.7822291666666668 0.06138906249999998 0.12087129629629624
3 0.28749609374999996 0.7834027777777779 0.05610885416666666 0.11382962962962967
3 0.21917578125 0.6848277777777778 0.06600989583333335 0.14668888888888887
3 0.48981640625 0.745850462962963 0.042246354166666694 0.07862499999999997
