0 0.17296875 0.8632013888888889 0.007920833333333347 0.02229722222222224
0 0.14656484374999998 0.8796305555555556 0.022443229166666672 0.019950000000000048
0 0.8192057291666667 0.29522268518518524 0.017161458333333237 0.01290833333333331
2 0.8185442708333334 0.2793800925925926 0.022442708333333408 0.04459351851851852
0 0.2310575520833333 0.7300078703703704 0.01320156249999999 0.016428703703703647
0 0.20300338541666665 0.725900462962963 0.009901562499999983 0.01760277777777775
0 0.7799296875 0.501173611111111 0.008578125000000015 0.01642870370370375
0 0.7614479166666667 0.5070412037037036 0.012541666666666628 0.01642870370370375
0 0.7710208333333333 0.5968148148148148 0.019802083333333324 0.015255555555555555
0 0.773 0.6138305555555555 0.019802083333333324 0.01642962962962955
0 0.7475859375 0.6032689814814814 0.008578124999999895 0.01877685185185185
0 0.5261231770833333 0.8238888888888889 0.014524479166666637 0.016429629629629655
0 0.49905807291666665 0.7658000000000001 0.014522395833333352 0.015255555555555555
0 0.4815653645833333 0.7470236111111112 0.01254218749999995 0.017602777777777853
0 0.47397421875 0.7622796296296296 0.00924114583333336 0.01994999999999994
3 0.765078125 0.49413240740740744 0.040927083333333295 0.06337037037037042
3 0.7683802083333333 0.5856662037037037 0.05016666666666663 0.09388055555555563
3 0.48717630208333335 0.7493708333333334 0.051488020833333314 0.07627870370370368
3 0.5310731770833333 0.7869231481481481 0.05874947916666665 0.12321851851851844
3 0.21950572916666666 0.6842407407407408 0.06931041666666665 0.15020925925925926
3 0.1478848958333333 0.8385574074074075 0.06072916666666665 0.12321851851851844
