0 0.7053385416666667 0.2647111111111111 0.013864583333333276 0.017601851851851844
2 0.7119401041666668 0.25297592592592594 0.028380208333333337 0.045766666666666664
0 0.23303802083333333 0.7264875000000001 0.01320208333333334 0.01877685185185185
0 0.2043234375 0.7241407407407408 0.011221874999999996 0.018775925925925946
0 0.7753098958333332 0.4847444444444445 0.008578125000000015 0.018775925925925946
0 0.76771875 0.5046939814814816 0.013197916666666741 0.014082407407407358
0 0.7502239583333333 0.49530601851851846 0.007260416666666695 0.01642870370370375
0 0.7723385416666667 0.5968148148148148 0.019802083333333324 0.015255555555555555
0 0.7733307291666667 0.6120699074074074 0.019140625 0.017602777777777853
0 0.7479140624999999 0.6009222222222222 0.007921874999999901 0.018775925925925946
0 0.5878411458333334 0.8455986111111111 0.013859375000000066 0.01760277777777775
0 0.5581354166666666 0.8233018518518518 0.008583333333333224 0.01994999999999994
0 0.5825598958333332 0.7264875000000001 0.008578125000000015 0.016428703703703647
3 0.5918020833333333 0.735288888888889 0.04686458333333334 0.07627777777777778
3 0.7670598958333333 0.4847444444444445 0.042244791666666615 0.07041111111111115
3 0.7697005208333334 0.5850796296296297 0.052807291666666596 0.09505370370370372
3 0.582890625 0.7992449074074074 0.06072916666666674 0.12908611111111112
3 0.21950572916666666 0.6795472222222223 0.06799062499999999 0.1666388888888888
