0 0.7819114583333333 0.2946356481481482 0.01782291666666668 0.014082407407407412
2 0.7802604166666666 0.2787935185185185 0.025083333333333374 0.045766666666666664
0 0.22808723958333332 0.717099537037037 0.007260937500000016 0.01877685185185185
0 0.2000328125 0.7335287037037037 0.014521875000000002 0.01642962962962955
0 0.7779479166666667 0.49354583333333335 0.007260416666666695 0.012908333333333362
0 0.7614479166666667 0.48533101851851856 0.01782291666666668 0.010562037037037073
0 0.7584765625000001 0.501173611111111 0.01320312500000007 0.014082407407407358
0 0.7696979166666666 0.5932939814814815 0.019802083333333324 0.012908333333333258
0 0.7710208333333333 0.6103101851851852 0.019802083333333324 0.01642962962962955
0 0.7462656249999999 0.5968143518518519 0.005937499999999929 0.017602777777777853
0 0.6875182291666666 0.7317680555555557 0.009901041666666662 0.017602777777777853
0 0.6541822916666666 0.7458504629629629 0.01452083333333339 0.01525648148148146
0 0.598734375 0.7188597222222223 0.010562499999999985 0.01760277777777775
0 0.5908125000000001 0.7417430555555555 0.014520833333333271 0.016428703703703647
3 0.7640885416666666 0.4841574074074074 0.042906250000000055 0.06923703703703706
3 0.7680494791666668 0.5827324074074074 0.04950520833333331 0.09270740740740743
3 0.6630911458333333 0.7024305555555556 0.06139062499999994 0.12321851851851855
3 0.5898229166666666 0.7259009259259259 0.042906250000000055 0.069237037037037
3 0.20399348958333333 0.7030171296296296 0.05676822916666667 0.11265648148148147
