0 0.8914895833333333 0.2758597222222222 0.01782291666666668 0.014082407407407412
2 0.8957786458333333 0.2611902777777778 0.027723958333333344 0.048113888888888914
0 0.72778125 0.5158425925925926 0.016500000000000032 0.015255555555555555
0 0.7310833333333333 0.5316847222222222 0.01121874999999998 0.01642870370370375
0 0.7109505208333333 0.5228837962962963 0.009244791666666667 0.017602777777777853
0 0.7564947916666667 0.5868398148148148 0.019802083333333324 0.014081481481481454
0 0.7574869791666666 0.6032689814814814 0.019140625 0.01877685185185185
0 0.7327317708333333 0.5909472222222222 0.00792187500000002 0.022296296296296335
0 0.6977499999999999 0.6320199074074074 0.010562499999999985 0.01760277777777775
0 0.6640833333333334 0.6255657407407408 0.011885416666666633 0.018775925925925946
0 0.6739843750000001 0.6549032407407407 0.010562499999999985 0.01642870370370375
0 0.6693645833333333 0.6801342592592593 0.014520833333333271 0.015255555555555555
0 0.64725 0.6713324074074074 0.008583333333333342 0.01642962962962955
3 0.7231640625 0.5070412037037036 0.04554687500000002 0.08214537037037035
3 0.7541848958333333 0.5751046296296297 0.05082812499999995 0.09388148148148143
3 0.6809140625 0.5968143518518519 0.06534895833333335 0.12556574074074073
3 0.6637526041666666 0.666638425925926 0.05082812500000008 0.06806388888888891
3 -0.0019576562500000006 0.5774513888888889 0.06468979166666666 0.11031018518518518
