0 0.682234375 0.25708333333333333 0.016500000000000032 0.014081481481481507
0 0.69840625 0.2858347222222222 0.010562499999999985 0.04811388888888886
0 0.6650729166666667 0.28231342592592595 0.012541666666666628 0.048113888888888914
4 0.6795963541666665 0.3016768518518519 0.06667187499999999 0.10796296296296294
0 0.5696875 0.34098935185185186 0.01452083333333339 0.015256481481481511
2 0.5762890624999999 0.32749398148148146 0.02904687499999999 0.04459351851851852
0 0.4766145833333333 0.5023467592592593 0.009241666666666681 0.014082407407407464
0 0.4878364583333333 0.5187763888888889 0.01320208333333337 0.016428703703703647
0 0.46968359375 0.5123217592592593 0.007260937500000016 0.01760277777777775
0 0.27231380208333333 0.6226314814814815 0.011221354166666645 0.015255555555555555
0 0.25020052083333333 0.6267393518518519 0.01320208333333334 0.014082407407407358
0 0.46242239583333333 0.6672254629629629 0.01782291666666668 0.017602777777777853
0 0.435028125 0.6625310185185186 0.010561458333333343 0.01760277777777775
0 0.41786562499999996 0.6772 0.009241666666666681 0.016429629629629655
0 0.3908015625 0.6889351851851852 0.01320208333333337 0.016429629629629655
0 0.3317229166666666 0.6918689814814815 0.015182291666666655 0.01525648148148146
3 0.48453567708333334 0.5029337962962963 0.038285937500000006 0.05984907407407403
3 0.4518609375 0.6455152777777778 0.05478854166666664 0.08214537037037035
3 0.3964125 0.6484490740740741 0.05874895833333333 0.12556481481481482
3 0.33304296875 0.6783736111111112 0.04422656249999998 0.0657157407407407
3 0.25911171875 0.6132435185185185 0.04818697916666667 0.0692370370370371
