0 0.6855364583333333 0.26236435185185186 0.016499999999999914 0.012908333333333362
0 0.7013776041666666 0.2911152777777778 0.011223958333333428 0.05163425925925925
0 0.6868567708333333 0.29698287037037036 0.004619791666666729 0.025817592592592576
0 0.6677135416666666 0.28759444444444443 0.012541666666666628 0.049287037037037004
4 0.682234375 0.30754444444444445 0.06931250000000008 0.10796296296296294
0 0.5954322916666667 0.35917870370370375 0.01452083333333339 0.016429629629629655
2 0.6026927083333333 0.34509675925925926 0.02904166666666666 0.04928796296296296
0 0.49542734375 0.4947189814814815 0.007260937500000016 0.01760277777777775
0 0.47331406249999997 0.4777032407407407 0.009241666666666681 0.014082407407407412
0 0.4772747395833334 0.4976532407407408 0.011881770833333328 0.014082407407407464
0 0.16372734374999998 0.5803851851851852 0.010561979166666664 0.015255555555555555
0 0.47892500000000005 0.6683990740740742 0.01914270833333334 0.015255555555555555
0 0.45417109375000003 0.6590106481481481 0.007921354166666698 0.01760277777777775
0 0.43898880208333335 0.6654648148148148 0.00924114583333336 0.01642962962962955
0 0.41126484375 0.676026388888889 0.011881770833333328 0.01642870370370375
0 0.3228111979166666 0.6860013888888888 0.011881770833333328 0.019949074074074036
0 0.29871770833333333 0.6912824074074074 0.011221875000000025 0.018775925925925946
3 0.48222552083333337 0.4847444444444445 0.04158645833333333 0.06102222222222222
3 0.4743044270833333 0.6455152777777778 0.05082760416666664 0.08683981481481474
3 0.41951614583333335 0.6373004629629629 0.06270937500000003 0.12204537037037035
3 0.30993932291666665 0.6789601851851853 0.054788020833333326 0.069237037037037
3 0.15052526041666667 0.568650462962963 0.04620677083333334 0.05984907407407413
