0 0.7102890625 0.27527268518518516 0.018484375000000004 0.01290833333333331
0 0.7261328125 0.30402361111111115 0.009244791666666667 0.04928796296296296
0 0.7119401041666668 0.3093046296296296 0.005942708333333376 0.024644444444444486
0 0.6931276041666667 0.2987430555555556 0.013203124999999953 0.048113888888888914
4 0.7069895833333334 0.3198662037037037 0.06864583333333331 0.10913611111111113
0 0.5838802083333334 0.3521375 0.01782291666666668 0.014082407407407412
2 0.5868489583333333 0.3380555555555556 0.025083333333333256 0.044592592592592614
0 0.40763437499999994 0.4841578703703704 0.008581249999999999 0.012908333333333362
0 0.4300776041666667 0.4982398148148148 0.007261458333333337 0.01056111111111117
0 0.4109346354166667 0.5023472222222222 0.011221354166666704 0.011735185185185166
0 0.49872812499999997 0.6678115740740741 0.008581249999999999 0.021123148148148137
0 0.52447109375 0.677786574074074 0.019141145833333262 0.01760277777777775
0 0.45846171874999997 0.6730925925925927 0.013861979166666672 0.015255555555555555
0 0.43634843749999996 0.6660518518518519 0.007920833333333377 0.015255555555555555
0 0.29838776041666665 0.6595976851851852 0.009241145833333301 0.014082407407407464
0 0.2779244791666667 0.6678120370370372 0.01320208333333331 0.014081481481481454
3 0.5198515625 0.6549032407407407 0.050828125000000016 0.08214537037037035
3 0.41555546875000005 0.4888518518518519 0.04026614583333335 0.069237037037037
3 0.45747161458333335 0.6367138888888889 0.05940885416666669 0.1044425925925926
3 0.2822151041666666 0.6560768518518518 0.045546874999999994 0.06337037037037042
