0 0.0056334839322916665 0.7804689814814816 0.01122167796875 0.023469444444444532
2 0.0171852421875 0.7734277777777777 0.042246390625 0.07745185185185188
0 0.032697578125 0.5862532407407408 0.00990151041666667 0.01760277777777775
0 0.023786223958333335 0.6097231481481481 0.022443385416666666 0.019950000000000048
0 0.3436044270833333 0.6942162037037037 0.012542187500000008 0.01760277777777775
0 0.3165403645833333 0.6906953703703704 0.012542187500000008 0.019950000000000048
0 0.6941171875 0.4647949074074075 0.01122395833333331 0.014082407407407412
0 0.6908177083333332 0.48767824074074073 0.01782291666666668 0.01760277777777775
0 0.6627630208333334 0.47711666666666674 0.007921874999999901 0.010561111111111117
0 0.6327265625 0.5041074074074074 0.009901041666666662 0.012909259259259266
3 0.6241484375 0.4671416666666667 0.054786458333333364 0.11265740740740737
3 0.021805911458333334 0.5756916666666667 0.054128177083333326 0.11148333333333327
3 0.33205260416666665 0.6683986111111111 0.06733020833333334 0.11852500000000006
3 0.6828958333333333 0.46890185185185185 0.05479166666666669 0.08097222222222221
