0 0.9442942708333334 0.20075509259259258 0.019140625 0.014082407407407384
0 0.9601380208333334 0.2300925925925926 0.01122395833333331 0.05398148148148147
0 0.9238333333333333 0.2248115740740741 0.013864583333333276 0.048113888888888914
4 0.9383541666666666 0.2459347222222222 0.07459375000000001 0.11383055555555555
0 0.6396588541666667 0.28348703703703704 0.01583854166666659 0.019950000000000048
2 0.6459296875 0.27057870370370374 0.028380208333333337 0.0504611111111111
0 0.054810859375 0.7417430555555555 0.01452203125 0.01877685185185185
0 0.020485729166666668 0.7323550925925926 0.009241354166666669 0.01877685185185185
0 0.10563854166666668 0.43428333333333335 0.009241666666666667 0.014081481481481454
0 0.09837734375 0.4536462962962963 0.014522395833333323 0.015255555555555555
0 0.7116119791666667 0.5915337962962963 0.00792187500000002 0.016428703703703647
0 0.7373541666666666 0.6032689814814816 0.018479166666666675 0.01642870370370375
0 0.6304192708333333 0.6455152777777778 0.013203124999999953 0.01877685185185185
0 0.5984036458333333 0.6314333333333333 0.01122395833333331 0.018775925925925946
0 0.7231640625 0.4301759259259259 0.009901041666666662 0.015255555555555555
0 0.7327317708333333 0.450125925925926 0.013203124999999953 0.012909259259259266
0 0.4224864583333333 0.4812240740740741 0.007920833333333318 0.011735185185185166
0 0.44559010416666667 0.49530601851851846 0.006601041666666655 0.01642870370370375
0 0.4254567708333333 0.5041074074074074 0.011221874999999966 0.012909259259259266
3 0.7327317708333333 0.578625 0.052807291666666596 0.08449259259259266
3 0.6175442708333333 0.6079629629629629 0.06667187499999999 0.12673888888888893
3 0.42908749999999996 0.49061203703703704 0.044886458333333344 0.06806296296296295
3 0.09672708333333334 0.44132453703703706 0.04158645833333333 0.05867499999999998
3 0.04622955729166667 0.7100583333333335 0.06865026041666665 0.12204444444444455
3 0.7314114583333333 0.43545694444444444 0.03960416666666665 0.061023148148148125
