3 0.8304270833333334 0.7605189814814816 0.06468750000000002 0.1056157407407408
3 0.5502153645833333 0.7165129629629631 0.07987135416666664 0.12321851851851844
3 0.22544661458333332 0.5240569444444444 0.09703489583333332 0.1560768518518519
3 0.20168307291666665 0.6543166666666668 0.07063072916666666 0.12321851851851855
3 0.32743203125 0.2840740740740741 0.07921197916666665 0.10092222222222223
0 0.8390078125 0.7892703703703704 0.022442708333333408 0.022296296296296335
0 0.3584567708333334 0.2993296296296296 0.009241666666666681 0.023470370370370384
0 0.19310182291666667 0.5580888888888889 0.011221354166666675 0.02229629629629623
0 0.3198408854166666 0.31106481481481485 0.02574427083333332 0.021124074074074094
0 0.5611067708333333 0.7135791666666668 0.01583854166666671 0.025817592592592524
0 0.5729895833333333 0.7376356481481482 0.013197916666666623 0.024643518518518422
0 0.5353619791666666 0.7399828703703705 0.018484375000000063 0.024643518518518526
0 0.18386041666666667 0.6484490740740741 0.015182291666666655 0.022296296296296335
0 0.19442187499999997 0.6842412037037038 0.02178333333333334 0.025817592592592628
