0 0.15910651041666668 0.5469402777777779 0.014522395833333323 0.01642870370370375
0 0.07131328125 0.47300925925925924 0.011881770833333334 0.014081481481481454
0 0.06405234375 0.4870912037037037 0.009241145833333337 0.014082407407407464
0 0.08583567708333334 0.48767824074074073 0.014522395833333339 0.012908333333333362
0 0.9126093750000001 0.6179375 0.021781249999999967 0.017602777777777853
0 0.8852161458333333 0.6056157407407408 0.010557291666666658 0.01877592592592584
0 0.8333984375 0.6155907407407407 0.015182291666666714 0.017601851851851844
0 0.5614375 0.44895231481481485 0.008583333333333342 0.01290833333333331
0 0.5716692708333333 0.46831527777777776 0.013203124999999953 0.014082407407407412
3 0.907 0.5932939814814815 0.05544791666666669 0.09036018518518524
3 0.8300963541666666 0.5809722222222223 0.060067708333333414 0.10796296296296298
3 0.5710078125 0.4530597222222222 0.03696354166666668 0.06336944444444446
3 0.08088489583333333 0.47183564814814816 0.04686666666666666 0.07041018518518524
3 0.15943671875 0.5211231481481482 0.052147395833333325 0.10092222222222226
