0 0.18221015624999998 0.5346185185185185 0.007921354166666669 0.015255555555555555
0 0.15481588541666666 0.5445935185185186 0.013861979166666642 0.016429629629629655
0 0.039958671875000004 0.5146689814814814 0.012541927083333333 0.01760277777777775
0 0.05613109375 0.529337962962963 0.014522187499999999 0.016429629629629655
0 0.03368773437499999 0.528751388888889 0.01056161458333333 0.01760277777777775
0 0.9165703125 0.617350925925926 0.01650520833333336 0.016429629629629655
0 0.885546875 0.6050291666666667 0.008583333333333342 0.01760277777777775
0 0.5644088541666666 0.44895231481481485 0.00792187500000002 0.015256481481481511
0 0.5739791666666666 0.4683148148148148 0.01121874999999998 0.011735185185185166
3 0.9122786458333333 0.5839060185185185 0.0633697916666667 0.11148425925925928
3 0.5733177083333333 0.4542333333333334 0.037625000000000006 0.06571666666666666
3 0.1617471354166667 0.5187763888888889 0.06204947916666668 0.1056157407407408
3 0.051180390625 0.5152555555555556 0.05082776041666667 0.0704111111111112
