0 0.9528776041666667 0.2981564814814815 0.020463541666666647 0.011735185185185166
2 0.9522161458333334 0.2823138888888889 0.0257447916666667 0.045766666666666664
0 0.07461380208333333 0.6290861111111111 0.022443229166666672 0.011735185185185166
0 0.07494375 0.6455152777777778 0.02178333333333333 0.01642870370370375
0 0.2950872395833333 0.8062861111111111 0.014522395833333352 0.01642962962962955
0 0.8822447916666666 0.6255657407407408 0.013864583333333395 0.01642962962962955
0 0.8888463541666667 0.638474537037037 0.008578125000000015 0.014082407407407464
0 0.8660729166666667 0.6455152777777778 0.014520833333333271 0.01642870370370375
0 0.8043541666666667 0.5774518518518519 0.012541666666666748 0.011735185185185166
0 0.8264661458333333 0.5997486111111111 0.011880208333333305 0.01642870370370375
0 0.8027057291666666 0.6015087962962963 0.013203124999999953 0.01760277777777775
3 0.07494390624999998 0.6103097222222222 0.04818718749999999 0.11031018518518518
3 0.2835354166666667 0.7775351851851853 0.0706302083333333 0.12556481481481482
3 0.8119453124999999 0.5909472222222222 0.05676562500000001 0.07393148148148149
3 0.8716848958333333 0.6320199074074074 0.05082812500000008 0.07393055555555558
