0 0.07923463541666666 0.647275462962963 0.014522395833333339 0.012908333333333362
0 0.07494375 0.6725060185185184 0.02178333333333333 0.021123148148148137
0 0.046229583333333324 0.6719194444444445 0.014522083333333335 0.019950000000000048
0 0.27495416666666667 0.8168476851851852 0.015182291666666655 0.01642870370370375
0 0.9555182291666665 0.617937962962963 0.009901041666666662 0.01994999999999994
0 0.9479244791666666 0.6414078703703704 0.01716145833333336 0.01760277777777775
0 0.9264713541666666 0.6279125000000001 0.009901041666666662 0.01642870370370375
0 0.6967578125 0.51995 0.012546874999999957 0.01173518518518527
0 0.6947786458333333 0.5434199074074074 0.01122395833333331 0.016428703703703647
0 0.7172213541666667 0.5422462962962963 0.01122395833333331 0.014081481481481454
3 0.06471249999999999 0.6414078703703703 0.06336979166666666 0.12556574074074073
3 0.27264375 0.7810560185185186 0.06336979166666667 0.12087129629629635
3 0.7063307291666666 0.5328583333333334 0.052807291666666596 0.07041111111111109
3 0.9452864583333332 0.6279125000000001 0.05016666666666663 0.0704101851851852
