0 0.08319505208333333 0.6654648148148148 0.014522395833333323 0.023470370370370332
0 0.05448080729166666 0.677786574074074 0.021783177083333334 0.01760277777777775
0 0.27891458333333335 0.8162611111111111 0.015182291666666655 0.017601851851851844
0 0.9429739583333333 0.6167643518518519 0.012541666666666628 0.019949074074074143
0 0.9370338541666666 0.6419944444444445 0.01650520833333336 0.018775925925925946
0 0.9159114583333333 0.6302597222222223 0.008583333333333342 0.01877685185185185
0 0.6875182291666666 0.5205361111111112 0.009901041666666662 0.015255555555555555
0 0.6663932291666667 0.5011731481481482 0.01122395833333331 0.01173518518518527
0 0.6654036458333333 0.5234703703703704 0.011880208333333305 0.016429629629629655
3 0.9337317708333333 0.6255657407407408 0.05082812499999995 0.07275740740740738
3 0.6762942708333334 0.5129087962962964 0.05082812499999995 0.06806388888888891
3 0.27363411458333337 0.7828162037037038 0.0640296875 0.12439166666666673
3 0.06603255208333333 0.6408212962962964 0.06600989583333333 0.13143333333333332
