0 0.08352526041666666 0.6654648148148148 0.013861979166666656 0.023470370370370332
0 0.05382080729166666 0.676613425925926 0.02178338541666667 0.019949074074074036
0 0.2874958333333333 0.8121537037037038 0.015182291666666655 0.016429629629629655
0 0.2581216145833333 0.8080462962962964 0.010561979166666664 0.015255555555555555
0 0.9429739583333333 0.6167643518518519 0.013864583333333276 0.01760277777777775
0 0.9370338541666666 0.6425814814814815 0.015182291666666714 0.01760185185185195
0 0.9142604166666667 0.6290861111111111 0.010562499999999985 0.01642962962962955
0 0.6393307291666666 0.49530601851851846 0.009901041666666662 0.01642870370370375
0 0.6512109374999999 0.5164291666666667 0.009901041666666662 0.014082407407407358
3 0.06702283854166667 0.6390606481481482 0.06931057291666667 0.12556574074074073
3 0.275284375 0.7857495370370371 0.07393124999999999 0.12556574074074073
3 0.6472526041666666 0.5 0.04026562500000009 0.068062962962963
3 0.9330755208333333 0.6261523148148148 0.05082812499999995 0.0668898148148148
