2 0.43046875 0.43703703703703706 0.024479166666666666 0.04814814814814815
0 0.4317708333333333 0.4388888888888889 0.016666666666666666 0.014814814814814815
4 0.6611979166666666 0.3995370370370371 0.0734375 0.10092592592592593
0 0.6651041666666666 0.3925925925925926 0.008333333333333333 0.02592592592592593
0 0.67578125 0.3925925925925926 0.0078125 0.02777777777777778
0 0.6932291666666667 0.4291666666666667 0.004166666666666667 0.028703703703703703
0 0.6609375 0.4175925925925926 0.016666666666666666 0.016666666666666666
0 0.6283854166666667 0.4199074074074074 0.0046875 0.02314814814814815
0 0.66484375 0.3625 0.015104166666666667 0.012037037037037037
3 0.81328125 0.7231481481481482 0.043229166666666666 0.06481481481481481
3 0.4674479166666667 0.42685185185185187 0.0484375 0.05925925925925926
3 0.46588541666666666 0.4712962962962963 0.0421875 0.07777777777777778
0 0.44921875 0.44027777777777777 0.0109375 0.017592592592592594
0 0.47890625 0.4847222222222222 0.0078125 0.019444444444444445
0 0.4609375 0.4935185185185185 0.016666666666666666 0.018518518518518517
0 0.5403645833333334 0.4277777777777778 0.008854166666666666 0.016666666666666666
0 0.803125 0.7208333333333333 0.009375 0.017592592592592594
0 0.8098958333333334 0.7375 0.0125 0.017592592592592594
3 0.5552083333333333 0.40370370370370373 0.041666666666666664 0.0925925925925926
0 0.5625 0.4324074074074074 0.011458333333333333 0.016666666666666666
3 0.028125 0.8592592592592593 0.05520833333333333 0.12037037037037038
0 0.026822916666666665 0.8819444444444445 0.018229166666666668 0.021296296296296296
