0 0.08385546875 0.6549032407407407 0.01848281250000001 0.021123148148148137
0 0.09045624999999999 0.6701587962962964 0.015842708333333323 0.021123148148148137
0 0.05976177083333334 0.6742666666666668 0.019143125 0.015255555555555555
0 0.3099395833333334 0.7810560185185186 0.008581249999999999 0.017602777777777853
0 0.28254531250000003 0.8004185185185185 0.014521874999999972 0.01642962962962955
0 0.7396640625 0.6795472222222223 0.01122395833333331 0.016429629629629655
0 0.7314140625000001 0.6906958333333334 0.006598958333333371 0.01760277777777775
0 0.7535286458333333 0.7053643518518519 0.015182291666666596 0.016428703703703647
0 0.7393333333333333 0.40611898148148157 0.010562499999999985 0.0164287037037037
0 0.7297630208333333 0.42548240740740745 0.013859375000000066 0.015255555555555555
3 0.07197338541666666 0.6414078703703703 0.06865010416666667 0.12556574074074073
3 0.7492369791666667 0.6883486111111112 0.04884895833333332 0.07862500000000007
3 0.2871661458333333 0.7646263888888889 0.056768749999999986 0.12556574074074073
3 0.7310833333333332 0.4096398148148148 0.037625000000000006 0.05867592592592593
