0 0.12709166666666666 0.7511314814814815 0.019142708333333314 0.023470370370370332
0 0.13435286458333331 0.7687342592592592 0.01782239583333333 0.023470370370370437
0 0.10266796875 0.7716675925925927 0.020463020833333328 0.022296296296296335
0 0.17296875 0.8180212962962963 0.017162499999999997 0.018775925925925946
0 0.6647421875 0.6824810185185186 0.011880208333333305 0.017602777777777853
0 0.6564921875 0.6959759259259259 0.008578125000000015 0.018775925925925946
0 0.6799270833333333 0.705951388888889 0.01452083333333339 0.01760277777777775
0 0.9218515625 0.26999212962962965 0.019140625 0.0164287037037037
2 0.9251510416666666 0.25590972222222225 0.027062500000000017 0.05163425925925925
0 0.8353776041666666 0.3949708333333333 0.013859375000000066 0.015256481481481511
3 0.11521015624999999 0.735875462962963 0.0666703125 0.12439166666666673
3 0.6723333333333333 0.687762037037037 0.04951041666666676 0.07745185185185188
3 0.17197864583333333 0.7851634259259259 0.06534999999999999 0.12908611111111112
3 0.83471875 0.38206203703703706 0.03630208333333336 0.05750185185185183
