0 0.5739791666666666 0.6877615740740741 0.00990624999999999 0.01877685185185185
0 0.5842109375 0.7124055555555555 0.014526041666666718 0.016429629629629655
0 0.9357135416666668 0.2036888888888889 0.019145833333333327 0.015255555555555555
0 0.9535364583333333 0.23419953703703703 0.01121874999999998 0.04811388888888886
0 0.9347239583333333 0.22246481481481484 0.0066041666666667 0.02464444444444443
0 0.9175625 0.22833194444444446 0.01452083333333339 0.04811388888888889
4 0.9320833333333333 0.2494555555555556 0.07392708333333324 0.11148333333333332
0 0.7073177083333334 0.2875949074074074 0.01782291666666668 0.014082407407407412
2 0.7069895833333334 0.27468611111111113 0.025083333333333374 0.04928703703703705
0 0.6898255208333333 0.29932962962962967 0.00792187500000002 0.016429629629629655
0 0.6746432291666666 0.30402361111111115 0.011880208333333305 0.014082407407407412
3 -0.011199036458333334 0.8379708333333334 0.05676859375 0.11031018518518518
3 0.6782760416666667 0.2905287037037037 0.03894791666666665 0.06219629629629632
3 0.5842109375 0.696562962962963 0.042244791666666615 0.07158333333333329
