0 0.39971276041666665 0.7335287037037037 0.009901562499999983 0.018775925925925946
0 0.39179166666666665 0.7440902777777779 0.005940624999999974 0.021123148148148137
0 0.4109346354166667 0.755825462962963 0.013861979166666672 0.01642870370370375
0 0.7393359375 0.20896944444444446 0.018484375000000004 0.014081481481481481
0 0.7555078124999999 0.23713379629629633 0.01122395833333331 0.04693981481481481
0 0.7215130208333334 0.23537361111111113 0.013203124999999953 0.04811388888888889
4 0.7360338541666667 0.25180231481481485 0.06997395833333328 0.1091361111111111
0 0.4360184895833333 0.2893546296296296 0.013861979166666672 0.015255555555555555
2 0.441959375 0.27585925925925925 0.028384375000000024 0.04928703703703705
0 0.6158958333333333 0.2559097222222223 0.010562499999999985 0.014082407407407412
0 0.8871979166666667 0.5974013888888889 0.010562499999999985 0.01877685185185185
0 0.8743255208333333 0.6243921296296296 0.021786458333333297 0.01642870370370375
3 0.8786171875000001 0.5481138888888889 0.05280729166666672 0.11500370370370377
3 0.6099531250000001 0.2588435185185185 0.03960416666666677 0.05515555555555554
3 0.8733333333333334 0.5974013888888889 0.05016666666666663 0.08918611111111113
3 0.40862421875 0.7370495370370371 0.04488697916666666 0.07510462962962969
