2 0.011904427083333334 0.7681472222222222 0.04488677083333334 0.08097222222222217
0 0.8604635416666667 0.2881810185185185 0.012541666666666748 0.01760277777777775
2 0.8680520833333333 0.27351250000000005 0.03036458333333331 0.04928796296296296
0 0.16636770833333336 0.31927916666666667 0.01320208333333334 0.0164287037037037
0 0.17197864583333333 0.33160092592592594 0.008581249999999999 0.015255555555555555
0 0.15283567708333334 0.33570879629629635 0.011221354166666645 0.014082407407407412
0 0.08550546875000001 0.6543166666666668 0.009901562499999997 0.01994999999999994
0 0.07428385416666666 0.6807208333333333 0.015182291666666655 0.016428703703703647
0 0.28518567708333337 0.6860013888888888 0.014522395833333352 0.01760277777777775
0 0.29178671874999995 0.7000833333333333 0.011881770833333328 0.022296296296296335
0 0.2653828125 0.7071245370370371 0.019803125000000026 0.017602777777777853
0 0.3191807291666667 0.697149537037037 0.011221875000000025 0.01642870370370375
0 0.34789531250000005 0.6983231481481481 0.01320208333333337 0.018775925925925946
0 0.7020364583333333 0.4665550925925926 0.012541666666666748 0.012908333333333362
0 0.6990677083333333 0.491199074074074 0.018479166666666675 0.015255555555555555
0 0.6726640624999999 0.4841574074074074 0.011880208333333423 0.019950000000000048
3 0.615234375 0.4577537037037037 0.06072916666666662 0.11030925925925927
3 0.15943671875 0.32279953703703707 0.04290677083333335 0.06336944444444446
3 0.0762640625 0.6613574074074074 0.045546874999999994 0.069237037037037
3 0.27165364583333335 0.6742662037037037 0.06270937499999996 0.11617685185185186
3 0.3353533854166667 0.6725060185185185 0.06600989583333335 0.12204537037037035
3 0.6901562499999999 0.46890185185185185 0.05479166666666669 0.08097222222222221
