0 0.23666822916666666 0.6854148148148149 0.011221874999999996 0.016429629629629655
0 0.22874713541666666 0.695976388888889 0.007260937500000016 0.021123148148148137
0 0.24888020833333335 0.7082981481481482 0.014521875000000002 0.015255555555555555
0 0.5670494791666667 0.20016805555555556 0.01716145833333336 0.01290833333333331
0 0.5825598958333332 0.22891898148148151 0.009901041666666662 0.049287962962962985
0 0.5653984375000001 0.21894398148148148 0.005942708333333376 0.024643518518518526
0 0.5495546875 0.2248115740740741 0.011223958333333428 0.048113888888888914
4 0.5647395833333333 0.244175 0.06798958333333331 0.10796296296296298
0 0.40433359375 0.28524722222222226 0.0178223958333333 0.011735185185185166
2 0.4010333333333333 0.2694050925925926 0.02574375 0.045767592592592624
0 0.18287005208333335 0.47007546296296293 0.011881770833333328 0.019949074074074036
0 0.18914140625 0.48181064814814817 0.009901562499999983 0.01760277777777775
0 0.1650473958333333 0.4894384259259259 0.019803124999999994 0.01642870370370375
0 0.06768281250000001 0.835624074074074 0.015182291666666669 0.016429629629629655
0 0.7865312499999999 0.6056162037037036 0.013864583333333395 0.021123148148148137
0 0.762765625 0.6214583333333333 0.017822916666666563 0.01994999999999994
0 0.7941223958333334 0.6238050925925925 0.014526041666666718 0.017602777777777853
0 0.6578125 0.5956412037037038 0.005937500000000047 0.01760277777777775
0 0.6825651041666667 0.6161773148148149 0.014526041666666718 0.016428703703703647
0 0.5033486979166666 0.4777032407407407 0.011221354166666645 0.01642870370370375
0 0.48255546875 0.48239722222222226 0.01320156249999999 0.016429629629629655
3 0.8129348958333333 0.6373004629629629 0.04422395833333326 0.06336944444444441
3 0.7769583333333333 0.5974013888888889 0.06072916666666662 0.09622870370370373
3 0.49179687499999997 0.46948842592592593 0.04884687500000003 0.06806388888888891
3 0.2469 0.6906953703703704 0.04620729166666668 0.07393148148148149
3 0.17230859375 0.4606875 0.0554484375 0.10209537037037035
3 0.05448096354166667 0.8080467592592592 0.07723182291666666 0.12556574074074073
3 0.6789348958333333 0.5762777777777779 0.05346354166666671 0.11969814814814815
