0 0.23303776041666666 0.646102314814815 0.010561979166666664 0.017602777777777853
0 0.22511666666666666 0.6560768518518518 0.006601041666666655 0.018775925925925946
0 0.24491953125 0.6689856481481482 0.014522395833333352 0.016428703703703647
0 0.5680390625 0.19488703703703705 0.01650520833333336 0.011735185185185192
0 0.5842109375 0.224225 0.010557291666666658 0.04928703703703705
0 0.567046875 0.21248981481481483 0.005281249999999934 0.023470370370370384
0 0.5512057291666667 0.21894398148148148 0.011880208333333305 0.04811388888888886
4 0.5667187499999999 0.23948101851851852 0.06666666666666667 0.10561574074074077
0 0.3733091145833333 0.2864208333333334 0.0165026041666667 0.014082407407407412
2 0.3709984375 0.27351250000000005 0.023763541666666655 0.04693981481481481
0 0.2739638020833334 0.45892685185185184 0.011881770833333328 0.018775925925925894
0 0.2558111979166667 0.4765296296296297 0.01782239583333333 0.016429629629629655
0 0.28056510416666663 0.47242222222222224 0.010561458333333284 0.019950000000000048
0 0.06438229166666667 0.8561606481481482 0.012541666666666666 0.01760277777777775
0 0.786203125 0.6015087962962963 0.01452083333333339 0.019949074074074143
0 0.7630989583333334 0.6167638888888889 0.010562499999999985 0.015255555555555555
0 0.7944505208333333 0.6179375 0.015182291666666714 0.017602777777777853
0 0.6630937499999999 0.6114833333333334 0.0072604166666665765 0.018775925925925946
0 0.6888359375 0.6331935185185185 0.013859374999999948 0.015255555555555555
0 0.7875208333333333 0.6595972222222223 0.010562499999999985 0.018775925925925946
0 0.7637578125 0.6631180555555556 0.013203124999999953 0.016428703703703647
0 0.4894864583333334 0.47418287037037044 0.015182291666666655 0.01642870370370375
3 0.7776197916666666 0.5944675925925927 0.062052083333333265 0.09505370370370372
3 0.4901466145833333 0.45834027777777786 0.03762552083333333 0.06688981481481486
3 0.2426091145833333 0.6525564814814815 0.04422656250000001 0.07745185185185188
3 0.6838854166666666 0.5897736111111112 0.05544791666666669 0.11617685185185186
3 0.7726692708333334 0.6554902777777778 0.04950520833333331 0.07158425925925929
3 0.063062109375 0.8238888888888889 0.06534973958333333 0.12908703703703703
3 0.26340260416666667 0.44543148148148154 0.05412812500000002 0.10444259259259266
