3 0.07362364583333332 0.6484490740740741 0.048187083333333325 0.07393148148148149
3 0.6020338541666667 0.49413240740740744 0.052807291666666596 0.10092222222222215
3 0.29178671875 0.6549032407407407 0.06600989583333335 0.11735092592592586
3 0.26043177083333335 0.6378875 0.056108333333333336 0.09505462962962963
3 0.8010520833333333 0.5 0.03894791666666665 0.06102222222222222
3 0.8380182291666666 0.5199495370370371 0.04026562500000009 0.0680638888888888
3 0.8145859375000001 0.579212037037037 0.05413020833333337 0.09270740740740743
2 0.8337291666666666 0.3392291666666667 0.03168750000000008 0.058675000000000026
0 0.8258072916666667 0.3398157407407407 0.01452083333333339 0.022296296296296283
0 0.6162265625000001 0.5258171296296296 0.01122395833333331 0.014082407407407358
0 0.8139244791666668 0.6067893518518519 0.02244270833333329 0.01877685185185185
0 0.8300963541666666 0.5152555555555556 0.009901041666666662 0.01642962962962955
0 0.8343880208333334 0.5316847222222222 0.011880208333333423 0.01642870370370375
0 0.2445895833333333 0.6648782407407409 0.015182291666666684 0.02229722222222224
0 0.3030083333333334 0.686587962962963 0.01320208333333337 0.01642962962962955
0 0.27330390625 0.6854143518518518 0.011881770833333328 0.021123148148148137
0 0.7921406249999999 0.5064546296296296 0.010562499999999985 0.015255555555555555
0 0.08154479166666667 0.6496222222222223 0.015182291666666655 0.015255555555555555
0 0.08946614583333333 0.6613578703703703 0.009901041666666662 0.02229722222222224
0 0.06603255208333333 0.6689851851851852 0.014522395833333332 0.023470370370370332
