0 0.5825598958333332 0.22129120370370373 0.016505208333333243 0.012908333333333336
0 0.5980729166666667 0.2506291666666667 0.010562499999999985 0.04811388888888889
0 0.5812421875 0.23948055555555559 0.004619791666666729 0.025816666666666648
0 0.5657265625 0.24534814814814815 0.013203124999999953 0.04694074074074077
4 0.5809114583333332 0.2647111111111111 0.06601041666666667 0.10444259259259257
0 0.48420572916666665 0.312825 0.015182291666666655 0.015255555555555555
2 0.4908067708333333 0.2999162037037037 0.029704166666666688 0.048113888888888914
0 0.30597890625 0.5005870370370371 0.01782239583333336 0.015255555555555555
0 0.28155520833333336 0.5017606481481481 0.015182291666666655 0.017602777777777853
0 0.7881822916666666 0.6466888888888889 0.019802083333333324 0.016429629629629655
0 0.7934609374999999 0.6959759259259259 0.00792187500000002 0.018775925925925946
0 0.6498906249999999 0.400837962962963 0.013864583333333276 0.015255555555555555
0 0.6294270833333333 0.3949708333333333 0.008583333333333342 0.015256481481481511
0 0.3297424479166667 0.6032689814814816 0.009901562499999983 0.014082407407407358
0 0.3086192708333333 0.6079629629629629 0.012541666666666687 0.016429629629629655
0 0.5195216145833333 0.4882648148148149 0.006602604166666678 0.016429629629629655
0 0.5026885416666667 0.5005870370370371 0.013862499999999993 0.015255555555555555
3 0.7868619791666667 0.618524537037037 0.047526041666666664 0.08449351851851856
3 0.8159062499999999 0.6748532407407407 0.05544791666666669 0.12439166666666673
3 0.644609375 0.38910324074074076 0.04158333333333329 0.062195370370370366
3 0.31753046875 0.5927074074074075 0.04488697916666666 0.068062962962963
3 0.29574739583333337 0.4735958333333333 0.056768749999999986 0.1067898148148148
3 0.5043388020833334 0.4829837962962964 0.04092656249999997 0.06688981481481486
