0 0.5825598958333332 0.22129120370370373 0.016505208333333243 0.012908333333333336
0 0.5980729166666667 0.2506291666666667 0.010562499999999985 0.04811388888888889
0 0.5805807291666667 0.23830694444444447 0.005942708333333376 0.021123148148148165
0 0.5650677083333332 0.24652175925925926 0.010562499999999985 0.04928796296296296
4 0.579921875 0.2629509259259259 0.06798958333333331 0.10796296296296294
0 0.48750625 0.31517222222222224 0.015182291666666655 0.015255555555555555
2 0.49443723958333335 0.3022634259259259 0.029044270833333326 0.04811388888888886
0 0.3043283854166667 0.5023472222222222 0.018482812499999984 0.018775925925925946
0 0.28056510416666663 0.501173611111111 0.01320208333333337 0.021123148148148137
0 0.7822395833333333 0.696562962962963 0.010562499999999985 0.017601851851851844
0 0.8139244791666668 0.7165129629629631 0.011880208333333423 0.01994999999999994
0 0.6162239583333333 0.37736851851851855 0.012541666666666748 0.015255555555555555
0 0.636359375 0.3738476851851852 0.009239583333333337 0.0176027777777778
0 0.3280921875 0.6032689814814814 0.010561458333333343 0.01877685185185185
0 0.30696901041666663 0.6073763888888889 0.01320156249999999 0.01760277777777775
0 0.5188609375 0.49002546296296295 0.006601041666666655 0.01760277777777775
0 0.5013682291666667 0.5005870370370371 0.012541666666666687 0.015255555555555555
3 0.7868619791666667 0.6214583333333333 0.047526041666666664 0.09270740740740732
3 0.8027057291666666 0.676026388888889 0.0633697916666667 0.12439166666666664
3 0.62315625 0.36445925925925926 0.04753125 0.06219629629629632
3 0.31621041666666666 0.5938805555555556 0.04752708333333331 0.06571666666666671
3 0.2950872395833334 0.47476944444444447 0.05676822916666667 0.10678888888888893
3 0.5049989583333333 0.48533148148148153 0.03960624999999999 0.0692370370370371
