0 0.5772786458333333 0.22187777777777778 0.01650520833333336 0.011735185185185192
0 0.5924609375000001 0.2506291666666667 0.01122395833333331 0.04811388888888889
0 0.5752994791666667 0.23830694444444447 0.00461979166666661 0.021123148148148165
0 0.5594583333333333 0.24886851851851854 0.012541666666666748 0.049287037037037004
4 0.574640625 0.2664712962962963 0.06798958333333331 0.10796296296296296
0 0.28584583333333335 0.31751944444444447 0.015842708333333337 0.015255555555555555
2 0.2914565104166667 0.3034365740740741 0.029704687500000007 0.04811388888888886
0 0.30762890625 0.49706620370370375 0.007921354166666639 0.01760277777777775
0 0.2871661458333333 0.5070412037037036 0.019803125000000026 0.01642870370370375
0 0.7918125 0.6437550925925926 0.016499999999999914 0.019949074074074143
0 0.76771875 0.626738888888889 0.01584375000000004 0.018775925925925946
0 0.7607864583333334 0.6396476851851852 0.016500000000000032 0.021123148148148137
0 0.20498359374999997 0.5076277777777779 0.009901562500000013 0.015255555555555555
0 0.19640234374999999 0.5305111111111112 0.012542187499999979 0.01642962962962955
0 0.6663932291666667 0.3368819444444444 0.009901041666666662 0.014082407407407412
0 0.6413098958333333 0.3362953703703704 0.009901041666666662 0.012909259259259266
0 0.5733177083333333 0.38264907407407406 0.01782291666666668 0.011735185185185218
0 0.5898203125 0.39086342592592593 0.005942708333333376 0.01877685185185185
0 0.5713385416666666 0.3984916666666667 0.01121874999999998 0.015255555555555555
0 0.22907734374999997 0.6284995370370371 0.00924114583333333 0.01760277777777775
0 0.24855026041666667 0.6343671296296296 0.013861979166666672 0.01760277777777775
0 0.5251302083333333 0.4689023148148148 0.007260416666666695 0.01760277777777775
0 0.5069791666666666 0.4782898148148148 0.014521875000000031 0.015255555555555607
3 0.7759687500000001 0.6208717592592593 0.058749999999999976 0.09388055555555552
3 0.24326953124999998 0.6214583333333333 0.04686718750000004 0.069237037037037
3 0.6564921874999999 0.31165185185185185 0.05874479166666665 0.09974814814814811
3 0.19607239583333333 0.5152555555555556 0.040926041666666656 0.068062962962963
3 0.29211692708333337 0.4741828703703703 0.05082760416666664 0.11031018518518512
3 0.5096192708333334 0.4618611111111111 0.03960520833333335 0.06454259259259261
3 0.5746380208333334 0.38675601851851854 0.04026562499999997 0.059849074074074075
