0 0.5868515625 0.24769537037037034 0.01716145833333336 0.014081481481481507
0 0.6036848958333332 0.27820648148148147 0.01122395833333331 0.05163518518518521
0 0.5696901041666667 0.27233888888888885 0.013203124999999953 0.049287037037037004
0 0.5852005208333333 0.2652981481481482 0.00461979166666661 0.023470370370370384
4 0.5848697916666666 0.29522268518518524 0.07129166666666673 0.11383055555555557
0 0.4759544270833333 0.3421625 0.015842187500000014 0.0176027777777778
2 0.48222552083333337 0.3286671296296297 0.03102499999999999 0.0516342592592593
0 0.2640625 0.5451800925925926 0.014521875000000002 0.019949074074074036
0 0.29079661458333333 0.5469407407407408 0.0178223958333333 0.018775925925925946
0 0.713921875 0.4430847222222222 0.012541666666666628 0.024643518518518526
0 0.740984375 0.4577537037037037 0.019145833333333327 0.016429629629629603
0 0.1957421875 0.5475268518518518 0.009901041666666662 0.015255555555555555
0 0.20432343749999998 0.5569152777777777 0.007261458333333337 0.017602777777777853
0 0.18386041666666667 0.5715842592592593 0.012541666666666687 0.016429629629629655
0 0.5795885416666666 0.42078842592592597 0.01452083333333339 0.01760277777777775
0 0.7258020833333333 0.5897736111111112 0.020458333333333318 0.01760277777777775
0 0.7304218749999999 0.6073759259259258 0.013864583333333395 0.015255555555555555
0 0.7056692708333333 0.6050291666666667 0.011880208333333305 0.01760277777777775
0 0.214225 0.6801337962962963 0.008581249999999999 0.01760277777777775
0 0.23501796875 0.6860013888888888 0.014522395833333323 0.01760277777777775
0 0.5366848958333333 0.5176027777777777 0.006598958333333371 0.016429629629629655
0 0.5175408854166667 0.5281643518518518 0.014522395833333352 0.016428703703703647
3 0.7208515624999999 0.5944675925925926 0.05280729166666672 0.07393148148148149
3 0.2297375 0.6730925925925927 0.04752708333333331 0.07393148148148149
3 0.7317421875 0.43839074074074075 0.05610937500000001 0.08331851851851844
3 0.1861708333333333 0.5516342592592592 0.04488645833333331 0.07275740740740738
3 0.28254531250000003 0.5158421296296297 0.060729166666666674 0.11383055555555552
3 0.5769505208333333 0.38264907407407406 0.048848958333333435 0.11265740740740743
3 0.5211703125 0.5123222222222222 0.04554479166666662 0.0692370370370371
