0 0.9895104166666667 0.30871805555555554 0.021125000000000088 0.014082407407407412
2 0.9875338541666667 0.2934625 0.027723958333333344 0.05163425925925925
0 0.16537760416666666 0.3181060185185185 0.011221874999999996 0.014082407407407412
0 0.1716484375 0.3304277777777778 0.009241666666666681 0.015255555555555555
0 0.15349583333333333 0.3362953703703704 0.012541666666666658 0.015255555555555555
0 0.0719734375 0.6695722222222221 0.013202083333333333 0.022296296296296335
0 0.08088463541666666 0.6836546296296296 0.009901562499999997 0.015255555555555555
0 0.057121197916666665 0.6942157407407407 0.016502395833333336 0.015255555555555555
0 0.3485552083333333 0.7505444444444445 0.021122916666666686 0.017601851851851844
0 0.3254518229166667 0.7393962962962963 0.007921354166666639 0.023470370370370332
0 0.32182109375 0.6953893518518519 0.009901562500000042 0.019949074074074036
0 0.71721875 0.4683148148148148 0.01782291666666668 0.011735185185185166
0 0.7175494791666668 0.4829842592592593 0.018484375000000004 0.015255555555555555
0 0.6287682291666667 0.4911986111111111 0.008578125000000015 0.01760277777777775
3 0.6119348958333333 0.4507125 0.0594114583333333 0.11265648148148152
3 0.15778645833333332 0.3233865740740741 0.04356666666666668 0.059849074074074075
3 0.06240208333333333 0.6748527777777779 0.05214791666666666 0.07275740740740738
3 0.3442645833333334 0.7088847222222223 0.054788541666666704 0.12439166666666673
3 0.3376635416666666 0.6519694444444444 0.06931041666666668 0.13495370370370371
3 0.7159010416666667 0.4595138888888889 0.04686458333333334 0.08566666666666665
