0 0.6066536458333334 0.24710833333333335 0.018484375000000004 0.015255555555555555
0 0.6251380208333333 0.2811402777777777 0.011880208333333423 0.057502777777777785
0 0.6050026041666666 0.2682319444444445 0.005942708333333257 0.029337962962962965
0 0.5861901041666667 0.2758597222222222 0.01320312500000007 0.056328703703703686
4 0.604671875 0.29698287037037036 0.08053124999999994 0.1290861111111111
0 0.24888020833333335 0.35331111111111113 0.01848229166666666 0.018775925925925894
2 0.25614114583333336 0.33746898148148147 0.03432500000000003 0.05515462962962964
0 0.2670330729166667 0.5856662037037037 0.023103645833333353 0.016428703703703647
0 0.7000572916666667 0.4090527777777778 0.019145833333333327 0.010561111111111117
0 0.725140625 0.4178541666666667 0.008583333333333342 0.018776851851851902
0 0.6987395833333333 0.42665555555555557 0.021781249999999967 0.017601851851851844
0 0.069003125 0.7112319444444445 0.017822916666666667 0.01877685185185185
0 0.09375703125 0.7270740740740741 0.011881770833333328 0.02229629629629623
0 0.06273229166666666 0.7300078703703704 0.013202083333333333 0.021123148148148245
0 0.598734375 0.4407375 0.014520833333333271 0.0176027777777778
0 0.799734375 0.7323550925925926 0.012541666666666628 0.01877685185185185
0 0.8109557291666666 0.7599324074074074 0.015182291666666596 0.019950000000000048
0 0.20366328125 0.7341152777777779 0.012542187500000008 0.01760277777777775
0 0.17758932291666665 0.7411560185185185 0.015842187500000014 0.01760277777777775
0 0.5531848958333333 0.5410731481481482 0.006598958333333371 0.018775925925925946
0 0.5340416666666666 0.5516342592592592 0.01452083333333333 0.018775925925925946
3 0.8096354166666666 0.7446768518518518 0.04951041666666664 0.08097222222222226
3 0.18848125000000002 0.7247273148148149 0.05874895833333333 0.07627870370370368
3 0.7023697916666667 0.3990782407407408 0.05677083333333333 0.09388055555555552
3 0.07659408854166667 0.7135787037037037 0.05940869791666666 0.09153333333333333
3 0.6010416666666667 0.3984916666666667 0.053468749999999926 0.12321851851851849
3 0.5366846354166666 0.5316847222222223 0.04884947916666663 0.07979907407407406
3 0.26505260416666665 0.5457666666666667 0.05346770833333334 0.12673888888888882
0 0.6086354166666667 0.28700787037037034 0.0066041666666667 0.029337962962962965
