0 0.6023645833333333 0.24300138888888892 0.01782291666666668 0.014082407407407412
0 0.6201875 0.2764462962962963 0.012541666666666628 0.05515555555555554
0 0.6010442708333333 0.26353796296296295 0.005942708333333376 0.026990740740740773
0 0.58321875 0.27057870370370374 0.012541666666666628 0.05280740740740739
4 0.5990624999999999 0.29346203703703705 0.0785520833333333 0.12204444444444447
0 0.41984583333333336 0.33922916666666664 0.019803125000000026 0.014082407407407412
2 0.41687552083333335 0.32221342592592594 0.028384374999999965 0.05280833333333335
0 0.28749609375 0.5621958333333333 0.0165026041666667 0.021123148148148137
0 0.2594419270833333 0.569237037037037 0.018482812499999984 0.018775925925925946
0 0.7106197916666666 0.588012962962963 0.021781249999999967 0.018775925925925946
0 0.08352526041666666 0.6906953703703704 0.020463020833333342 0.015255555555555555
0 0.10695885416666666 0.705950925925926 0.010561458333333329 0.019950000000000048
0 0.07857447916666667 0.7077111111111111 0.01320208333333334 0.018775925925925946
0 0.7875208333333333 0.7106453703703705 0.011885416666666633 0.01994999999999994
0 0.7977552083333334 0.7382226851851852 0.01782291666666668 0.01877685185185185
0 0.37033854166666663 0.6948027777777778 0.015842708333333337 0.016429629629629655
3 0.33304296875 0.9946342592592592 0.07327135416666669 0.08800925925925922
3 0.7980833333333334 0.7182731481481481 0.048843749999999984 0.08449259259259255
3 0.37297890625 0.676026851851852 0.04488697916666666 0.07275740740740738
3 0.7099583333333332 0.5557416666666667 0.053468750000000044 0.09974814814814821
3 0.09111640625 0.6936291666666667 0.05676822916666667 0.08918611111111113
3 0.27363385416666663 0.5316847222222223 0.06666979166666664 0.1220453703703704
