0 0.5960911458333332 0.22187824074074075 0.01716145833333336 0.014082407407407412
0 0.6284375 0.2852476851851852 0.0066041666666667 0.04693981481481481
0 0.606984375 0.2547361111111111 0.007260416666666695 0.035205555555555545
0 0.5960911458333332 0.24828194444444446 0.007921874999999901 0.04107314814814816
0 0.555828125 0.2764458333333334 0.005281250000000052 0.048113888888888914
0 0.5931197916666666 0.2793800925925926 0.01782291666666668 0.014082407407407412
4 0.5927916666666666 0.2652981481481482 0.08053125000000005 0.11265740740740743
0 0.45153072916666664 0.30343703703703706 0.017162499999999997 0.015255555555555555
2 0.45021067708333334 0.2881814814814815 0.025083854166666697 0.045766666666666664
0 0.15712630208333334 0.48885138888888885 0.007921354166666669 0.017602777777777853
0 0.12412135416666666 0.479463425925926 0.009241666666666667 0.0176027777777778
0 0.13501302083333333 0.4982393518518519 0.02178333333333334 0.017602777777777853
0 0.6967578125 0.559262037037037 0.019140625 0.015255555555555555
0 0.7205234375 0.5727574074074074 0.015182291666666714 0.018775925925925946
0 0.6908177083333332 0.5756916666666667 0.016500000000000032 0.01994999999999994
0 0.1330328125 0.6202851851851852 0.01782291666666668 0.015255555555555555
0 0.15382604166666666 0.6355407407407407 0.010561458333333343 0.015255555555555555
0 0.127421875 0.6378875 0.010561458333333329 0.01760277777777775
0 0.7475859374999999 0.6396476851851851 0.009901041666666662 0.01877685185185185
0 0.7568281250000001 0.6637046296296296 0.013864583333333395 0.015255555555555555
0 0.35152578125 0.31927916666666667 0.012542187500000008 0.014082407407407412
3 0.35119557291666664 0.3063708333333333 0.03432552083333338 0.056328703703703686
3 0.08484544270833333 0.9834861111111111 0.07855182291666667 0.11030555555555556
3 0.7568255208333333 0.6478625 0.04158854166666662 0.07510462962962969
3 0.14029375 0.6255657407407408 0.05346770833333333 0.07979814814814816
3 0.1373234375 0.4677287037037038 0.052808333333333346 0.10444259259259266
3 0.7053385416666667 0.5516342592592592 0.058750000000000094 0.09153333333333333
