2 0.3255208333333333 0.5018518518518519 0.027083333333333334 0.06296296296296297
0 0.31875 0.5050925925925926 0.0125 0.017592592592592594
4 0.6377604166666666 0.4671296296296297 0.08802083333333333 0.12314814814814816
0 0.6411458333333333 0.42314814814814816 0.019791666666666666 0.016666666666666666
0 0.6544270833333333 0.45555555555555555 0.0078125 0.03888888888888889
0 0.5994791666666667 0.4967592592592593 0.007291666666666667 0.026851851851851852
0 0.6416666666666666 0.45416666666666666 0.008333333333333333 0.036111111111111115
0 0.6390625 0.4847222222222222 0.020833333333333332 0.017592592592592594
0 0.6760416666666667 0.5055555555555555 0.00625 0.02592592592592593
3 0.5356770833333333 0.46805555555555556 0.03697916666666667 0.06759259259259259
3 0.45234375 0.45601851851851855 0.049479166666666664 0.09907407407407408
3 0.36171875 0.49768518518518523 0.0546875 0.0787037037037037
3 0.33619791666666665 0.8689814814814815 0.0515625 0.08796296296296297
3 0.15442708333333333 0.9810185185185185 0.05677083333333333 0.03796296296296296
3 0.5947916666666666 0.46481481481481485 0.041666666666666664 0.07592592592592592
0 0.57734375 0.4967592592592593 0.011979166666666666 0.015740740740740743
0 0.38229166666666664 0.513888888888889 0.011458333333333333 0.022222222222222223
0 0.35234375 0.5222222222222223 0.018229166666666668 0.020370370370370372
0 0.5395833333333333 0.4689814814814815 0.015625 0.01388888888888889
0 0.5427083333333333 0.4861111111111111 0.013541666666666667 0.014814814814814815
0 0.3458333333333333 0.887962962962963 0.014583333333333334 0.018518518518518517
3 0.5736979166666667 0.4861111111111111 0.034895833333333334 0.05925925925925926
0 0.32526041666666666 0.8703703703703703 0.01614583333333333 0.016666666666666666
