0 0.5967526041666666 0.22129120370370373 0.01716145833333336 0.012908333333333336
0 0.6287682291666667 0.2870078703703704 0.005942708333333376 0.05046018518518515
0 0.6076458333333333 0.25532314814814816 0.007260416666666695 0.03872592592592594
0 0.5974114583333334 0.24828194444444446 0.009239583333333337 0.04107314814814816
0 0.5561562499999999 0.27820648148148147 0.005937500000000047 0.049287037037037004
0 0.5941119791666667 0.28055324074074073 0.01716145833333336 0.014082407407407412
4 0.5924609375000001 0.26705833333333334 0.08119270833333339 0.10913703703703706
0 0.4528510416666666 0.30343703703703706 0.015842708333333337 0.015255555555555555
2 0.45087083333333333 0.28876805555555557 0.023763541666666655 0.04693981481481481
0 0.13897369791666667 0.4841574074074074 0.009901562499999983 0.019950000000000048
0 0.11818046874999999 0.47887685185185186 0.02112343750000001 0.011735185185185166
0 0.11686015625 0.4964791666666667 0.02112343750000001 0.014082407407407464
0 0.6736562500000001 0.5768648148148148 0.01782291666666668 0.015255555555555555
0 0.6677135416666667 0.5909467592592592 0.019145833333333327 0.01760277777777775
0 0.6974166666666667 0.5921203703703704 0.016500000000000032 0.019950000000000048
0 0.13270260416666665 0.6202851851851852 0.01980312500000001 0.015255555555555555
0 0.15349583333333333 0.6349537037037037 0.011221874999999996 0.018775925925925946
0 0.12709192708333333 0.637300925925926 0.012542187500000008 0.016429629629629655
0 0.7485755208333333 0.6408212962962964 0.009244791666666667 0.018775925925925946
0 0.7568281250000001 0.6654648148148148 0.013864583333333395 0.01642962962962955
0 0.3779296875 0.2787935185185185 0.009901041666666662 0.015255555555555555
3 0.37132890625 0.2858342592592593 0.040266145833333294 0.05750185185185189
3 0.06801291666666667 0.9582541666666666 0.08845333333333333 0.14199166666666657
3 0.7574869791666666 0.647275462962963 0.04158854166666662 0.07393055555555558
3 0.13930364583333335 0.6226314814814815 0.05148750000000001 0.08097222222222226
3 0.12181093750000001 0.4624476851851852 0.052147916666666676 0.1032694444444444
3 0.6815755208333333 0.5704106481481481 0.05874479166666665 0.09622870370370362
