0 0.6119348958333333 0.2212916666666667 0.01716145833333336 0.015255555555555555
0 0.644609375 0.28642129629629637 0.005937499999999929 0.049287037037037004
0 0.6241458333333333 0.2553226851851852 0.008583333333333342 0.03637870370370369
0 0.6132552083333332 0.24886851851851854 0.010562499999999985 0.0422462962962963
0 0.5729895833333333 0.27820648148148147 0.0066041666666667 0.049287037037037004
0 0.6089635416666667 0.2787935185185185 0.01782291666666668 0.015255555555555555
4 0.6083046875000001 0.2647115740740741 0.08119270833333339 0.1138305555555556
0 0.4686934895833333 0.30343703703703706 0.015842187500000014 0.012909259259259266
2 0.4663830729166667 0.2875949074074074 0.024423437500000016 0.04459351851851852
0 0.15085546875000003 0.47300925925925924 0.011221354166666675 0.014081481481481454
0 0.14062395833333333 0.49413240740740744 0.01980312500000001 0.01642962962962955
0 0.11917083333333332 0.490025 0.008581249999999999 0.019950000000000048
0 0.6706822916666667 0.6144171296296297 0.02112499999999997 0.01760277777777775
0 0.6515416666666667 0.5927074074074075 0.011885416666666633 0.018775925925925946
0 0.6432890624999998 0.6050291666666666 0.009901041666666662 0.02229722222222224
0 0.1501953125 0.6191111111111113 0.01782291666666668 0.015255555555555555
0 0.17098854166666666 0.6326064814814815 0.010561458333333343 0.016429629629629655
0 0.144584375 0.6361273148148149 0.01320208333333334 0.01877685185185185
0 0.018175390625 0.9553240740740742 0.017822656250000003 0.01877777777777786
0 0.7914817708333333 0.6549037037037038 0.00792187500000002 0.01877592592592584
0 0.7637578125 0.6396476851851852 0.009244791666666667 0.01642870370370375
0 0.7716796875 0.6648782407407408 0.01583854166666659 0.01760277777777775
0 0.5073091145833333 0.27233888888888885 0.009901562499999983 0.011735185185185218
3 0.02180606770833333 0.9207037037037038 0.07129098958333334 0.13025925925925932
3 0.50169765625 0.27527268518518516 0.03960468749999997 0.059849074074074075
3 0.7743177083333334 0.6484490740740741 0.05016666666666663 0.07627777777777778
3 0.15712630208333334 0.6208717592592593 0.05676822916666667 0.07979907407407406
3 0.13831354166666668 0.4642078703703704 0.052147916666666676 0.1044416666666667
3 0.6627604166666666 0.5903601851851852 0.05544791666666669 0.09388148148148143
