0 0.6241458333333334 0.22539814814814815 0.01782291666666668 0.011735185185185192
0 0.6574817708333334 0.29346249999999996 0.005276041666666723 0.04459351851851852
0 0.636359375 0.2588439814814815 0.0066041666666667 0.036378703703703746
0 0.6257968750000001 0.25180231481481485 0.010562499999999985 0.04107314814814813
0 0.5848723958333333 0.282900925925926 0.006598958333333371 0.042246296296296275
0 0.6221666666666666 0.2840740740740741 0.016500000000000032 0.014081481481481454
4 0.6205156249999999 0.2711657407407408 0.08053125000000005 0.11500370370370372
0 0.48123541666666664 0.3063708333333333 0.017162499999999997 0.014082407407407412
2 0.4792549479166666 0.29228888888888893 0.022443229166666672 0.04694074074074071
0 0.16372734374999998 0.5269907407407408 0.01848281250000001 0.016429629629629655
0 0.16900833333333332 0.5422467592592594 0.017162499999999997 0.021123148148148137
0 0.1416140625 0.5422462962962963 0.016502083333333317 0.018775925925925946
0 0.6974166666666667 0.6085499999999999 0.007260416666666695 0.01994999999999994
0 0.6733229166666667 0.6179375 0.02112499999999997 0.017602777777777853
0 0.16273723958333336 0.6226319444444445 0.016502604166666667 0.012908333333333362
0 0.18353020833333333 0.6355402777777778 0.010561458333333343 0.01760277777777775
0 0.15778645833333335 0.6378875 0.011882291666666678 0.015256481481481565
0 0.03203747395833333 0.9641250000000001 0.017822656250000003 0.01995370370370366
0 0.7762994791666666 0.6443416666666667 0.011880208333333423 0.01642962962962955
0 0.7845520833333334 0.6701592592592592 0.013864583333333395 0.01877592592592584
0 0.5205119791666667 0.2758597222222222 0.009903125000000006 0.0164287037037037
3 0.5145703125000001 0.27820648148148147 0.04026562500000003 0.05632777777777778
3 0.7868619791666667 0.6560768518518518 0.04620312500000002 0.07275740740740738
3 0.16966822916666668 0.6243921296296296 0.05412812499999999 0.08214537037037035
3 0.03236760416666667 0.9277449074074074 0.077891875 0.1349546296296295
3 0.6759661458333334 0.5950541666666667 0.052807291666666596 0.08683981481481486
3 0.15514583333333332 0.5129087962962964 0.06072916666666666 0.11265648148148141
