0 0.6251354166666666 0.23654675925925925 0.01584375000000004 0.01290833333333331
0 0.6574817708333334 0.30519722222222223 0.006598958333333371 0.042246296296296275
0 0.6366875000000001 0.26999212962962965 0.007260416666666695 0.037552777777777796
0 0.6254661458333333 0.2629509259259259 0.009901041666666662 0.037551851851851836
0 0.5858619791666667 0.29522268518518524 0.005942708333333257 0.04107314814814813
0 0.6224973958333334 0.29404907407407405 0.018484375000000004 0.015255555555555555
4 0.6218385416666665 0.28172685185185187 0.08053125000000005 0.11265740740740743
0 0.480575 0.3175189814814815 0.017162499999999997 0.012908333333333362
2 0.48024505208333335 0.3022634259259259 0.023103645833333353 0.04576759259259257
0 0.15646614583333332 0.5404861111111111 0.019803124999999994 0.012909259259259266
0 0.15679635416666665 0.557501851851852 0.02178333333333334 0.016429629629629655
0 0.6832239583333333 0.6296726851851853 0.019802083333333324 0.01760277777777775
0 0.6640833333333334 0.6062023148148148 0.010562499999999985 0.01760277777777775
0 0.6555026041666667 0.618524537037037 0.011880208333333305 0.01877685185185185
0 0.16339739583333335 0.6326064814814816 0.01782291666666668 0.011735185185185166
0 0.18353046875 0.647275462962963 0.00924114583333333 0.01760277777777775
0 0.15811666666666666 0.6484490740740741 0.011221875000000025 0.017601851851851844
0 0.032367526041666664 0.9764444444444444 0.015842343749999998 0.02112962962962957
0 0.7769609375 0.6584240740740741 0.011880208333333423 0.016429629629629655
0 0.7928020833333334 0.6801342592592593 0.01584375000000004 0.015255555555555555
0 0.7697005208333334 0.6730930555555555 0.00792187500000002 0.017602777777777853
0 0.5211708333333332 0.2864208333333334 0.011220833333333324 0.014082407407407412
3 0.5142414062499999 0.2905287037037037 0.03828802083333329 0.05750185185185183
3 0.786203125 0.6642916666666666 0.05016666666666675 0.07745185185185188
3 0.17131848958333334 0.6343666666666666 0.05346822916666669 0.07393148148148149
3 0.032697473958333334 0.9365476851851852 0.07591130208333333 0.13847870370370371
3 0.6756328125 0.6044421296296296 0.05610937500000001 0.09388055555555563
3 0.15712630208333334 0.5222962962962963 0.04620677083333333 0.10796296296296298
