0 0.6046744791666666 0.24945555555555554 0.01716145833333336 0.012909259259259266
0 0.6376770833333334 0.31810601851851855 0.005281250000000052 0.03989907407407408
0 0.6172161458333334 0.2811402777777778 0.006598958333333371 0.03637870370370369
0 0.6066562500000001 0.27527268518518516 0.010562499999999985 0.04107314814814813
0 0.5670494791666667 0.3075439814814815 0.006598958333333253 0.03989907407407408
0 0.6033541666666666 0.30578379629629626 0.018479166666666675 0.01290833333333331
4 0.6020338541666667 0.2934625 0.07921354166666675 0.11031018518518518
0 0.46473281250000004 0.32925416666666674 0.017162499999999997 0.01290833333333331
2 0.4634127604166667 0.3134115740740741 0.022443229166666672 0.04459351851851852
0 0.24128906249999998 0.7775351851851853 0.016502083333333348 0.022296296296296335
0 0.21257473958333334 0.7863365740740741 0.019802604166666675 0.01877685185185185
0 0.31390000000000007 0.6660518518518519 0.008581249999999999 0.019950000000000048
0 0.33832395833333334 0.6736796296296297 0.015182291666666714 0.016429629629629655
0 0.6439505208333334 0.6132439814814815 0.013859375000000066 0.01760277777777775
0 0.6627630208333334 0.6326064814814816 0.018484375000000004 0.018775925925925946
0 0.6366901041666667 0.6249787037037037 0.009901041666666662 0.019950000000000048
0 0.15184557291666667 0.6390611111111112 0.01716302083333332 0.012909259259259266
0 0.17263880208333332 0.6537296296296297 0.009901562499999983 0.018775925925925946
0 0.1459046875 0.6549032407407407 0.010561458333333343 0.01642870370370375
0 0.022466041666666665 0.9782037037037038 0.017162604166666668 0.02229629629629623
0 0.7106197916666666 0.7323550925925926 0.020458333333333318 0.011734259259259262
0 0.7129296875 0.7493712962962963 0.013203124999999953 0.015255555555555555
0 0.6885052083333333 0.7423296296296296 0.009239583333333337 0.015255555555555555
0 0.5102796875000001 0.3093046296296296 0.007920833333333318 0.012909259259259266
0 0.5036786458333333 0.29756944444444444 0.010561458333333343 0.015255555555555555
3 0.4980677083333333 0.30050324074074075 0.03894583333333331 0.05632870370370374
3 0.023786171874999998 0.9388949074074074 0.07657140625 0.13378425925925924
3 0.7053385416666667 0.7329416666666667 0.04818749999999999 0.07627777777777787
3 0.15679635416666665 0.6414078703703704 0.05346770833333333 0.07393055555555558
3 0.22478645833333336 0.7481972222222223 0.06666979166666669 0.12791296296296292
3 0.33106276041666666 0.6484490740740741 0.06006927083333332 0.10913703703703709
3 0.6564921874999999 0.6067898148148149 0.057432291666666656 0.08449259259259255
