2 0.26208229166666663 0.5275773148148148 0.03036458333333331 0.05984907407407403
0 0.25251067708333336 0.529924537037037 0.011221354166666675 0.01760277777777775
4 0.5716692708333333 0.4882648148148149 0.08713020833333332 0.1196981481481481
0 0.5752994791666667 0.44132453703703706 0.017817708333333352 0.0164287037037037
0 0.5756302083333333 0.4759430555555556 0.009239583333333337 0.03637870370370369
0 0.588171875 0.4765296296296297 0.009239583333333337 0.035205555555555545
0 0.6106145833333334 0.5269907407407407 0.005281250000000052 0.023470370370370332
0 0.5333854166666666 0.5152555555555556 0.005281250000000052 0.018775925925925946
0 0.5726588541666667 0.5029337962962963 0.019140625 0.019949074074074143
3 0.41819583333333327 0.4847439814814815 0.05610833333333331 0.09857500000000001
3 0.44922057291666667 0.4777032407407407 0.03762552083333333 0.056328703703703686
3 0.44393958333333333 0.5222967592592593 0.049507291666666654 0.07510462962962958
3 0.49509869791666666 0.47359629629629635 0.05149010416666666 0.09270740740740743
3 0.49311718750000005 0.5434199074074074 0.04356666666666668 0.06806388888888891
3 0.6432890624999998 0.5774518518518519 0.06667187499999999 0.11500370370370366
0 0.48750625 0.5551550925925927 0.011221874999999966 0.016428703703703647
0 0.41555546875 0.5211231481481482 0.009901562499999983 0.018775925925925946
0 0.4617625 0.519362962962963 0.011221874999999966 0.015255555555555555
0 0.44426953124999996 0.5475273148148149 0.018482812499999984 0.017602777777777853
0 0.45681171875000004 0.4753564814814815 0.00924114583333336 0.018775925925925946
0 0.46242239583333333 0.4882648148148149 0.007261458333333337 0.014081481481481454
0 0.6261249999999999 0.5979884259259259 0.012541666666666748 0.01760277777777775
0 0.6561614583333333 0.5979884259259259 0.013197916666666623 0.01760277777777775
0 0.49740755208333337 0.5 0.0165026041666667 0.01642962962962955
0 0.4805752604166667 0.4847444444444445 0.011881770833333328 0.01408148148148156
