0 0.6894973958333334 0.24065416666666667 0.019140625 0.011734259259259262
0 0.7211822916666667 0.3093046296296296 0.007260416666666695 0.041072222222222225
0 0.7013776041666666 0.27351250000000005 0.005942708333333257 0.03520462962962965
0 0.6901562499999999 0.2688185185185185 0.008583333333333342 0.037551851851851836
0 0.6498906249999999 0.29991666666666666 0.005937500000000047 0.03872592592592594
0 0.6865260416666668 0.29815601851851853 0.018479166666666557 0.014082407407407412
4 0.6855364583333333 0.2846606481481481 0.07855208333333341 0.11383055555555555
0 0.5472447916666667 0.31986574074074076 0.017166666666666684 0.015255555555555555
2 0.5455963541666667 0.30402361111111115 0.02442187500000005 0.04693981481481481
0 0.4106046875 0.6343666666666666 0.01320208333333331 0.019950000000000048
0 0.38783098958333334 0.6284995370370371 0.020463020833333328 0.012908333333333362
0 0.38420052083333334 0.6449287037037037 0.019803125000000026 0.015255555555555555
0 0.2792447916666667 0.5005870370370371 0.011882291666666649 0.015255555555555555
0 0.2531708333333333 0.5052805555555555 0.012541666666666658 0.015255555555555555
0 0.7911536458333333 0.6097236111111111 0.015182291666666596 0.01760277777777775
0 0.7984140624999999 0.6243921296296296 0.01122395833333331 0.021123148148148137
0 0.7696979166666666 0.6308467592592593 0.019802083333333324 0.017602777777777853
0 0.2369984375 0.6208717592592593 0.017162499999999997 0.014082407407407358
0 0.25614140625000004 0.6361273148148148 0.00924114583333333 0.014082407407407358
0 0.23270755208333332 0.637300925925926 0.009901562499999983 0.016429629629629655
0 0.11025911458333333 0.9506249999999999 0.018482812499999998 0.02112037037037032
0 0.06504244791666666 0.4847444444444445 0.012542187500000001 0.018775925925925946
3 0.02411627604166667 0.4630342592592593 0.03762567708333333 0.06454259259259255
3 0.05580109375 0.4882648148148149 0.04158635416666667 0.068062962962963
3 0.11256953125 0.9136643518518518 0.07327135416666666 0.13026388888888885
3 0.24392968750000002 0.6249791666666666 0.052147916666666676 0.07862499999999997
3 0.7792682291666666 0.6067898148148149 0.05610937500000001 0.09622777777777783
3 0.3941020833333333 0.6120703703703705 0.056768749999999986 0.11617777777777787
3 0.26307239583333336 0.4847444444444445 0.06138958333333333 0.09622777777777777
