2 -0.005588203125 0.745263425925926 0.04158630208333333 0.07510462962962969
0 0.1630671875 0.3186925925925926 0.01320208333333331 0.015255555555555555
0 0.16933828125 0.332775 0.009901562499999983 0.015255555555555555
0 0.14986536458333333 0.33570879629629635 0.011881770833333357 0.014082407407407412
0 0.04358921875 0.6906953703703704 0.0105615625 0.015255555555555555
0 0.06735286458333332 0.6930425925925927 0.015842187500000007 0.015255555555555555
0 0.3257817708333333 0.7118185185185185 0.011221875000000025 0.019950000000000048
0 0.350865625 0.7200333333333333 0.01914270833333334 0.01994999999999994
0 0.30894921875 0.6801337962962963 0.010561979166666664 0.01760277777777775
0 0.7294322916666667 0.5381393518518518 0.02112499999999997 0.017602777777777853
0 0.7304218749999999 0.5234699074074075 0.019145833333333327 0.009387962962962973
0 0.9839010416666666 0.6050291666666667 0.01121874999999998 0.01760277777777775
0 0.9928125 0.6308467592592593 0.01584375000000004 0.017602777777777853
0 0.6267864583333334 0.4923722222222222 0.008583333333333342 0.015255555555555555
3 0.6112760416666667 0.4536462962962963 0.05940625000000009 0.11148333333333332
3 0.15646640625 0.32280000000000003 0.04488697916666666 0.06102222222222222
3 0.06042187499999999 0.6795472222222223 0.05478854166666667 0.07275740740740749
3 0.3445947916666667 0.6860013888888888 0.056768749999999986 0.12556574074074073
3 0.32116119791666664 0.6378875 0.060069270833333376 0.1396472222222222
3 0.7307526041666667 0.5105615740740741 0.047526041666666664 0.08918611111111113
3 0.9947916666666666 0.617351388888889 0.0514895833333334 0.07510462962962969
