0 0.7723411458333334 0.2424148148148148 0.017161458333333237 0.015255555555555555
0 0.805015625 0.312825 0.0072604166666665765 0.04107222222222218
0 0.7842213541666666 0.27703333333333335 0.006598958333333371 0.035205555555555545
0 0.7736588541666667 0.2694050925925926 0.009244791666666667 0.04107314814814813
0 0.7320729166666666 0.30050324074074075 0.0066041666666667 0.03989907407407408
4 0.76771875 0.2870078703703704 0.08317708333333323 0.11383055555555557
0 0.7690390624999999 0.30108981481481484 0.01716145833333336 0.015255555555555555
0 0.6277786458333333 0.31986574074074076 0.01716145833333336 0.015255555555555555
2 0.6261249999999999 0.30578379629629626 0.023104166666666613 0.04341944444444442
0 0.46341249999999995 0.6924555555555556 0.014521874999999972 0.018775925925925946
0 0.4564815104166666 0.7071245370370371 0.013861979166666672 0.02229722222222224
0 0.48420572916666665 0.7071245370370371 0.017822916666666622 0.02229722222222224
0 0.3637375 0.5839060185185185 0.014521875000000031 0.01760277777777775
0 0.33502343749999997 0.5751046296296297 0.008581249999999999 0.016429629629629655
0 0.9667395833333332 0.6848277777777778 0.023104166666666613 0.012909259259259266
0 0.9693776041666666 0.7030175925925927 0.020463541666666647 0.018775925925925946
0 0.9383541666666666 0.6918689814814815 0.013864583333333395 0.024643518518518526
0 0.31819062499999995 0.6167638888888889 0.015842708333333337 0.015255555555555555
0 0.33700364583333337 0.6290861111111111 0.008581249999999999 0.01408148148148156
0 0.31323984374999997 0.6290861111111111 0.009901562500000042 0.01642962962962955
0 0.19343177083333335 0.9347851851851852 0.015842708333333337 0.01994814814814813
3 0.19541223958333334 0.8984060185185184 0.06865052083333334 0.1279101851851851
3 0.32314140625 0.6144171296296297 0.04818697916666667 0.07627870370370368
3 0.47331406249999997 0.678960648148148 0.060729166666666674 0.12087129629629635
3 0.3538359375 0.5557416666666667 0.05808854166666665 0.1044425925925926
3 0.9598098958333333 0.6736796296296297 0.0633697916666667 0.1032685185185186
