0 0.8198671875 0.24241435185185187 0.018484375000000004 0.012908333333333362
0 0.8528723958333333 0.31223796296296297 0.007921874999999901 0.042246296296296275
0 0.8317473958333332 0.2764462962962963 0.006598958333333371 0.03637962962962965
0 0.8198671875 0.2711657407407408 0.00792187500000002 0.035205555555555545
0 0.7779505208333333 0.30108981481481484 0.005942708333333257 0.03872592592592594
4 0.8152447916666666 0.2881810185185185 0.08448958333333334 0.11383055555555557
0 0.8152473958333334 0.3016768518518519 0.01716145833333336 0.014081481481481507
0 0.6726640624999999 0.31927916666666667 0.018484375000000004 0.014082407407407412
2 0.6710130208333334 0.30402361111111115 0.025744791666666583 0.04928796296296296
0 0.5419635416666667 0.7710805555555557 0.010562499999999985 0.023470370370370437
0 0.5343723958333333 0.7857500000000001 0.009901041666666662 0.019950000000000048
0 0.5574765625 0.7933777777777777 0.021786458333333297 0.011735185185185166
0 0.5762890624999999 0.6120699074074074 0.00792187500000002 0.017602777777777853
0 0.5505442708333333 0.6196981481481482 0.01320312500000007 0.01642962962962955
0 0.9895130208333334 0.6713328703703705 0.017161458333333237 0.021123148148148137
0 0.97928125 0.6824810185185186 0.013864583333333276 0.024643518518518422
0 0.3610971354166666 0.6103097222222222 0.015842187500000014 0.014082407407407464
0 0.3812302083333333 0.6249787037037038 0.009901041666666662 0.015255555555555555
0 0.35680651041666667 0.6255657407407408 0.009901562499999983 0.01408148148148156
0 0.23897864583333334 0.9271578703703705 0.015842708333333337 0.01877685185185185
3 0.9984218749999999 0.6672254629629629 0.05742708333333333 0.09740092592592602
3 0.23996875 0.8937148148148149 0.06931041666666668 0.12557037037037036
3 0.36736822916666667 0.6132439814814815 0.049507291666666654 0.07862499999999997
3 0.5551666666666667 0.7605189814814816 0.05677083333333339 0.11735092592592596
3 0.5554973958333334 0.5921208333333333 0.06006770833333335 0.11383055555555546
