0 0.8888463541666667 0.21894444444444447 0.019140625 0.015255555555555555
0 0.9221822916666668 0.28935462962962966 0.009239583333333337 0.03872592592592594
0 0.9007291666666667 0.25356296296296293 0.0072604166666665765 0.037551851851851836
0 0.8891770833333332 0.24769537037037034 0.00791666666666669 0.037551851851851836
0 0.8459401041666667 0.2776194444444444 0.005942708333333376 0.03872592592592594
4 0.8838958333333333 0.2647115740740741 0.0858125 0.1138305555555556
0 0.8845572916666666 0.27820648148148147 0.019802083333333324 0.016429629629629603
0 0.73834375 0.29404907407407405 0.01782291666666668 0.015255555555555555
2 0.7363645833333333 0.2793800925925926 0.02442708333333338 0.04693981481481481
0 0.318190625 0.7898569444444444 0.010561458333333343 0.021123148148148137
0 0.6885078124999999 0.618524537037037 0.00792187500000002 0.01877685185185185
0 0.30168828125 0.894299537037037 0.015842187500000014 0.021123148148148137
0 0.4238065104166666 0.5827324074074075 0.015842187500000014 0.015255555555555555
0 0.44327968749999996 0.5974013888888889 0.008581249999999999 0.01642870370370375
0 0.4195158854166667 0.5968148148148148 0.011221354166666704 0.015255555555555555
3 0.7076484375 0.5962277777777777 0.05676562500000001 0.11265740740740737
3 0.30333854166666663 0.8590939814814815 0.06534999999999999 0.12439166666666673
3 0.3307325520833333 0.7787083333333333 0.06469010416666669 0.12321851851851855
3 0.42908749999999996 0.5862532407407408 0.05016770833333333 0.07862499999999997
