2 0.24755989583333332 0.5287509259259259 0.033005208333333334 0.06689074074074082
0 0.23633828125 0.5305111111111112 0.011881770833333328 0.01642962962962955
4 0.5568153645833332 0.489438425925926 0.08515052083333328 0.1220453703703704
0 0.5601171875 0.44484490740740745 0.020463541666666647 0.014082407407407412
0 0.5604479166666666 0.48533101851851856 0.0066041666666667 0.019949074074074036
0 0.5733177083333333 0.4812236111111111 0.008583333333333342 0.039899074074074135
0 0.5944427083333332 0.5275773148148148 0.005937499999999929 0.024643518518518526
0 0.5185302083333333 0.5176027777777777 0.0059395833333333314 0.023470370370370332
0 0.5571484375 0.5082143518518518 0.01716145833333336 0.01642870370370375
3 0.44691015624999997 0.4841578703703704 0.04620677083333338 0.07862499999999997
3 0.3970723958333333 0.48533101851851856 0.052147916666666676 0.09974907407407411
3 0.4284270833333333 0.5264041666666667 0.05412812500000002 0.07627870370370368
3 0.46836328125 0.5487009259259259 0.04026614583333335 0.05750185185185183
3 0.6066562500000001 0.5927074074074075 0.06601041666666667 0.1056166666666667
0 0.45582135416666664 0.5557416666666667 0.008581249999999999 0.015255555555555555
0 0.39707265625 0.5240569444444444 0.013861979166666672 0.01760277777777775
0 0.4310677083333333 0.549874537037037 0.019803124999999967 0.01760277777777775
0 0.47463411458333327 0.5627828703703703 0.011881770833333328 0.017602777777777853
0 0.5901510416666668 0.6150041666666667 0.010562499999999985 0.021123148148148137
0 0.6185364583333334 0.6161777777777778 0.014520833333333271 0.018775925925925946
0 0.4604419270833333 0.5046939814814816 0.009901562499999983 0.01642870370370375
