0 0.9208619791666666 0.21659722222222225 0.019807291666666654 0.015255555555555555
0 0.9541979166666666 0.2881814814814815 0.008583333333333342 0.041072222222222225
0 0.9327421875 0.25180231481481485 0.006598958333333371 0.03637870370370372
0 0.9208619791666667 0.24476157407407412 0.009244791666666667 0.03637870370370372
0 0.8769635416666667 0.2758597222222222 0.007260416666666695 0.03989907407407408
4 0.9159114583333333 0.2635375 0.08911458333333329 0.11852500000000003
0 0.9162421875 0.2758597222222222 0.018484375000000004 0.014082407407407412
0 0.76771875 0.2911152777777778 0.017166666666666684 0.014082407407407412
2 0.7670598958333333 0.27703287037037044 0.02376562499999994 0.04693981481481481
0 0.201353125 0.814500925925926 0.010561458333333343 0.023470370370370437
0 0.2168653645833333 0.8426648148148148 0.02574427083333335 0.018775925925925946
0 0.7287734374999999 0.6226319444444445 0.01320312500000007 0.01760277777777775
0 0.3297421875 0.8866717592592593 0.015182291666666655 0.019949074074074143
0 0.45318125 0.5774518518518518 0.015182291666666655 0.016429629629629655
0 0.4713338541666667 0.5927074074074075 0.009241666666666622 0.014081481481481454
0 0.4475703125 0.5927074074074075 0.010561458333333343 0.014081481481481454
3 0.7350442708333333 0.5944675925925927 0.05610937500000001 0.10678888888888889
3 0.33106276041666666 0.853813425925926 0.06799010416666663 0.12321944444444445
3 0.45813177083333334 0.579212037037037 0.05016770833333333 0.07393148148148149
3 0.21455494791666668 0.8033523148148148 0.058089062500000004 0.12556574074074073
