0 0.9640989583333333 0.27409907407407413 0.007260416666666695 0.03872592592592594
4 0.9987552083333334 0.25532314814814816 0.08053125000000005 0.12321851851851849
0 0.8505625 0.28876805555555557 0.01782291666666668 0.014082407407407412
2 0.8505598958333334 0.27468611111111113 0.024421874999999933 0.04928703703703705
0 0.22346640625 0.8385578703703703 0.019143229166666664 0.019949074074074036
0 0.20597369791666664 0.8139143518518519 0.010561979166666664 0.024643518518518526
0 0.8027057291666666 0.617937962962963 0.013203124999999953 0.01994999999999994
0 0.40730416666666663 0.8749365740740741 0.015842708333333278 0.01760277777777775
0 0.5297526041666667 0.5704106481481481 0.01650520833333336 0.016428703703703647
0 0.5482369791666666 0.5868398148148148 0.009901041666666662 0.016429629629629655
0 0.5248020833333333 0.5850796296296297 0.010562499999999985 0.015255555555555555
3 0.8135963541666666 0.5985750000000001 0.06139062499999994 0.10796296296296298
3 0.40895442708333335 0.8403180555555556 0.06534947916666667 0.12204537037037035
3 0.5360239583333333 0.5733444444444444 0.048847916666666616 0.07627777777777778
3 0.21917552083333333 0.8004185185185185 0.060729166666666674 0.12439259259259264
