0 0.9367057291666666 0.2823138888888889 0.018484375000000004 0.015255555555555555
2 0.936703125 0.2664712962962963 0.025083333333333256 0.04928703703703705
0 0.3043286458333333 0.7968981481481482 0.019803125000000026 0.011735185185185166
0 0.30993932291666665 0.8186083333333334 0.0178223958333333 0.02229629629629623
0 0.2799046875 0.8150875 0.017162499999999997 0.01760277777777775
0 0.8819140625 0.6114833333333334 0.011880208333333423 0.018775925925925946
0 0.48222552083333337 0.8596810185185185 0.015182291666666655 0.019949074074074036
0 0.6066536458333334 0.5610226851851852 0.01583854166666671 0.014082407407407464
0 0.6251380208333333 0.5762782407407407 0.007921874999999901 0.016428703703703647
0 0.6010442708333333 0.5751046296296297 0.01122395833333331 0.01877592592592584
3 0.8980885416666666 0.5962282407407408 0.06535416666666667 0.11735092592592596
3 0.48486588541666664 0.8279962962962963 0.06667031250000004 0.12087222222222214
3 0.6129270833333333 0.5651296296296295 0.04818749999999999 0.07627777777777778
3 0.29607734374999994 0.7828162037037038 0.0666703125 0.12908611111111112
