2 0.25911171875 0.5569152777777777 0.034984895833333356 0.06219537037037031
0 0.25152057291666663 0.558675462962963 0.011881770833333357 0.016428703703703647
4 0.5710078125 0.519362962962963 0.08713020833333332 0.11852407407407405
0 0.5729895833333334 0.4712486111111111 0.018479166666666675 0.01760277777777775
0 0.5875130208333333 0.509387962962963 0.00792187500000002 0.0352055555555555
0 0.574640625 0.5046939814814816 0.008583333333333342 0.03755277777777769
0 0.6083046875000001 0.5580888888888889 0.004619791666666729 0.019950000000000048
0 0.531734375 0.5463537037037037 0.0033020833333332906 0.017601851851851844
0 0.5710104166666666 0.5357921296296296 0.019802083333333324 0.01760277777777775
3 0.40202343749999997 0.5111481481481481 0.05016770833333333 0.10444259259259255
3 0.4274372395833333 0.520536574074074 0.04818697916666667 0.08801388888888885
3 0.36472760416666666 0.5357921296296296 0.04158645833333333 0.0668898148148148
3 0.44294947916666666 0.5551550925925927 0.05544791666666669 0.08214537037037047
3 0.51853046875 0.5833189814814815 0.0468661458333333 0.06806388888888891
3 0.6614427083333332 0.618524537037037 0.06864583333333331 0.11031018518518518
0 0.5257942708333333 0.5962277777777777 0.009901041666666662 0.016429629629629655
0 0.40895442708333335 0.5528078703703704 0.011221354166666704 0.01642870370370375
0 0.45747161458333335 0.5487004629629629 0.009241145833333301 0.01760277777777775
0 0.44261953125000003 0.5768652777777779 0.019143229166666664 0.01760277777777775
0 0.6422994791666666 0.6402347222222222 0.011880208333333305 0.01760277777777775
0 0.6723333333333333 0.6396476851851851 0.013864583333333395 0.01877685185185185
