0 0.9188802083333333 0.29698287037037036 0.01452083333333339 0.0164287037037037
2 0.9192109374999999 0.2823138888888889 0.025744791666666583 0.05046111111111116
0 0.31720052083333333 0.7834027777777779 0.009901041666666662 0.01994999999999994
0 0.54559375 0.5105615740740741 0.012541666666666628 0.01642870370370375
0 0.484865625 0.853813425925926 0.015182291666666714 0.01760277777777775
0 0.6036848958333334 0.5621958333333333 0.01650520833333336 0.014082407407407358
0 0.6215078125 0.578038425925926 0.01122395833333331 0.012908333333333258
0 0.5980729166666667 0.5751046296296297 0.009239583333333337 0.014081481481481454
3 0.53536328125 0.4865046296296296 0.05412760416666664 0.09505370370370372
3 0.484865625 0.8203680555555556 0.06270937500000003 0.11735092592592586
3 0.6083046875000001 0.5692375 0.04554687500000002 0.07510462962962958
3 0.30333854166666663 0.774601388888889 0.052147916666666676 0.11735092592592586
