0 0.9152526041666665 0.3028504629629629 0.015182291666666596 0.014082407407407412
2 0.9145911458333332 0.28876805555555557 0.0257447916666667 0.04693981481481481
0 0.3967424479166667 0.8098069444444445 0.022443229166666672 0.016428703703703647
0 0.5459244791666666 0.5152555555555556 0.011880208333333305 0.01408148148148156
0 0.48453567708333334 0.853813425925926 0.014522395833333352 0.01760277777777775
0 0.6026927083333333 0.5663037037037036 0.014520833333333271 0.015255555555555555
0 0.6201875 0.5821458333333334 0.007260416666666695 0.01642870370370375
0 0.5967526041666668 0.5797986111111111 0.010557291666666658 0.016428703703703647
3 0.5340442708333333 0.4865046296296296 0.054130208333333305 0.09740185185185192
3 0.4858559895833333 0.8203680555555556 0.06336927083333332 0.11735092592592586
3 0.6079739583333333 0.5692375 0.04753125 0.07510462962962958
3 0.3980627604166667 0.7769481481481482 0.059408854166666636 0.11969814814814815
