0 0.9149192708333334 0.3022638888888889 0.017161458333333237 0.015255555555555555
2 0.9139296874999999 0.2870078703703704 0.02442187500000005 0.04811388888888886
0 0.5838828125 0.7276611111111112 0.009901041666666662 0.016429629629629655
0 0.5756302083333333 0.7511310185185186 0.02112499999999997 0.021123148148148137
0 0.5449348958333333 0.5140819444444444 0.01122395833333331 0.01642870370370375
0 0.48387578125 0.8526402777777778 0.014522395833333293 0.01760277777777775
0 0.9928125 0.8808041666666667 0.017166666666666684 0.024643518518518526
0 0.6205156249999999 0.5815592592592593 0.009239583333333337 0.015255555555555555
0 0.6023645833333333 0.5651296296296295 0.01782291666666668 0.015255555555555555
0 0.5967526041666668 0.578625 0.010557291666666658 0.016429629629629655
3 0.53206328125 0.47535601851851855 0.051488020833333314 0.11735092592592596
3 1.0046953125 0.8778703703703704 0.05808854166666665 0.08449259259259255
3 0.484865625 0.8221282407407408 0.06270937500000003 0.11383055555555557
3 0.6076432291666668 0.5692370370370371 0.04554687500000002 0.07041111111111109
3 0.5713385416666666 0.7176861111111111 0.053468749999999926 0.11617777777777777
