0 0.8829062499999999 0.2917018518518519 0.01782291666666668 0.015255555555555555
2 0.8825781250000001 0.2776194444444445 0.025083333333333374 0.045766666666666664
0 0.9928124999999999 0.27761990740740744 0.0066041666666667 0.041073148148148185
4 1.0136067708333334 0.26588472222222226 0.05082812500000008 0.11148425925925928
0 0.6931276041666665 0.6883481481481482 0.021119791666666644 0.015255555555555555
0 0.5211708333333332 0.5117351851851852 0.011220833333333324 0.014081481481481454
0 0.4551614583333334 0.8444254629629631 0.012541666666666687 0.01760277777777775
0 0.8588125 0.8802175925925926 0.023760416666666728 0.018775925925925946
0 0.8277890625 0.864375 0.011880208333333305 0.02464444444444443
0 0.5729895833333333 0.5563282407407407 0.01584374999999992 0.014082407407407358
0 0.5904817708333333 0.5715842592592593 0.009901041666666662 0.014081481481481454
0 0.5677083333333334 0.5704106481481481 0.010562500000000105 0.016428703703703647
3 0.51060859375 0.47007546296296293 0.0561057291666667 0.11852499999999995
3 0.4568114583333333 0.8121541666666666 0.06336979166666665 0.11735092592592596
3 0.5792578125000001 0.558675462962963 0.04554687500000002 0.07275833333333329
3 0.6918072916666667 0.6537296296296297 0.046208333333333344 0.11969814814814815
3 0.850890625 0.8485328703703705 0.06733333333333331 0.10561574074074069
