0 0.794453125 0.2852476851851852 0.01782291666666668 0.014082407407407412
2 0.7934609375000001 0.2711652777777778 0.02376562499999994 0.04459351851851852
0 0.9423125 0.21366342592592594 0.017822916666666563 0.014082407407407412
0 0.9370338541666666 0.26999212962962965 0.020463541666666647 0.0164287037037037
0 0.9736692708333333 0.2817273148148148 0.00792187500000002 0.03989907407407403
0 0.9532083333333332 0.24534814814814815 0.005281250000000052 0.03520555555555557
0 0.9423151041666666 0.24182777777777778 0.009901041666666662 0.037551851851851864
0 0.899078125 0.26999212962962965 0.006604166666666581 0.03989907407407408
4 0.9367031249999999 0.25532314814814816 0.08448958333333334 0.11148333333333332
0 0.5548359375 0.5164291666666667 0.01650520833333336 0.01642870370370375
0 0.5304114583333334 0.5146689814814814 0.013864583333333335 0.019949074074074036
0 0.4528510416666666 0.5199495370370371 0.007920833333333318 0.014082407407407358
0 0.37594921875 0.8467726851851852 0.013861979166666672 0.01760277777777775
0 0.7667291666666666 0.8432518518518519 0.012541666666666748 0.02229629629629623
0 0.7571588541666666 0.8761101851851852 0.02244270833333329 0.01994999999999994
0 0.4927869791666667 0.5551546296296297 0.015182291666666655 0.011735185185185166
0 0.5099497395833333 0.569237037037037 0.009901562500000042 0.018775925925925946
0 0.4861859375 0.5680634259259258 0.011221875000000025 0.01642870370370375
3 0.4386588541666666 0.48063703703703703 0.05742916666666667 0.12087222222222226
3 0.7485755208333333 0.8485324074074074 0.06732812499999999 0.10796296296296298
3 0.3769393229166667 0.8150875 0.06600989583333329 0.11852499999999995
3 0.4977390625 0.5592620370370371 0.04620937499999999 0.07393148148148149
3 0.541303125 0.4870912037037037 0.05544583333333334 0.10561574074074075
