0 0.7693671875 0.2823138888888889 0.015182291666666714 0.015255555555555555
2 0.7697005208333332 0.26764490740740743 0.02244270833333329 0.04459351851851852
0 0.9162421875 0.21131666666666665 0.018484375000000004 0.011735185185185192
0 0.9112890625 0.26705833333333334 0.019140625 0.015255555555555555
0 0.9281223958333332 0.24358796296296295 0.006598958333333253 0.031685185185185184
0 0.9159088541666667 0.23713379629629627 0.009901041666666662 0.03989907407407406
0 0.8743229166666667 0.2658847222222222 0.007260416666666695 0.04107314814814813
0 0.9475963541666667 0.2799666666666667 0.008578124999999895 0.041072222222222225
4 0.9109609375000001 0.25297592592592594 0.08317187500000003 0.10913703703703706
0 0.40664401041666665 0.4964796296296297 0.010561979166666664 0.016429629629629655
0 0.35350624999999997 0.8455986111111111 0.015182291666666655 0.01760277777777775
0 0.7300911458333333 0.8831509259259259 0.01716145833333336 0.02229629629629623
0 0.6551692708333334 0.5633694444444445 0.009901041666666662 0.018775925925925946
0 0.6792630208333333 0.578038425925926 0.00792187500000002 0.017602777777777853
0 0.6604531250000001 0.5868398148148148 0.013864583333333395 0.014081481481481454
0 0.47067369791666663 0.5539814814814814 0.014522395833333352 0.011735185185185166
0 0.48816640624999996 0.5668902777777778 0.009901562499999983 0.014082407407407464
0 0.4653927083333333 0.5674768518518519 0.010561458333333343 0.015255555555555661
3 0.3941020833333333 0.4577532407407408 0.05940937499999996 0.11735092592592596
3 0.716890625 0.8526398148148149 0.06072916666666662 0.10678888888888899
3 0.35581640625 0.8121537037037038 0.06600989583333335 0.11500370370370366
3 0.47529427083333337 0.5557416666666667 0.04356666666666668 0.07862592592592588
3 0.6624348958333334 0.5739310185185186 0.0455468749999999 0.06336944444444452
