0 0.7720104166666667 0.2817273148148148 0.017822916666666563 0.014082407407407412
2 0.7706901041666666 0.26764490740740743 0.02442187500000005 0.04693981481481481
0 0.9188802083333333 0.20896944444444446 0.019802083333333324 0.011735185185185192
0 0.9135989583333333 0.26529768518518515 0.019802083333333324 0.014082407407407412
0 0.9495755208333333 0.27761990740740744 0.008578125000000015 0.03637870370370369
0 0.9294427083333333 0.24124074074074073 0.006604166666666581 0.03403148148148145
0 0.917890625 0.23713379629629633 0.0072604166666665765 0.03285833333333336
0 0.8769635416666667 0.2647111111111112 0.007260416666666695 0.03872592592592594
4 0.9129401041666667 0.2523893518518519 0.08317187500000003 0.1103101851851852
0 0.08187499999999999 0.4407375 0.013202083333333324 0.01290833333333331
0 0.10134791666666668 0.45481990740740746 0.02046354166666666 0.0176027777777778
0 0.07659427083333334 0.4542328703703704 0.01320208333333334 0.0164287037037037
0 0.40664401041666665 0.4947194444444445 0.011881770833333328 0.015255555555555555
0 0.3548260416666667 0.8450120370370371 0.015182291666666655 0.01877592592592584
0 0.5436145833333333 0.9218782407407408 0.00990624999999999 0.022299074074074048
0 0.5924635416666666 0.5445935185185186 0.008583333333333342 0.014081481481481454
0 0.6158958333333333 0.558088425925926 0.007916666666666572 0.01760277777777775
0 0.5944427083333332 0.5657166666666666 0.013864583333333395 0.016429629629629655
0 0.4719940104166666 0.5510476851851852 0.015842187500000014 0.01525648148148146
0 0.4891565104166667 0.5657166666666666 0.010561979166666664 0.016429629629629655
0 0.46671302083333327 0.5663032407407408 0.009241666666666681 0.017602777777777853
3 0.3947622395833334 0.4559935185185185 0.05676822916666667 0.11617777777777771
3 0.5667187499999999 0.903688425925926 0.06270833333333325 0.09388240740740744
3 0.3554864583333333 0.8133273148148148 0.06534999999999999 0.11969722222222225
3 0.47727447916666665 0.5539814814814814 0.04356666666666668 0.07275740740740749
3 0.5997213541666667 0.5545685185185185 0.04554687500000002 0.069237037037037
3 0.09507708333333334 0.4307629629629629 0.056768749999999986 0.10561666666666665
