0 0.9139296874999999 0.312825 0.019140625 0.012909259259259266
2 0.9129427083333332 0.2969824074074074 0.025083333333333374 0.04694074074074077
0 0.16174687499999998 0.3204527777777778 0.01320208333333334 0.016429629629629655
0 0.16834817708333336 0.3333615740740741 0.00924114583333333 0.014082407407407412
0 0.14887526041666668 0.3362953703703704 0.013861979166666672 0.012909259259259266
0 0.07560416666666667 0.6860013888888888 0.008581249999999999 0.01760277777777775
0 0.05349075520833333 0.696562962962963 0.01584244791666667 0.017601851851851844
0 0.34657499999999997 0.7552384259259259 0.01320208333333331 0.02229722222222224
0 0.37396901041666664 0.7640398148148149 0.020463020833333328 0.01642962962962955
0 0.31588046875 0.6824810185185186 0.013861979166666672 0.017602777777777853
0 0.2931067708333333 0.6736796296296297 0.009241666666666622 0.016429629629629655
0 0.7267916666666667 0.519362962962963 0.011885416666666633 0.01994999999999994
0 0.6993984375 0.5228833333333333 0.019140625 0.015255555555555555
0 0.7819114583333333 0.677786574074074 0.016499999999999914 0.01760277777777775
0 0.7746484374999999 0.6906953703703704 0.01122395833333331 0.015255555555555555
0 0.8000651041666667 0.696562962962963 0.013203124999999953 0.017601851851851844
3 0.6066562500000001 0.45540694444444446 0.06601041666666667 0.10561574074074069
3 0.15514609375 0.3233865740740741 0.04620677083333333 0.059849074074074075
3 0.06108182291666666 0.6801337962962963 0.0521478125 0.07158425925925929
3 0.3624171875 0.7270740740740741 0.06072916666666662 0.12321851851851855
3 0.3092794270833333 0.638474537037037 0.0640296875 0.14082129629629628
3 0.7073203125 0.5035203703703703 0.054786458333333364 0.08214629629629626
3 0.7888411458333333 0.6789606481481482 0.052807291666666596 0.07862499999999997
