0 0.8601328125 0.29052824074074074 0.014526041666666718 0.0176027777777778
2 0.8670651041666666 0.27703287037037044 0.029703124999999986 0.04693981481481481
0 0.16075703125000002 0.31986574074074076 0.013861979166666672 0.015255555555555555
0 0.16768802083333334 0.33160092592592594 0.009241666666666681 0.015255555555555555
0 0.14755494791666665 0.33570879629629635 0.012542187500000008 0.014082407407407412
0 0.07329374999999999 0.6895217592592593 0.010561458333333329 0.01760277777777775
0 0.050850338541666665 0.6959763888888889 0.014522239583333332 0.016428703703703647
0 0.23303776041666666 0.8139138888888889 0.011881770833333328 0.022296296296296335
0 0.20465364583333334 0.8250625 0.021122916666666686 0.01877685185185185
0 0.32314166666666666 0.6824810185185186 0.015182291666666655 0.017602777777777853
0 0.29838776041666665 0.6742666666666668 0.009241145833333301 0.015255555555555555
0 0.7353723958333334 0.5064541666666666 0.011880208333333305 0.019949074074074143
0 0.7079791666666667 0.5088009259259261 0.01782291666666668 0.015255555555555555
0 0.8096328125 0.6437546296296297 0.015182291666666596 0.015255555555555555
0 0.7888411458333333 0.6331930555555556 0.00792187500000002 0.017602777777777853
3 0.6073151041666667 0.4583407407407407 0.06204687499999994 0.11148333333333327
3 0.15415598958333335 0.322212962962963 0.04422656250000001 0.06219629629629632
3 0.058771536458333336 0.677786574074074 0.052807968749999996 0.0715842592592592
3 0.20894427083333333 0.7869236111111112 0.06270937500000003 0.12556574074074073
3 0.31489036458333336 0.636713888888889 0.062049479166666664 0.1419944444444444
3 0.7175494791666668 0.4923722222222222 0.05413020833333337 0.08097222222222221
3 0.80534375 0.6296726851851853 0.046208333333333226 0.0668898148148148
