0 0.7284427083333334 0.538725925925926 0.01782291666666668 0.014081481481481454
0 0.7092994791666667 0.5211231481481482 0.013859375000000066 0.018775925925925946
0 0.7017083333333333 0.5305111111111112 0.011885416666666752 0.01642962962962955
0 0.6356979166666666 0.5170162037037038 0.009239583333333337 0.012908333333333258
0 0.7782786458333334 0.5222967592592593 0.00792187500000002 0.01642870370370375
0 0.7578151041666668 0.5269907407407408 0.01320312500000007 0.016429629629629655
0 0.7538567708333334 0.5052810185185185 0.009244791666666667 0.012908333333333362
0 0.03731828125 0.6924560185185185 0.011221666666666666 0.014082407407407358
0 0.06504244791666666 0.6707458333333334 0.009901562499999997 0.012908333333333362
0 0.0617421875 0.6953893518518518 0.015182291666666669 0.01760277777777775
0 0.21917578125 0.8332768518518519 0.018482812499999984 0.018775925925925946
0 0.18683072916666668 0.8409050925925926 0.019803124999999994 0.024643518518518526
0 0.307959375 0.6824805555555555 0.015182291666666655 0.015255555555555555
0 0.28584583333333335 0.676026388888889 0.007920833333333318 0.01642870370370375
0 0.18022994791666666 0.32514722222222225 0.011881770833333328 0.011735185185185166
0 0.18683072916666668 0.3362953703703704 0.009241666666666652 0.012909259259259266
0 0.16768776041666666 0.34098935185185186 0.011881770833333357 0.015256481481481511
3 0.71953125 0.5158425925925926 0.05677083333333333 0.08801296296296289
3 0.6257994791666666 0.47711620370370367 0.05808854166666665 0.11383055555555557
3 0.054150703125000005 0.676613425925926 0.05676838541666667 0.07393055555555547
3 0.20465338541666667 0.8051125000000001 0.0726109375 0.1361268518518518
3 0.30399843749999994 0.637300925925926 0.06006875 0.14551481481481487
3 0.7644166666666665 0.5123217592592592 0.0448854166666667 0.06454351851851851
3 0.17296875 0.32573379629629634 0.04752708333333334 0.059849074074074075
