0 0.6987369791666667 0.5258175925925926 0.019140625 0.011735185185185166
0 0.6967578125 0.5434199074074074 0.019140625 0.014082407407407464
0 0.7211796874999999 0.5346185185185185 0.009901041666666662 0.01994999999999994
0 0.6353671875000001 0.5187763888888889 0.01122395833333331 0.014082407407407464
0 0.7528671875 0.5041074074074073 0.009901041666666662 0.01056111111111117
0 0.7769609375 0.5211231481481482 0.006598958333333253 0.01642962962962955
0 0.7568281250000001 0.5281643518518518 0.012541666666666748 0.016428703703703647
0 0.059761718750000005 0.6953893518518518 0.016502604166666667 0.01760277777777775
0 0.06372239583333333 0.6707453703703704 0.011221875000000003 0.015255555555555555
0 0.03665817708333333 0.6942162037037037 0.011221666666666663 0.01760277777777775
0 0.21752552083333332 0.835624074074074 0.01914270833333334 0.023470370370370437
0 0.18683072916666668 0.8414912037037038 0.019803124999999994 0.021123148148148137
0 0.28485546875 0.6754398148148147 0.007260937500000016 0.015255555555555555
0 0.30663880208333333 0.6830675925925925 0.013861979166666672 0.014081481481481454
0 0.17857968750000003 0.3245601851851852 0.012541666666666658 0.015255555555555555
0 0.1861708333333333 0.3362953703703704 0.009241666666666652 0.015255555555555555
0 0.16669791666666667 0.33922916666666664 0.011221875000000025 0.014082407407407412
3 0.7026979166666666 0.5164291666666667 0.053468750000000044 0.08683981481481474
3 0.62546875 0.4777032407407407 0.05742708333333333 0.11500462962962968
3 0.05415075520833333 0.6795472222222223 0.05280786458333333 0.07979814814814806
3 0.2043234375 0.8051125000000001 0.07327083333333334 0.1361268518518518
3 0.3013583333333333 0.6396476851851852 0.06270937499999996 0.1361268518518518
3 0.7630989583333334 0.5123217592592593 0.0448854166666667 0.0668898148148148
3 0.17296875 0.32749398148148146 0.04488645833333331 0.06102314814814818
