0 0.7040182291666666 0.5269907407407407 0.020463541666666647 0.011735185185185166
0 0.7053385416666667 0.5422462962962963 0.017822916666666563 0.014081481481481454
0 0.682234375 0.5322712962962963 0.0072604166666665765 0.022296296296296335
0 0.6366875000000001 0.5187763888888889 0.012541666666666628 0.014082407407407464
0 0.751875 0.5064541666666666 0.009239583333333337 0.012908333333333362
0 0.7759713541666666 0.5211231481481482 0.005942708333333257 0.01642962962962955
0 0.7558359375 0.5264041666666667 0.01320312500000007 0.012908333333333258
0 0.0633921875 0.6730930555555555 0.010561458333333336 0.017602777777777853
0 0.05778145833333334 0.6977365740740741 0.01650270833333333 0.017602777777777853
0 0.03500794270833333 0.6924555555555557 0.009241406250000002 0.016429629629629655
0 0.21752526041666667 0.8362106481481483 0.020463020833333328 0.019949074074074036
0 0.18584062499999998 0.8409046296296295 0.01782291666666665 0.022296296296296335
0 0.302678125 0.6824805555555555 0.015182291666666655 0.015255555555555555
0 0.2825453125 0.6748532407407407 0.006601041666666655 0.016428703703703647
0 0.17890963541666668 0.32397314814814815 0.011881770833333328 0.011735185185185218
0 0.18485052083333334 0.33746851851851856 0.006601041666666655 0.015255555555555555
0 0.1657078125 0.34098935185185186 0.01320208333333334 0.01290833333333331
3 0.701046875 0.5164291666666667 0.0514895833333334 0.08683981481481474
3 0.6251380208333333 0.4812240740740741 0.0594114583333333 0.11265740740740743
3 0.052830546875 0.6801337962962963 0.055448281249999995 0.07862499999999997
3 0.20234322916666667 0.8051125000000001 0.06799062499999999 0.13378055555555562
3 0.29904765625 0.637300925925926 0.0554484375 0.1384740740740741
3 0.7611171875 0.5117351851851852 0.04489062500000003 0.068062962962963
3 0.17263854166666667 0.32749398148148146 0.045546874999999994 0.05867499999999998
