0 0.9558463541666666 0.30871759259259257 0.021119791666666644 0.011735185185185218
0 0.8693723958333333 0.617350925925926 0.00792187500000002 0.018775925925925946
0 0.8416510416666667 0.6220449074074074 0.019802083333333324 0.016428703703703647
0 0.6396588541666667 0.5134953703703704 0.009244791666666667 0.015255555555555555
0 0.7743203125 0.5199495370370371 0.006598958333333371 0.01642870370370375
0 0.7502265625 0.5046944444444444 0.008578125000000015 0.01173518518518527
0 0.7545182291666667 0.5281643518518518 0.013203124999999953 0.014082407407407464
0 0.06702291666666667 0.6725060185185185 0.011221874999999996 0.01877685185185185
0 0.055800963541666665 0.6989097222222223 0.01650223958333334 0.012908333333333362
0 0.07593411458333332 0.6854148148148149 0.006600520833333334 0.016429629629629655
0 0.21455520833333333 0.8350370370370371 0.017162499999999997 0.019950000000000048
0 0.18584062499999998 0.844425462962963 0.019142708333333314 0.02229722222222224
0 0.35581640625 0.7323550925925926 0.014522395833333352 0.01877685185185185
0 0.33040234375 0.7288342592592593 0.009901562500000042 0.018775925925925946
2 0.9551875 0.29404861111111114 0.02904166666666666 0.04811388888888886
0 0.15778645833333332 0.3280810185185185 0.009241666666666681 0.01290833333333331
0 0.15118541666666663 0.3468564814814815 0.01320208333333334 0.015255555555555555
3 0.8499010416666666 0.599161574074074 0.05610416666666668 0.08801388888888885
3 0.6281067708333333 0.4753564814814815 0.054786458333333364 0.11265740740740743
3 0.05679122395833333 0.6772004629629631 0.05016755208333333 0.07510462962962958
3 0.20036276041666667 0.8033527777777778 0.07063072916666666 0.13495370370370371
3 0.34723515625 0.6901083333333333 0.06600989583333335 0.15020925925925926
3 0.7578151041666668 0.5117351851851852 0.04356770833333326 0.068062962962963
3 0.14821484375 0.32984074074074077 0.040266145833333336 0.05867592592592593
