0 0.8442916666666667 0.5968148148148148 0.010562499999999985 0.015255555555555555
0 0.8357083333333333 0.6073763888888889 0.011885416666666633 0.01760277777777775
0 0.8650833333333333 0.618524537037037 0.021781249999999967 0.01642870370370375
0 0.6373489583333334 0.5170162037037038 0.01121874999999998 0.017602777777777853
0 0.7878515625 0.5751046296296297 0.019140625 0.009388888888888877
0 0.7908203125 0.5909467592592592 0.011880208333333305 0.012908333333333362
0 0.76771875 0.5844925925925926 0.007916666666666572 0.016429629629629655
0 0.07263359375 0.6889351851851852 0.00924114583333333 0.018775925925925946
0 0.06273229166666666 0.6748527777777779 0.010561458333333336 0.018775925925925946
0 0.049200182291666665 0.6994967592592592 0.016502760416666665 0.014082407407407464
0 0.2129046875 0.8338638888888888 0.015182291666666655 0.019950000000000048
0 0.18155000000000002 0.8426652777777779 0.019803124999999994 0.021123148148148137
0 0.32611171875 0.7264875000000001 0.007921354166666698 0.016428703703703647
0 0.3525158854166667 0.7317680555555557 0.014522395833333352 0.017602777777777853
0 0.1756091145833333 0.3198662037037037 0.017163020833333348 0.01056203703703702
0 0.17890963541666668 0.33394814814814816 0.011881770833333328 0.012909259259259266
0 0.1614171875 0.3298412037037038 0.008581249999999999 0.0164287037037037
3 0.8561718749999999 0.5921203703703704 0.05940625000000009 0.08801296296296304
3 0.6261276041666667 0.4782898148148148 0.054786458333333364 0.11148333333333338
3 0.05349065104166666 0.6748527777777779 0.05412807291666666 0.07745185185185177
3 0.1964020833333333 0.8051125000000001 0.06931041666666668 0.13378055555555562
3 0.34327447916666665 0.686587962962963 0.0646895833333333 0.14316851851851858
3 0.7845520833333333 0.5756912037037037 0.04818749999999999 0.0668898148148148
3 0.17197864583333333 0.3204532407407408 0.04290625 0.06336944444444446
