0 0.7901614583333334 0.6519699074074075 0.013197916666666623 0.017602777777777853
0 0.7588072916666666 0.6543166666666668 0.019145833333333327 0.022296296296296335
0 0.6353671875000001 0.5170157407407407 0.01122395833333331 0.015255555555555555
0 0.060421875 0.676026388888889 0.012541666666666673 0.021123148148148137
0 0.051510390625 0.7018439814814815 0.017162552083333334 0.014082407407407464
0 0.07065338541666666 0.6871745370370371 0.007921354166666653 0.01760277777777775
0 0.21125442708333333 0.8367976851851853 0.015842187500000014 0.021123148148148137
0 0.18055989583333332 0.8461856481481481 0.02046354166666668 0.01877685185185185
0 0.35152578125 0.7341157407407408 0.012542187500000008 0.015255555555555555
0 0.3247916666666666 0.7288347222222222 0.009241666666666681 0.01642870370370375
3 0.7710182291666666 0.6320199074074074 0.0633697916666667 0.09036018518518514
3 0.622828125 0.4777032407407407 0.05742708333333333 0.11031018518518518
3 0.051180234375 0.6801337962962963 0.049507239583333335 0.07393055555555558
3 0.19541223958333334 0.8103935185185185 0.06865052083333334 0.1373
3 0.3419541666666666 0.6818939814814815 0.06733020833333334 0.15490277777777775
