0 0.8858750000000001 0.30695787037037037 0.01584374999999992 0.01760277777777775
0 0.01058425 0.7804689814814816 0.0118818125 0.021123148148148137
0 0.7594661458333333 0.47300925925925924 0.013859375000000066 0.014081481481481454
0 0.7373541666666666 0.4577537037037037 0.01452083333333339 0.014081481481481507
0 0.7317447916666666 0.4694888888888889 0.01782291666666668 0.016429629629629603
0 0.6508802083333334 0.509387962962963 0.010562499999999985 0.01642962962962955
0 0.3663778645833333 0.7153393518518519 0.011881770833333328 0.01760277777777775
0 0.33964401041666664 0.7124050925925927 0.009901562499999983 0.021123148148148137
3 0.35416614583333333 0.6889351851851852 0.06666979166666664 0.11735185185185186
3 0.7472552083333334 0.45012546296296296 0.05677083333333333 0.08331944444444452
3 0.6376796874999999 0.4753564814814815 0.05808854166666665 0.11265740740740743
2 0.8931354166666666 0.2946356481481482 0.03564583333333336 0.04928796296296296
2 0.02081577864583333 0.7722541666666667 0.04290646354166666 0.07979907407407406
