0 0.9400052083333333 0.3116513888888889 0.019802083333333324 0.01290833333333331
0 0.6795963541666666 0.5093884259259259 0.019140625 0.009387962962962867
0 0.6815755208333333 0.5246435185185185 0.017817708333333352 0.01642962962962955
0 0.6561614583333333 0.5176027777777777 0.009239583333333337 0.018775925925925946
0 0.6205182291666667 0.5117351851851852 0.013203124999999953 0.014081481481481454
0 0.06372213541666666 0.6901087962962963 0.013861979166666663 0.01877685185185185
0 0.04424932291666666 0.6830675925925925 0.009241354166666663 0.018775925925925946
0 0.33172265625 0.7429166666666667 0.013861979166666672 0.018775925925925946
0 0.3591166666666667 0.7493708333333334 0.019803124999999967 0.019949074074074036
0 0.3082890625 0.7112319444444445 0.010561458333333343 0.016428703703703647
2 0.9386848958333334 0.29580925925925927 0.02904687499999999 0.04694074074074077
3 0.6736536458333333 0.5017601851851852 0.054786458333333364 0.0856666666666666
3 0.6251354166666666 0.4724226851851852 0.05544791666666669 0.10678981481481484
3 0.05910161458333333 0.6730930555555555 0.04818739583333334 0.07158425925925929
3 0.34723515625 0.7129921296296297 0.062049479166666664 0.12087129629629635
3 0.32314140625 0.6642916666666666 0.06270989583333335 0.16194444444444442
