2 0.9225130208333333 0.3468569444444445 0.0257447916666667 0.05280833333333335
0 0.9218515625 0.3503777777777778 0.019140625 0.015255555555555555
3 0.3445947916666667 0.6977365740740741 0.06468958333333337 0.10444166666666659
3 0.40334375000000006 0.737636111111111 0.060729166666666674 0.11148333333333327
3 0.24425963541666665 0.7628666666666667 0.04620677083333333 0.07275740740740738
3 0.61259375 0.48239722222222226 0.05677083333333333 0.11500370370370372
3 0.7182135416666665 0.3456833333333333 0.03036458333333331 0.05280740740740739
3 0.8360390624999999 0.4911986111111111 0.04158854166666662 0.06454351851851846
3 0.8310885416666667 0.5170162037037038 0.0448854166666667 0.06688981481481492
0 0.35944687499999994 0.7106453703703705 0.012541666666666687 0.022296296296296335
0 0.3663778645833333 0.7253138888888888 0.014522395833333293 0.028164814814814823
0 0.3356833333333333 0.735288888888889 0.01914270833333334 0.022296296296296335
0 0.2525106770833333 0.7599324074074075 0.012542187500000008 0.02699074074074072
0 0.24095911458333333 0.7828162037037036 0.015842187500000014 0.021123148148148137
0 0.6294270833333333 0.5129087962962964 0.012541666666666628 0.014082407407407464
0 0.7221718750000001 0.3603523148148149 0.013197916666666623 0.0164287037037037
0 0.8135963541666666 0.5281643518518518 0.011223958333333428 0.021123148148148137
0 0.8320807291666666 0.5305115740740742 0.015182291666666714 0.021123148148148137
0 0.4076341145833333 0.7704944444444445 0.019143229166666664 0.02699074074074072
