2 0.4320580729166667 0.38382222222222223 0.027064062499999982 0.05867592592592593
0 0.43370807291666663 0.3849958333333333 0.019802604166666703 0.014082407407407412
4 0.7102890625 0.34275000000000005 0.07260937500000005 0.11969814814814815
3 0.35515625 0.48005 0.0514875 0.11969814814814815
3 0.36967864583333326 0.5445935185185186 0.04356666666666668 0.0680629629629629
3 0.41423541666666663 0.5369657407407408 0.04554687500000002 0.0692370370370371
3 0.39047161458333335 0.5721708333333334 0.05610885416666669 0.08331944444444446
3 0.5007091145833333 0.6543166666666668 0.06007135416666666 0.11852407407407405
3 0.49872812499999997 0.4577537037037037 0.052147916666666676 0.09388148148148154
3 0.7310807291666668 0.6378875 0.05082812499999995 0.07627870370370378
0 0.39839270833333335 0.5968148148148148 0.02178333333333337 0.022296296296296335
0 0.37066848958333337 0.5915337962962963 0.012542187500000008 0.01877685185185185
0 0.4759544270833333 0.6730930555555557 0.010561979166666664 0.024643518518518526
0 0.3650578125 0.5481138888888889 0.014521874999999972 0.018775925925925946
0 0.36142708333333334 0.5627828703703703 0.012541666666666687 0.019949074074074036
0 0.7502265625 0.6490361111111111 0.009901041666666662 0.01877592592592584
0 0.3485552083333333 0.5246435185185185 0.01320208333333331 0.018775925925925946
0 0.5145703125 0.48533101851851856 0.008581249999999999 0.02229722222222224
0 0.49146692708333334 0.49413240740740744 0.01650260416666664 0.01642962962962955
0 0.4957575520833333 0.4782898148148148 0.018482812499999984 0.019950000000000048
3 0.333703125 0.3697402777777778 0.04158645833333333 0.05632870370370374
0 0.42578697916666663 0.5481138888888889 0.010561458333333343 0.023470370370370332
0 0.40697395833333333 0.5575023148148148 0.012541666666666628 0.021123148148148137
0 0.71425 0.33101435185185185 0.0066041666666667 0.0328583333333333
0 0.7294322916666667 0.32632037037037037 0.010562500000000105 0.04928703703703705
0 0.6937864583333334 0.32221342592592594 0.014520833333333271 0.05280833333333335
1 0.7112812499999999 0.2963962962962963 0.01782291666666668 0.015255555555555555
