2 0.6726640624999999 0.36915370370370376 0.039609374999999974 0.10913703703703703
0 0.6703541666666666 0.3685666666666667 0.031020833333333303 0.023470370370370384
4 0.8419791666666666 0.30050324074074075 0.13399999999999998 0.19480277777777782
3 0.31323984374999997 0.4325231481481482 0.061389062500000036 0.09505370370370367
3 0.4214963541666667 0.4548199074074074 0.0613895833333333 0.09505462962962963
3 0.23501822916666668 0.6906958333333333 0.08185208333333334 0.12556574074074073
3 0.41489531249999995 0.7311814814814814 0.08383229166666666 0.11500370370370377
3 0.4993885416666667 0.7804689814814816 0.10231666666666665 0.17133240740740752
3 0.5175401041666666 0.6425814814814815 0.0739302083333334 0.16546481481481493
3 0.6852057291666666 0.6854148148148149 0.11485937499999999 0.18776111111111116
3 0.7027005208333333 0.617937962962963 0.09175520833333337 0.15842407407407413
0 0.5340442708333333 0.8021787037037038 0.017161458333333296 0.0340314814814815
0 0.483215625 0.8180212962962963 0.034324999999999994 0.03051111111111111
0 0.6548411458333334 0.7264875000000001 0.01716145833333336 0.023469444444444428
0 0.7079791666666667 0.7259004629629631 0.01782291666666668 0.02933796296296302
0 0.31819062499999995 0.4612740740740741 0.02244374999999999 0.023470370370370384
0 0.20630390625 0.7094717592592592 0.013861979166666672 0.03403240740740741
0 0.2521807291666667 0.6789606481481482 0.019803124999999994 0.024643518518518526
0 0.51621953125 0.676026851851852 0.030363020833333285 0.018775925925925946
0 0.5488958333333334 0.6748532407407407 0.008583333333333224 0.025817592592592628
0 0.44558984375 0.4565800925925926 0.010561979166666664 0.021123148148148137
0 0.40202343749999997 0.460687037037037 0.010561458333333343 0.02699074074074072
0 0.24326953124999998 0.7165129629629631 0.02310364583333332 0.02699074074074072
0 0.44327968749999996 0.7564120370370371 0.012541666666666628 0.029337037037037116
0 0.3964125 0.7300078703703704 0.016502083333333317 0.02816388888888881
0 0.810625 0.2717523148148148 0.01584374999999992 0.08801388888888888
0 0.8426406249999999 0.2717523148148148 0.005937499999999929 0.07393055555555558
0 0.8759765625 0.27351250000000005 0.018484374999999886 0.08918611111111109
1 0.8419791666666666 0.22187824074074075 0.028385416666666666 0.021123148148148137
0 0.5168809895833334 0.7030171296296296 0.0316859375 0.02816388888888892
0 0.40466380208333336 0.7569986111111111 0.02112343749999995 0.025817592592592628
0 0.42479661458333334 0.4524726851851852 0.029704687500000007 0.01760277777777775
0 0.42479687499999996 0.4782902777777778 0.01914270833333334 0.024643518518518526
