2 0.4805752604166667 0.41550740740740744 0.05676822916666667 0.10796296296296298
0 0.4894864583333334 0.4125736111111111 0.029704166666666688 0.024643518518518526
4 0.8739947916666666 0.28759444444444443 0.12937500000000005 0.19715
3 0.23633828125 0.6730930555555555 0.10825677083333334 0.167812037037037
3 0.5719973958333334 0.6343671296296297 0.10099479166666671 0.1748527777777778
3 0.6716744791666667 0.6161773148148149 0.094390625 0.1760268518518518
3 0.5370145833333333 0.7710810185185186 0.10363749999999995 0.1713324074074074
0 0.5195216145833333 0.8098064814814815 0.03168593750000005 0.03051111111111111
0 0.5729895833333333 0.7939643518518519 0.017166666666666566 0.03637870370370369
0 0.6092942708333333 0.6689851851851852 0.0145260416666666 0.03051111111111111
0 0.6957682291666667 0.6560768518518519 0.01583854166666659 0.028164814814814823
0 0.20927421875000002 0.6918689814814815 0.01848281250000001 0.02229722222222224
0 0.24491953125 0.7153393518518519 0.03432552083333332 0.03168425925925931
0 0.19640234374999999 0.7118185185185184 0.016502604166666667 0.0340314814814815
0 0.6538515625 0.6678120370370372 0.019140625 0.028164814814814823
0 0.9089791666666667 0.2606037037037037 0.018479166666666675 0.08449259259259258
0 0.8442916666666667 0.2617773148148148 0.019802083333333324 0.08449351851851854
0 0.8769635416666667 0.2623638888888889 0.008583333333333342 0.07393148148148149
1 0.8766328125 0.2101425925925926 0.027723958333333344 0.023470370370370357
0 0.5620963541666666 0.6836546296296296 0.020463541666666647 0.02229629629629623
0 0.8677239583333333 0.2588439814814815 0.005937500000000047 0.048113888888888914
