2 0.6263020833333334 0.9643518518518519 0.07135416666666666 0.0712962962962963
4 0.6674479166666667 0.3625 0.025520833333333333 0.04351851851851852
3 0.6705729166666666 0.4537037037037037 0.0328125 0.05555555555555556
3 0.69765625 0.4777777777777778 0.03177083333333333 0.05
3 0.7841145833333333 0.5203703703703704 0.04010416666666666 0.07777777777777778
3 0.23359375 0.7833333333333333 0.07135416666666666 0.10555555555555556
3 0.90234375 0.42592592592592593 0.022395833333333334 0.03518518518518519
3 0.9559895833333333 0.45787037037037037 0.0296875 0.036111111111111115
0 0.2518229166666667 0.7893518518518519 0.011979166666666666 0.025
0 0.21979166666666666 0.8120370370370371 0.019791666666666666 0.022222222222222223
0 0.6765625 0.4689814814814815 0.008333333333333333 0.012037037037037037
0 0.6588541666666666 0.4652777777777778 0.008333333333333333 0.01388888888888889
0 0.9588541666666667 0.4638888888888889 0.010416666666666666 0.012962962962962964
0 0.7729166666666667 0.537962962962963 0.009375 0.016666666666666666
0 0.7903645833333334 0.5412037037037037 0.009895833333333333 0.015740740740740743
