2 0.8040234374999999 0.38499629629629634 0.02244270833333329 0.05398148148148149
0 0.8000651041666667 0.3873430555555556 0.013203124999999953 0.018776851851851902
3 0.13435286458333331 0.6948027777777778 0.04290677083333335 0.07275740740740749
3 0.7710182291666666 0.616177314814815 0.06204687500000006 0.08214537037037035
3 0.7802604166666666 0.6742662037037037 0.04753125 0.09974907407407411
3 0.8192057291666667 0.5962277777777777 0.05148437499999995 0.07275740740740749
0 0.8046848958333332 0.6050291666666667 0.009244791666666667 0.01760277777777775
0 0.8324062499999999 0.6062023148148148 0.010562499999999985 0.01760277777777775
0 0.7574869791666666 0.6425814814814815 0.011223958333333428 0.01760185185185195
0 0.13534296875 0.7129921296296297 0.0158421875 0.01525648148148146
