2 0.48849635416666665 0.44191111111111114 0.029044791666666705 0.07393148148148149
0 0.4848658854166667 0.4424976851851852 0.019143229166666664 0.021123148148148137
4 0.837359375 0.381475462962963 0.08779166666666664 0.12908611111111112
1 0.8376875 0.3298412037037038 0.021125000000000088 0.014082407407407412
0 0.8386796874999999 0.36445925925925926 0.005942708333333376 0.0504611111111111
0 0.8601328125 0.3650462962962963 0.01320312500000007 0.06102222222222222
0 0.8175572916666667 0.36445925925925926 0.013864583333333276 0.05750185185185183
3 0.61259375 0.6461018518518519 0.06072916666666662 0.12321851851851855
3 0.6828958333333333 0.7740148148148148 0.07459375000000001 0.12087222222222226
3 0.7881822916666666 0.6983231481481481 0.054125000000000034 0.09153333333333333
3 0.3198408854166666 0.6361273148148148 0.06667031249999997 0.11500462962962968
3 0.32776223958333334 0.6953893518518518 0.05082760416666664 0.07393055555555558
0 0.6145755208333334 0.6783736111111112 0.01716145833333336 0.023469444444444428
0 0.6749739583333334 0.8056995370370371 0.02310416666666673 0.02229722222222224
0 0.7083098958333333 0.803938888888889 0.01320312500000007 0.03051111111111111
0 0.6650729166666667 0.7816425925925926 0.01121874999999998 0.018775925925925946
0 0.30036796875 0.6601837962962963 0.014522395833333352 0.01760277777777775
0 0.7819088541666666 0.7100587962962963 0.015182291666666596 0.021123148148148137
0 0.8076536458333334 0.7129921296296297 0.013859374999999948 0.02229722222222224
0 0.7743203125 0.6930421296296296 0.009244791666666667 0.01760277777777775
0 0.34129427083333336 0.6871749999999999 0.009241666666666681 0.015255555555555555
0 0.3310625 0.7059509259259259 0.011221875000000025 0.022296296296296335
