2 0.6030234374999999 0.4606875 0.03366145833333327 0.0668898148148148
0 0.6073124999999999 0.4618611111111111 0.019802083333333324 0.022296296296296335
4 0.8413203125000001 0.3902768518518519 0.08515104166666668 0.1208722222222222
1 0.8429713541666667 0.3380555555555556 0.018484375000000004 0.014081481481481507
0 0.8228385416666666 0.37032731481481485 0.012541666666666748 0.05515462962962964
0 0.8429687499999999 0.3703273148148148 0.005281249999999934 0.048113888888888914
0 0.8624427083333333 0.3709138888888889 0.012541666666666748 0.05632777777777778
3 0.37726953125 0.6032689814814814 0.05742864583333335 0.11031018518518518
3 0.5284317708333334 0.6126569444444444 0.05214687500000004 0.07510462962962958
3 0.5521953125 0.6419949074074074 0.050828125000000016 0.0704101851851852
3 0.6191953125 0.6443416666666667 0.07393229166666657 0.12439259259259264
3 0.6241458333333334 0.7740148148148148 0.053468750000000044 0.1044425925925926
0 0.6277760416666667 0.676026851851852 0.014520833333333271 0.018775925925925946
0 0.5964244791666667 0.6637046296296297 0.009901041666666662 0.02464444444444443
0 0.62315625 0.8098069444444445 0.02376041666666661 0.021123148148148245
0 0.36538776041666665 0.6349537037037037 0.013861979166666672 0.01642962962962955
0 0.3960825520833333 0.6261523148148148 0.00924114583333336 0.019949074074074143
0 0.5317317708333333 0.6261523148148148 0.015182291666666655 0.019949074074074143
0 0.51754140625 0.6126569444444444 0.010563020833333365 0.01642870370370375
0 0.508959375 0.6232189814814814 0.009241666666666622 0.021123148148148137
0 0.5627578124999999 0.6425814814814815 0.01122395833333331 0.01760185185185195
0 0.572328125 0.657837037037037 0.009239583333333337 0.01994999999999994
0 0.548234375 0.6607708333333333 0.013864583333333395 0.01642870370370375
