0 0.7475859375 0.44132453703703706 0.011223958333333428 0.0164287037037037
0 0.7307526041666667 0.43663055555555563 0.010557291666666658 0.014081481481481507
0 0.7254739583333333 0.4466055555555556 0.010562499999999985 0.015255555555555555
0 0.06603255208333333 0.7082981481481482 0.010561979166666664 0.02229629629629623
0 0.03335765625 0.7317685185185185 0.016502499999999996 0.015255555555555555
0 0.26637265625 0.7165125 0.009901562500000013 0.017602777777777853
0 0.23699843750000002 0.7270740740740741 0.01320208333333334 0.015255555555555555
0 0.5914739583333334 0.5064541666666666 0.010562499999999985 0.012908333333333362
0 0.7901614583333334 0.33160092592592594 0.013197916666666623 0.015255555555555555
2 0.7961041666666666 0.3345351851851852 0.026406249999999905 0.06102222222222222
3 0.5825598958333332 0.4753564814814815 0.044223958333333376 0.10092222222222226
3 0.04556945312499999 0.696562962962963 0.06997046875 0.09505370370370372
3 0.2482200520833333 0.6994967592592592 0.06469010416666662 0.11265648148148158
3 0.7399947916666666 0.42430833333333334 0.0514895833333334 0.08566666666666665
