2 0.6376796875 0.43017592592592596 0.03300520833333328 0.06454259259259255
0 0.6439479166666667 0.43428333333333335 0.01782291666666668 0.018775925925925946
4 0.7779505208333333 0.38499583333333337 0.08119270833333327 0.12908611111111112
1 0.7786119791666666 0.3362953703703704 0.020463541666666647 0.015255555555555555
0 0.7792708333333334 0.3679800925925926 0.005937500000000047 0.04811388888888886
0 0.7987421875 0.3703268518518518 0.013203124999999953 0.05750185185185189
0 0.7597968749999999 0.3668064814814815 0.013197916666666623 0.05515555555555554
3 0.30993932291666665 0.6108967592592592 0.061389062500000036 0.11383055555555557
3 0.4010330729166667 0.6813074074074075 0.05082760416666669 0.08097222222222226
3 0.5578072916666666 0.6402347222222223 0.06996875000000001 0.11383055555555557
3 0.6815755208333333 0.7528912037037037 0.06534895833333323 0.11383055555555557
0 0.5347031250000001 0.6666384259259259 0.010562499999999985 0.021123148148148137
0 0.5657291666666667 0.6754398148148147 0.01584375000000004 0.022296296296296335
0 0.6667213541666667 0.775188425925926 0.017161458333333237 0.024643518518518526
0 0.3191807291666667 0.6443421296296297 0.015182291666666714 0.021123148148148245
0 0.29046666666666665 0.6408212962962964 0.010561458333333343 0.018775925925925946
0 0.4158854166666667 0.6989097222222223 0.010561458333333343 0.01760277777777775
0 0.39146171874999997 0.6953893518518519 0.01320156249999999 0.019949074074074036
0 0.40862447916666667 0.6813074074074075 0.017162499999999997 0.019950000000000048
0 0.5129200520833334 0.646102314814815 0.014522395833333352 0.017602777777777853
0 0.5201799479166667 0.6613578703703703 0.011879687499999984 0.02229722222222224
3 0.5026888020833333 0.6390606481481482 0.04950781250000003 0.07862500000000007
0 0.4960875 0.6601842592592593 0.012541666666666687 0.015255555555555555
