2 0.5630859375 0.43545694444444444 0.03300520833333328 0.0657157407407407
0 0.5673776041666667 0.43721712962962966 0.020463541666666647 0.019949074074074036
4 0.762109375 0.3726740740740741 0.08779166666666664 0.14199444444444448
1 0.7624375000000001 0.31693240740740747 0.023760416666666728 0.016429629629629603
0 0.7624375000000001 0.35272453703703704 0.0066041666666667 0.04811388888888886
0 0.7848828124999999 0.35331111111111113 0.01320312500000007 0.06102222222222222
0 0.7403229166666667 0.3538981481481482 0.012541666666666628 0.06454259259259255
3 0.35350598958333335 0.7024305555555556 0.054788020833333326 0.09036111111111104
3 0.4637427083333333 0.6666384259259259 0.06006875 0.08214537037037035
3 0.5145713541666667 0.6666384259259259 0.06271145833333336 0.1361268518518518
3 0.5488963541666666 0.7323550925925927 0.0798739583333333 0.12673981481481483
3 0.25383072916666666 0.6466888888888889 0.06931041666666668 0.1337796296296296
0 0.5175403645833333 0.69715 0.01848177083333334 0.018775925925925946
0 0.5657291666666667 0.7675606481481482 0.02112499999999997 0.025817592592592628
0 0.26439270833333334 0.6824810185185186 0.019142708333333314 0.02229722222222224
0 0.22973723958333334 0.6772 0.011881770833333328 0.023470370370370332
0 0.3650578125 0.7000833333333334 0.010561458333333284 0.019950000000000048
0 0.35185572916666674 0.7182726851851853 0.015842708333333337 0.021123148148148137
0 0.4723239583333333 0.6619444444444444 0.013862499999999993 0.023470370370370332
0 0.45516119791666665 0.6789606481481482 0.01650260416666664 0.024643518518518526
0 0.5320625 0.7564120370370371 0.017166666666666625 0.02699074074074072
