3 0.23124999999999998 0.7763888888888889 0.09375 0.18796296296296297
3 0.18020833333333333 0.4449074074074074 0.08229166666666667 0.13796296296296298
3 0.7216145833333333 0.5152777777777778 0.06302083333333333 0.14166666666666666
3 0.990625 0.5208333333333334 0.01875 0.11018518518518519
0 0.19713541666666667 0.8217592592592593 0.0140625 0.026851851851851852
0 0.23958333333333334 0.8296296296296297 0.019791666666666666 0.022222222222222223
0 0.72421875 0.5611111111111111 0.01614583333333333 0.020370370370370372
0 0.19739583333333333 0.4763888888888889 0.016666666666666666 0.025
0 0.16015625 0.4912037037037037 0.022395833333333334 0.021296296296296296
0 0.16614583333333333 0.46990740740740744 0.025 0.021296296296296296
