2 0.47298411458333334 0.32103935185185184 0.04950781250000003 0.09036018518518518
0 0.48222552083333337 0.3210398148148148 0.02574375 0.019949999999999992
4 0.7680494791666667 0.22481157407407407 0.1115572916666667 0.17485277777777777
0 0.7667265625 0.15616157407407408 0.025744791666666583 0.016428703703703727
0 0.7670598958333333 0.20075462962962964 0.006598958333333253 0.06571666666666666
0 0.7957734375 0.20016805555555559 0.01650520833333336 0.07627870370370371
0 0.7390052083333333 0.1989949074074074 0.01782291666666668 0.07862500000000003
3 0.4809044270833333 0.7235537037037038 0.10099322916666663 0.15138333333333326
3 0.46605312499999996 0.7798819444444445 0.08449270833333333 0.14434166666666667
3 0.5611067708333334 0.8162611111111111 0.07260937499999998 0.12087222222222214
0 0.5835494791666667 0.835624074074074 0.013203124999999953 0.023470370370370437
0 0.5502135416666666 0.8502930555555556 0.023104166666666613 0.024643518518518526
0 0.4990580729166666 0.8109805555555556 0.015842187500000014 0.03051111111111111
0 0.4594520833333333 0.8315166666666667 0.034324999999999994 0.026990740740740825
3 0.4337080729166667 0.6361273148148148 0.062049479166666664 0.10326944444444451
3 0.2779247395833333 0.7118185185185185 0.07525156249999997 0.11148333333333338
0 0.2894763020833333 0.7094717592592593 0.01650260416666664 0.024643518518518526
0 0.30036796875 0.7288347222222222 0.01320156249999999 0.025817592592592524
0 0.2670328125 0.7311814814814814 0.01914270833333334 0.028164814814814823
0 0.4145653645833333 0.646102314814815 0.011881770833333328 0.02933796296296302
