2 0.28056484374999996 0.5328583333333334 0.03564531250000001 0.07745185185185188
0 0.2706635416666667 0.5363787037037037 0.01320208333333331 0.018775925925925946
4 0.582890625 0.5070412037037036 0.08185416666666671 0.11265648148148147
0 0.5858619791666667 0.46303472222222225 0.01650520833333336 0.01290833333333331
0 0.5861901041666667 0.490025 0.006598958333333253 0.04342037037037038
0 0.5980729166666667 0.49589259259259266 0.009239583333333337 0.038725925925925886
0 0.6175442708333333 0.5287509259259259 0.005942708333333376 0.04107222222222228
0 0.5465859375 0.519362962962963 0.006598958333333371 0.04342037037037038
3 0.5016984375 0.5011731481481482 0.040926041666666656 0.06571666666666671
3 0.4475703125 0.5240569444444444 0.040926041666666656 0.06219537037037042
3 0.7165598958333333 0.7699074074074075 0.04950520833333331 0.09388148148148154
3 0.29013645833333335 0.529924537037037 0.052147916666666676 0.09270648148148153
3 0.5554947916666667 0.6056157407407408 0.037625000000000006 0.07041111111111109
0 0.49740755208333337 0.5029337962962963 0.0165026041666667 0.015256481481481565
0 0.4921268229166666 0.5181893518518519 0.012542187500000008 0.012908333333333362
0 0.5122598958333333 0.5129083333333334 0.009241666666666622 0.018775925925925946
0 0.4584619791666667 0.539312962962963 0.011221874999999966 0.015255555555555555
0 0.5677083333333334 0.6097231481481481 0.007916666666666572 0.019950000000000048
0 0.5492265624999999 0.6191111111111113 0.01320312500000007 0.015255555555555555
0 0.4386588541666666 0.539312962962963 0.012541666666666687 0.015255555555555555
0 0.716890625 0.8010050925925927 0.019802083333333324 0.01760277777777775
0 0.6967578125 0.7851634259259259 0.008578125000000015 0.021123148148148137
0 0.3030083333333333 0.5545685185185185 0.010561458333333343 0.015255555555555555
0 0.5825598958333333 0.5199495370370371 0.019140625 0.021123148148148137
