2 0.24260911458333334 0.528750925925926 0.03102447916666667 0.07393148148148149
0 0.24425963541666665 0.5352050925925926 0.014522395833333352 0.014082407407407358
4 0.5677083333333334 0.5058675925925926 0.08581250000000006 0.11500370370370366
0 0.5700182291666667 0.4589273148148148 0.019140625 0.014082407407407412
0 0.5838802083333333 0.49530601851851846 0.008583333333333342 0.03051203703703712
0 0.5716692708333333 0.490025 0.009244791666666667 0.03872592592592594
0 0.5300833333333334 0.519362962962963 0.0052812499999999925 0.04342037037037038
0 0.6036848958333332 0.5305111111111112 0.005942708333333376 0.046940740740740665
3 0.24590989583333334 0.5252305555555556 0.049507291666666654 0.08801296296296295
3 0.47199375000000005 0.5299245370370371 0.04092604166666671 0.07627870370370368
3 0.5680364583333334 0.6067893518518519 0.037625000000000006 0.06806388888888891
3 0.6403203125 0.5698240740740742 0.052807291666666596 0.08801296296296295
0 0.5673802083333332 0.5211231481481482 0.01782291666666668 0.01642962962962955
3 0.4851958333333333 0.5017601851851852 0.040926041666666656 0.06219629629629627
0 0.49839791666666666 0.5123217592592593 0.007920833333333318 0.01760277777777775
0 0.47199375000000005 0.5516342592592592 0.01320208333333337 0.018775925925925946
0 0.5703489583333334 0.6238055555555556 0.013197916666666623 0.015255555555555555
0 0.6271171875 0.5774513888888889 0.006598958333333371 0.014082407407407358
0 0.641640625 0.5944675925925927 0.019802083333333324 0.015255555555555555
0 0.23501822916666668 0.5551550925925927 0.01320208333333334 0.016428703703703647
