2 0.24029895833333334 0.5316851851851853 0.030364583333333337 0.06571666666666671
0 0.23237786458333334 0.5340314814814815 0.011881770833333328 0.018775925925925946
4 0.5703489583333333 0.5029337962962963 0.09109374999999999 0.118525
0 0.5726614583333334 0.4554064814814815 0.017822916666666563 0.016429629629629655
0 0.5852005208333333 0.4923722222222222 0.008578125000000015 0.0340314814814815
0 0.6079739583333333 0.528750925925926 0.0066041666666667 0.04342037037037038
0 0.5736484374999999 0.4882648148148149 0.006598958333333371 0.039899999999999984
0 0.5310729166666667 0.51995 0.007260416666666695 0.04224629629629638
0 0.5700182291666667 0.520536574074074 0.019140625 0.01760277777777775
3 0.4310677083333333 0.5 0.044886458333333344 0.09622777777777777
3 0.46935364583333333 0.5363787037037037 0.03696562499999997 0.068062962962963
3 0.4898166666666666 0.49413240740740744 0.044886458333333344 0.06571666666666666
3 0.5657291666666667 0.6349537037037037 0.03432291666666672 0.06337037037037042
3 0.7109505208333333 0.8555736111111112 0.05148437500000007 0.07745092592592587
0 0.7069895833333334 0.8714162037037038 0.017166666666666684 0.01760277777777775
0 0.7297630208333333 0.8714162037037038 0.009901041666666662 0.022297222222222135
0 0.4310677083333333 0.528751388888889 0.014521875000000031 0.01760277777777775
0 0.5660572916666666 0.6549032407407407 0.013864583333333395 0.01642870370370375
0 0.474634375 0.5504611111111112 0.014521875000000031 0.01877592592592584
0 0.500378125 0.4888518518518519 0.010561458333333343 0.015255555555555555
0 0.4960875 0.5076277777777779 0.012541666666666687 0.015255555555555555
3 0.6043437500000001 0.4841574074074074 0.04158333333333329 0.06923703703703706
