2 0.33139270833333334 0.6642912037037038 0.03960625000000005 0.07510462962962958
4 0.15943671874999998 0.7194467592592594 0.08647343749999999 0.1408212962962964
3 0.7416458333333333 0.5522212962962963 0.06931249999999996 0.10678888888888899
3 0.20465338541666664 0.4378037037037037 0.05280781250000001 0.06571666666666666
3 0.15778645833333332 0.4953060185185186 0.04224687500000002 0.06102314814814818
0 0.22181614583333334 0.4536462962962963 0.01320208333333331 0.022296296296296283
0 0.7294322916666667 0.5762782407407407 0.013197916666666741 0.01877685185185185
0 0.7568255208333333 0.5768648148148149 0.011223958333333428 0.019950000000000048
0 0.31984114583333334 0.6654648148148148 0.015182291666666655 0.023470370370370332
1 0.15382578125000002 0.6642916666666666 0.02112343750000001 0.016429629629629655
0 0.1525057291666667 0.7053643518518519 0.009241666666666652 0.032858333333333406
0 0.17692942708333334 0.696562962962963 0.014522395833333352 0.05046111111111116
0 0.13699348958333335 0.6883486111111112 0.009901562500000013 0.03637870370370369
0 0.15547604166666668 0.6813074074074075 0.0046208333333333405 0.02229629629629623
