2 0.057812499999999996 0.7314814814814815 0.03125 0.06666666666666667
2 0.8359375 0.39861111111111114 0.025 0.05462962962962963
0 0.8302083333333333 0.3962962962962963 0.010416666666666666 0.018518518518518517
3 0.45078124999999997 0.5611111111111111 0.0515625 0.10925925925925926
3 0.1453125 0.45092592592592595 0.035416666666666666 0.05555555555555556
3 0.019270833333333334 0.8078703703703703 0.0375 0.0787037037037037
3 0.5994791666666667 0.5287037037037037 0.051041666666666666 0.08888888888888889
3 0.8255208333333334 0.5675925925925926 0.03854166666666667 0.061111111111111116
0 0.8315104166666667 0.5851851851851853 0.013020833333333334 0.016666666666666666
0 0.81484375 0.5731481481481482 0.009895833333333333 0.018518518518518517
0 0.028125 0.813425925925926 0.013541666666666667 0.02314814814814815
0 0.006510416666666667 0.8226851851851852 0.011979166666666666 0.019444444444444445
0 0.4466145833333333 0.5902777777777778 0.013020833333333334 0.017592592592592594
0 0.14739583333333334 0.4671296296296297 0.0125 0.015740740740740743
