0 0.6802552083333334 0.6138305555555555 0.013864583333333395 0.018775925925925946
0 0.65253125 0.6284995370370371 0.013864583333333395 0.019949074074074143
0 0.7053411458333334 0.6414078703703704 0.009901041666666662 0.019949074074074143
0 0.7248125 0.6484490740740741 0.013197916666666623 0.015255555555555555
0 0.05877145833333333 0.5803851851851852 0.01980291666666667 0.015255555555555555
0 0.06306223958333333 0.5962277777777778 0.016502604166666667 0.018775925925925946
0 0.028076875 0.5927074074074075 0.01386208333333333 0.023470370370370332
0 0.15514609375 0.529337962962963 0.01320156249999999 0.016429629629629655
0 0.12808203125 0.5310976851851852 0.007921354166666669 0.01760277777777775
0 0.6320677083333333 0.6020953703703703 0.005937500000000047 0.016429629629629655
0 0.6063229166666666 0.6114837962962962 0.013864583333333395 0.014082407407407358
3 0.7165598958333333 0.6378875 0.052151041666666606 0.0715842592592592
3 0.6660625 0.5974013888888889 0.05677083333333333 0.09857500000000001
3 0.6102838541666666 0.5815587962962963 0.06139062500000006 0.11383055555555557
3 0.14854505208333332 0.5035203703703705 0.06600989583333335 0.11500370370370372
3 0.051180442708333336 0.5639560185185185 0.07063078125 0.11383055555555557
