2 0.8434895833333333 0.32731481481481484 0.027604166666666666 0.05277777777777778
3 0.3541666666666667 0.675462962962963 0.06979166666666667 0.1175925925925926
3 0.25104166666666666 0.6074074074074074 0.059375 0.08148148148148149
3 0.11848958333333333 0.611574074074074 0.0359375 0.06944444444444445
3 0.6231770833333333 0.4847222222222222 0.05572916666666666 0.11388888888888889
3 0.6809895833333334 0.49074074074074076 0.05677083333333333 0.0925925925925926
3 0.8526041666666666 0.5194444444444445 0.03958333333333333 0.07037037037037037
0 0.2596354166666667 0.6300925925925926 0.0171875 0.02314814814814815
0 0.25703125 0.6162037037037037 0.0171875 0.017592592592592594
0 0.23307291666666666 0.625925925925926 0.0140625 0.020370370370370372
0 0.33489583333333334 0.7046296296296296 0.0125 0.018518518518518517
0 0.3638020833333333 0.7050925925925926 0.013020833333333334 0.017592592592592594
0 0.8195312499999999 0.4865740740740741 0.013020833333333334 0.015740740740740743
0 0.8322916666666667 0.5064814814814815 0.015625 0.018518518518518517
0 0.8125 0.500462962962963 0.010416666666666666 0.017592592592592594
3 0.8255208333333334 0.48888888888888893 0.042708333333333334 0.07037037037037037
0 0.11666666666666667 0.6277777777777778 0.015625 0.018518518518518517
0 0.63671875 0.525462962962963 0.008854166666666666 0.019444444444444445
0 0.6708333333333333 0.512962962962963 0.013541666666666667 0.014814814814814815
0 0.6885416666666666 0.5027777777777778 0.013541666666666667 0.016666666666666666
0 0.6955729166666667 0.5166666666666667 0.011979166666666666 0.020370370370370372
0 0.8419270833333333 0.5287037037037037 0.0078125 0.018518518518518517
0 0.8598958333333333 0.5416666666666667 0.011458333333333333 0.016666666666666666
0 0.8369791666666666 0.3287037037037037 0.014583333333333334 0.022222222222222223
2 0.0109375 0.6731481481481482 0.020833333333333332 0.06851851851851852
