2 0.28287526041666666 0.4067060185185185 0.029704687499999948 0.062195370370370366
0 0.27594453124999996 0.4078791666666667 0.011881770833333328 0.012908333333333362
0 0.628765625 0.40670601851851856 0.007260416666666695 0.043419444444444476
0 0.6079739583333333 0.3685671296296297 0.0066041666666667 0.03989907407407408
0 0.5957630208333333 0.36680694444444445 0.008578124999999895 0.03637870370370369
0 0.5551666666666667 0.3943842592592593 0.0066041666666667 0.042246296296296275
0 0.5957604166666667 0.3362953703703704 0.01782291666666668 0.012909259259259266
0 0.5924635416666668 0.3943837962962963 0.01782291666666668 0.014082407407407412
4 0.5921328124999999 0.3826486111111111 0.08317187500000003 0.11031018518518518
0 0.6178750000000001 0.697149537037037 0.014520833333333271 0.01642870370370375
0 0.5960911458333332 0.7006703703703704 0.01320312500000007 0.016429629629629655
0 0.2822153645833333 0.5293375000000001 0.009901562500000042 0.021123148148148137
0 0.2742942708333333 0.5510476851851852 0.015182291666666655 0.01525648148148146
0 0.38585078125 0.5604356481481482 0.007260937499999957 0.01760277777777775
0 0.36043697916666667 0.5709972222222222 0.014521875000000031 0.015255555555555555
0 0.2627424479166667 0.6108967592592593 0.011881770833333298 0.01760277777777775
0 0.24326927083333333 0.6062027777777779 0.008581249999999999 0.01994999999999994
3 0.25416093749999996 0.5968148148148148 0.04620729166666664 0.069237037037037
3 0.27132369791666666 0.5310981481481482 0.042246354166666694 0.06219629629629632
3 0.3660479166666666 0.5322712962962963 0.05346770833333334 0.11617777777777787
3 0.44393958333333333 0.3750212962962963 0.05478854166666664 0.08566666666666671
0 0.4304078125 0.38910324074074076 0.01320208333333337 0.015256481481481511
0 0.8518828125 0.7030171296296296 0.015182291666666714 0.01642870370370375
3 0.8538593749999999 0.6936291666666667 0.04290624999999994 0.0704101851851852
3 0.6063255208333334 0.6889351851851852 0.05082812500000008 0.06337037037037031
