0 0.3297424479166666 0.7217935185185186 0.019143229166666664 0.018775925925925946
0 0.3264419270833333 0.7534782407407408 0.021782812499999988 0.02816388888888892
0 0.6363567708333333 0.775188425925926 0.013203124999999953 0.03637870370370369
0 0.47661458333333334 0.6836546296296296 0.03564583333333336 0.03168518518518521
0 0.5756276041666666 0.8068731481481481 0.01320312500000007 0.03168518518518521
3 0.5320643229166666 0.7716675925925927 0.12938177083333333 0.22883518518518514
3 0.5918020833333334 0.6824810185185186 0.11419791666666666 0.1725064814814814
3 0.5957630208333333 0.7464375 0.10099479166666658 0.206537962962963
3 0.4809044270833333 0.6419949074074074 0.10099322916666663 0.16429166666666672
3 0.32248125 0.734701851851852 0.0957145833333333 0.11500370370370377
