0 0.6614427083333333 0.6085499999999999 0.006604166666666581 0.01994999999999994
0 0.6386666666666667 0.6302597222222223 0.017822916666666563 0.01877685185185185
0 0.708640625 0.705951388888889 0.012541666666666748 0.012908333333333362
0 0.7069895833333334 0.7235537037037039 0.010562499999999985 0.015255555555555555
0 0.6845442708333334 0.7247268518518518 0.011880208333333305 0.015255555555555555
0 0.6307499999999999 0.4694888888888889 0.007260416666666695 0.016429629629629603
0 0.62546875 0.4847444444444445 0.012541666666666748 0.01408148148148156
0 0.6056640625 0.479463425925926 0.007265624999999905 0.0176027777777778
0 0.15745625 0.5815587962962963 0.008581249999999999 0.017602777777777853
0 0.12907213541666665 0.5997486111111111 0.013861979166666656 0.014082407407407358
0 0.5865208333333333 0.617350925925926 0.012541666666666748 0.014081481481481454
0 0.6145755208333334 0.6126569444444444 0.006598958333333253 0.01877685185185185
3 0.6218359375 0.4759430555555556 0.04489062500000003 0.0668898148148148
3 0.6436197916666666 0.5974013888888889 0.046208333333333226 0.09153425925925923
3 0.5914713541666666 0.5809722222222223 0.05676562499999988 0.12908703703703703
3 0.6990703125000001 0.7182731481481481 0.05808854166666665 0.07041111111111109
3 0.13666328125000002 0.5663037037037036 0.06469010416666665 0.11148333333333327
