0 0.8395833333333333 0.32592592592592595 0.021875 0.018518518518518517
0 0.9549479166666667 0.029166666666666667 0.027604166666666666 0.017592592592592594
2 0.9520833333333333 0.031481481481481485 0.041666666666666664 0.061111111111111116
0 0.20572916666666666 0.6069444444444445 0.009375 0.025
0 0.17682291666666666 0.6157407407407408 0.019270833333333334 0.020370370370370372
0 0.5927083333333333 0.6222222222222222 0.017708333333333333 0.024074074074074074
0 0.6325520833333333 0.6069444444444445 0.0109375 0.02314814814814815
0 0.6783854166666666 0.5277777777777778 0.013020833333333334 0.020370370370370372
0 0.7270833333333333 0.5402777777777777 0.01875 0.025
0 0.06328125 0.27222222222222225 0.024479166666666666 0.014814814814814815
0 0.5505208333333333 0.6851851851851852 0.016666666666666666 0.022222222222222223
3 0.06536458333333334 0.2606481481481482 0.05364583333333333 0.08796296296296297
3 0.8401041666666667 0.29814814814814816 0.051041666666666666 0.10185185185185186
3 0.7125 0.49722222222222223 0.09166666666666666 0.15
3 0.5979166666666667 0.5976851851851852 0.09270833333333334 0.16018518518518518
3 0.5557291666666666 0.6620370370370371 0.06145833333333333 0.1
3 0.18046875 0.5939814814814816 0.0640625 0.09537037037037037
