0 0.715625 0.4759259259259259 0.03125 0.02777777777777778
0 0.7505208333333333 0.500462962962963 0.019791666666666666 0.03981481481481482
0 0.3052083333333333 0.7430555555555556 0.019791666666666666 0.04166666666666667
0 0.38671875 0.7560185185185185 0.0296875 0.03796296296296296
0 0.2661458333333333 0.6787037037037037 0.022916666666666665 0.03888888888888889
0 0.16796875 0.6856481481481482 0.0265625 0.036111111111111115
0 0.5223958333333333 0.500462962962963 0.029166666666666667 0.02314814814814815
0 0.5981770833333333 0.5555555555555556 0.0390625 0.03888888888888889
0 0.51953125 0.5504629629629629 0.0359375 0.04166666666666667
3 0.028125 0.8796296296296297 0.05520833333333333 0.1925925925925926
3 0.7236979166666666 0.4689814814814815 0.11822916666666666 0.1824074074074074
3 0.5565104166666667 0.5236111111111111 0.17239583333333333 0.22685185185185186
3 0.3578125 0.7125 0.159375 0.3101851851851852
3 0.20859375 0.6212962962962963 0.18385416666666665 0.3148148148148148
