0 0.67734375 0.5222222222222223 0.0067708333333333336 0.014814814814814815
0 0.6604166666666667 0.5310185185185186 0.0125 0.01388888888888889
0 0.8848958333333333 0.2726851851851852 0.015625 0.017592592592592594
0 0.9940104166666667 0.22685185185185186 0.011979166666666666 0.0462962962962963
4 0.9856770833333334 0.23796296296296296 0.028645833333333332 0.12407407407407407
2 0.8953125 0.274537037037037 0.0375 0.06018518518518519
0 0.5197916666666667 0.6962962962962963 0.009375 0.020370370370370372
0 0.5510416666666667 0.7037037037037037 0.0125 0.018518518518518517
0 0.43984375 0.7546296296296297 0.0203125 0.014814814814814815
0 0.43776041666666665 0.7708333333333334 0.0140625 0.017592592592592594
0 0.4125 0.712037037037037 0.010416666666666666 0.016666666666666666
0 0.3911458333333333 0.7199074074074074 0.013541666666666667 0.017592592592592594
0 0.6208333333333333 0.6708333333333334 0.009375 0.021296296296296296
0 0.5893229166666667 0.6824074074074075 0.013020833333333334 0.016666666666666666
0 0.6572916666666666 0.6240740740740741 0.020833333333333332 0.016666666666666666
0 0.6294270833333333 0.6138888888888889 0.013020833333333334 0.024074074074074074
3 0.6645833333333333 0.5101851851851852 0.04375 0.07222222222222223
3 0.6494791666666666 0.6023148148148149 0.059375 0.08796296296296297
3 0.5942708333333333 0.6490740740740741 0.0625 0.12592592592592594
3 0.53671875 0.6837962962962963 0.06927083333333334 0.1175925925925926
3 0.39947916666666666 0.6981481481481482 0.053125 0.07407407407407407
3 0.4427083333333333 0.7495370370370371 0.04895833333333333 0.075
