1 0.144584375 0.6196981481481482 0.019803124999999994 0.01408148148148156
0 0.16768802083333334 0.6513828703703705 0.015842708333333337 0.058675000000000026
0 0.14491458333333332 0.6414078703703704 0.005940625000000003 0.03168425925925931
0 0.14128385416666667 0.6642916666666666 0.006601041666666655 0.03755185185185179
0 0.12544166666666667 0.6449282407407408 0.009241666666666667 0.03637870370370369
0 0.45549140625 0.6490361111111111 0.022443229166666672 0.01877592592592584
2 0.4594518229166667 0.6449287037037037 0.038285937500000006 0.07393148148148149
4 0.14887526041666668 0.6760268518518519 0.09175364583333331 0.15020925925925926
0 0.4102747395833333 0.6836541666666667 0.009901562499999983 0.01760277777777775
0 0.40169322916666667 0.697149537037037 0.013862499999999993 0.01642870370370375
0 0.3828802083333333 0.6983231481481482 0.006601041666666655 0.016429629629629655
0 0.7261328125 0.7388097222222222 0.013203124999999953 0.01760277777777775
0 0.7333932291666667 0.7546518518518519 0.009244791666666667 0.01642962962962955
0 0.7089713541666666 0.7546518518518519 0.01320312500000007 0.018775925925925946
0 0.7330625 0.6132435185185185 0.01121874999999998 0.019950000000000048
0 0.7013802083333334 0.6150041666666667 0.012541666666666748 0.01642870370370375
0 0.6026953125000001 0.5422462962962963 0.01716145833333336 0.014081481481481454
0 0.6264583333333335 0.5434199074074074 0.010562499999999985 0.016428703703703647
0 0.6010442708333333 0.559262037037037 0.020463541666666765 0.015255555555555555
0 0.6013749999999999 0.6015087962962963 0.01584374999999992 0.012908333333333362
0 0.6050026041666666 0.6167638888888889 0.011223958333333428 0.015255555555555555
0 0.5865234375 0.6044425925925926 0.00990104166666678 0.01642962962962955
0 0.6264583333333335 0.6273259259259258 0.010562499999999985 0.01760185185185195
0 0.6185364583333334 0.6367143518518518 0.014520833333333271 0.017602777777777853
3 0.5954322916666667 0.6003351851851852 0.04488541666666658 0.069237037037037
3 0.7350442708333333 0.5469402777777779 0.057432291666666656 0.11735092592592596
3 0.71425 0.5956412037037038 0.06996874999999995 0.11383055555555557
3 0.7175494791666668 0.7393962962962963 0.05413020833333337 0.07745185185185177
3 0.6092942708333333 0.5293375000000001 0.052807291666666596 0.09388055555555552
3 0.6165546875000001 0.6308462962962964 0.047526041666666664 0.07627777777777778
3 0.3997130208333334 0.6889351851851852 0.04422708333333336 0.07979814814814816
