0 0.9854166666666666 0.4726851851851852 0.019791666666666666 0.02314814814814815
0 0.428125 0.5523148148148148 0.030208333333333334 0.019444444444444445
0 0.3997395833333333 0.5606481481481481 0.01614583333333333 0.02314814814814815
0 0.4356770833333333 0.5782407407407407 0.019270833333333334 0.021296296296296296
0 0.33567708333333335 0.38796296296296295 0.022395833333333334 0.024074074074074074
0 0.3463541666666667 0.41435185185185186 0.020833333333333332 0.028703703703703703
0 0.2942708333333333 0.40555555555555556 0.029166666666666667 0.02777777777777778
2 0.12239583333333333 0.48055555555555557 0.057291666666666664 0.12222222222222223
3 0.3143229166666667 0.3736111111111111 0.10781249999999999 0.16203703703703703
3 0.98046875 0.4449074074074074 0.0390625 0.1675925925925926
3 0.41953124999999997 0.5527777777777778 0.0921875 0.1277777777777778
