0 0.043919296875 0.4911986111111111 0.03498536458333333 0.019949074074074143
2 0.058441458333333335 0.5023472222222223 0.070630625 0.1384740740740741
0 0.5327229166666666 0.6349537037037037 0.029043750000000004 0.021124074074074146
0 0.5016984375 0.6419949074074075 0.019803125000000026 0.025817592592592628
0 0.5439427083333332 0.6642912037037038 0.019802083333333442 0.02816388888888892
0 0.08088489583333332 0.10335342592592593 0.01650208333333333 0.02581722222222222
0 0.11421979166666667 0.2101425925925926 0.017162499999999997 0.023470370370370357
3 0.22148593749999998 0.1837388888888889 0.08647291666666668 0.1255648148148148
3 0.1287421875 0.2077962962962963 0.08845312500000001 0.11969814814814818
3 0.06768299479166666 0.0828172685185185 0.07063088541666666 0.0997487962962963
3 0.52348125 0.6361273148148148 0.10297500000000005 0.14551574074074078
