0 0.7456041666666666 0.4407375 0.013864583333333276 0.01290833333333331
0 0.730421875 0.43428333333333335 0.007260416666666695 0.014081481481481454
0 0.7254713541666666 0.4436717592592592 0.00792187500000002 0.014082407407407412
0 0.07791432291666667 0.6848282407407408 0.009241145833333346 0.024643518518518526
0 0.0703234375 0.7135791666666668 0.015182291666666669 0.014082407407407358
0 0.03962861979166667 0.7200328703703703 0.009241406249999999 0.01760277777777775
0 0.5911432291666666 0.5064546296296296 0.009901041666666662 0.015255555555555555
0 0.7937942708333333 0.3333615740740741 0.015182291666666714 0.0164287037037037
2 0.7987421875 0.3351217592592593 0.02904687499999999 0.059849074074074075
3 0.5848723958333333 0.4794638888888888 0.047526041666666664 0.09974814814814811
3 0.05976174479166666 0.6883481481481483 0.06006921874999999 0.1044425925925926
0 0.27990494791666665 0.6989097222222223 0.011881770833333328 0.012908333333333362
3 0.7423046874999999 0.42196111111111106 0.04554687500000002 0.08097222222222221
3 0.27759453125 0.6730925925925927 0.052147395833333325 0.09974814814814811
