1 0.11091953125 0.36269953703703706 0.007921354166666669 0.009387962962962973
1 0.10398828125 0.3644597222222222 0.009901562500000013 0.01056203703703702
0 0.11157942708333334 0.38147546296296303 0.01056197916666668 0.030512037037037067
4 0.11289973958333334 0.38616944444444445 0.042246354166666666 0.06102222222222222
2 0.16702786458333332 0.38323564814814814 0.021123437499999977 0.03637870370370369
0 0.17131848958333334 0.38558287037037037 0.009901562500000013 0.01290833333333331
0 0.8314192708333333 0.5510476851851852 0.01650520833333336 0.01525648148148146
2 0.8327395833333333 0.5481138888888889 0.028385416666666666 0.04694074074074077
0 0.7109505208333333 0.656663425925926 0.011880208333333423 0.01760277777777775
0 0.706 0.6683986111111111 0.012541666666666628 0.019949074074074143
0 0.72778125 0.6719194444444445 0.013864583333333395 0.015255555555555555
0 0.6221666666666666 0.8197819444444445 0.013864583333333276 0.01760277777777775
0 0.601703125 0.6590106481481481 0.007260416666666695 0.01760277777777775
0 0.6139166666666666 0.6713324074074074 0.010562499999999985 0.01408148148148156
0 0.22115598958333335 0.8045259259259259 0.02112343750000001 0.022296296296296335
0 0.22478645833333336 0.8221282407407408 0.015182291666666684 0.01760277777777775
0 0.20564375000000001 0.8162611111111111 0.007261458333333337 0.019950000000000048
0 0.32083098958333334 0.6836541666666667 0.009241145833333301 0.01760277777777775
0 0.3063088541666667 0.6818944444444445 0.015842708333333337 0.011735185185185166
0 0.30498880208333334 0.6953893518518518 0.011881770833333328 0.012908333333333362
0 0.27924479166666666 0.4554064814814815 0.010561458333333343 0.00704074074074078
0 0.43568828125000003 0.44660509259259257 0.007921354166666639 0.01056203703703702
0 0.27990494791666665 0.4642078703703704 0.009241145833333301 0.01056203703703702
3 0.4360184895833333 0.43311018518518524 0.03102447916666667 0.06102222222222222
3 0.27858489583333335 0.4542328703703704 0.023763541666666655 0.03989907407407403
3 0.3122497395833334 0.6783736111111112 0.03960572916666667 0.05632870370370374
3 0.21917578125 0.8039393518518518 0.04488697916666666 0.08683981481481486
3 0.6112734375 0.657837037037037 0.03300520833333328 0.062196296296296215
3 0.71953125 0.6484490740740741 0.047531250000000115 0.08331851851851856
3 0.6244765624999999 0.7869236111111112 0.0594114583333333 0.12087129629629635
