0 0.5977421875 0.3351217592592593 0.005942708333333257 0.0176027777777778
4 0.6026927083333333 0.34098935185185186 0.025083333333333374 0.04107314814814813
0 0.3366734375 0.943588425925926 0.029044791666666705 0.042249074074074196
2 0.32281145833333336 0.9295050925925925 0.05808854166666665 0.13143425925925922
0 0.5980729166666667 0.4278291666666667 0.00791666666666669 0.010562037037037073
0 0.7122708333333333 0.5064541666666666 0.010562499999999985 0.010562037037036969
0 0.8238255208333333 0.5827324074074074 0.011880208333333423 0.012909259259259266
0 0.8175546874999999 0.5915337962962963 0.009901041666666662 0.011734259259259262
0 0.8353776041666667 0.5968143518518519 0.01122395833333331 0.012908333333333258
0 0.698078125 0.5727574074074074 0.008583333333333342 0.011735185185185166
0 0.7132604166666667 0.5756912037037037 0.007260416666666695 0.010562037037037073
0 0.6974166666666667 0.5575018518518519 0.007260416666666695 0.00704074074074078
0 0.26769296875 0.4829842592592593 0.007260937500000016 0.01056111111111117
0 0.2620822916666667 0.4888518518518519 0.009241666666666681 0.01056111111111117
0 0.3366734375 0.559849074074074 0.010561458333333343 0.014081481481481454
0 0.4059841145833333 0.7006703703703704 0.011881770833333328 0.018775925925925946
0 0.400703125 0.717099537037037 0.01320208333333331 0.014082407407407358
0 0.38156015625 0.7229671296296296 0.007921354166666698 0.01642870370370375
3 0.5733203125 0.45481990740740746 0.02442187500000005 0.036378703703703746
3 0.601703125 0.4172675925925926 0.02573958333333337 0.038725925925925886
3 0.26439270833333334 0.48357083333333334 0.02178333333333337 0.03989907407407408
3 0.3350234375 0.5393125 0.03894583333333337 0.07158425925925929
3 0.3997130208333333 0.7106453703703703 0.04818749999999999 0.07393148148148149
3 0.7119401041666666 0.4929587962962963 0.036307291666666686 0.06336944444444446
3 0.7043489583333333 0.5639564814814815 0.03828125 0.05046111111111116
3 0.8304296875 0.5850796296296297 0.04224479166666673 0.05280740740740745
