0 0.8584817708333332 0.5035208333333333 0.008578125000000015 0.014082407407407464
0 0.8660729166666666 0.5222967592592593 0.018479166666666675 0.014082407407407358
0 0.8885156249999999 0.519362962962963 0.009239583333333337 0.015255555555555555
0 0.5861927083333334 0.8233018518518518 0.010562500000000105 0.015255555555555555
0 0.59609375 0.8502930555555556 0.01584375000000004 0.01760277777777775
0 0.7000598958333333 0.5117351851851852 0.005942708333333257 0.014081481481481454
0 0.676296875 0.519362962962963 0.012541666666666628 0.015255555555555555
0 0.39047161458333335 0.3873430555555556 0.011221354166666645 0.0164287037037037
0 0.39542239583333333 0.3984916666666667 0.009241666666666622 0.015255555555555555
0 0.3789197916666666 0.3949708333333333 0.010561458333333343 0.015256481481481511
0 0.10530859375 0.6554898148148149 0.020463020833333328 0.015255555555555555
0 0.10761901041666666 0.6736796296296296 0.014522395833333323 0.018775925925925946
0 0.8545208333333334 0.3251467592592593 0.012541666666666628 0.0164287037037037
2 0.8611223958333333 0.32280000000000003 0.03102604166666675 0.05398148148148149
3 0.8720130208333332 0.5046939814814815 0.05280729166666672 0.0868398148148148
3 0.10596875 0.6519694444444444 0.04290625 0.07393148148148149
3 0.3838705729166667 0.38910324074074076 0.04422656250000004 0.06454351851851851
3 0.5964218750000001 0.8350370370370371 0.048187500000000105 0.07393148148148149
3 0.6822369791666667 0.5035208333333333 0.054786458333333364 0.09857500000000001
