0 0.3554861979166667 0.3791282407407407 0.01254218749999995 0.014082407407407412
0 0.3610971354166666 0.38968981481481485 0.007921354166666639 0.016429629629629655
0 0.3449247395833333 0.3849958333333333 0.011221354166666704 0.014082407407407412
0 0.3234716145833333 0.6695722222222222 0.011881770833333328 0.017601851851851844
0 0.34657499999999997 0.6772 0.019803124999999967 0.014081481481481454
0 0.3165403645833333 0.6842412037037037 0.012542187500000008 0.021123148148148137
0 0.44690989583333335 0.5850791666666667 0.01320208333333331 0.01760277777777775
0 0.12412161458333333 0.6672254629629629 0.011881770833333328 0.017602777777777853
0 0.13072239583333334 0.6789606481481482 0.009241666666666652 0.01760277777777775
0 0.11124947916666666 0.6766129629629629 0.013862500000000007 0.015255555555555555
0 0.8347187500000001 0.5316851851851853 0.008583333333333342 0.011735185185185166
0 0.8416484375 0.5510476851851852 0.011880208333333305 0.01525648148148146
0 0.7802604166666666 0.46948842592592593 0.00791666666666669 0.014082407407407464
0 0.7898307291666666 0.4865046296296296 0.013859374999999948 0.015255555555555555
0 0.529421875 0.8508796296296297 0.011885416666666693 0.02112407407407404
0 0.5545078125000001 0.8614412037037037 0.018484375000000004 0.01877685185185185
0 0.5446067708333333 0.558088888888889 0.013203124999999953 0.015255555555555555
3 0.11487994791666667 0.6648782407407408 0.047527604166666675 0.05984907407407403
3 0.34921536458333335 0.3791287037037037 0.03960572916666667 0.05398148148148144
3 0.4449299479166666 0.5610226851851852 0.05280781249999998 0.11031018518518518
3 0.33502317708333335 0.6625314814814816 0.06006927083333332 0.09270740740740743
3 0.5426244791666667 0.5322712962962963 0.044886458333333344 0.11148333333333327
3 0.5436135416666665 0.8379708333333334 0.05610624999999996 0.09153425925925923
3 0.789171875 0.4730092592592593 0.03630208333333336 0.05632777777777784
3 0.8446197916666667 0.5357921296296297 0.03894791666666665 0.06219537037037031
