0 0.5937812499999999 0.4694888888888889 0.012541666666666628 0.03051111111111111
0 0.6300885416666666 0.5129087962962963 0.03234374999999995 0.0328583333333333
0 0.7185416666666666 0.5551550925925927 0.023104166666666613 0.037552777777777796
0 0.50466875 0.3955574074074074 0.011221874999999966 0.0352055555555556
0 0.4373388020833333 0.3902768518518519 0.02706406250000004 0.03403148148148145
0 0.3257817708333333 0.6414083333333334 0.028384375000000024 0.03872592592592599
0 0.41126484375 0.6466888888888889 0.022443229166666672 0.039899999999999984
0 0.15943671875 0.8309296296296297 0.03366510416666667 0.042246296296296275
0 0.28980651041666666 0.4143337962962963 0.029044270833333326 0.023469444444444428
0 0.28254531250000003 0.45716712962962963 0.03696562500000002 0.03637870370370369
0 0.20960442708333332 0.4554064814814815 0.029704687500000007 0.0352055555555556
0 0.5663880208333333 0.3650462962962963 0.02904687499999999 0.02581666666666662
0 0.5822317708333333 0.3990782407407408 0.017161458333333237 0.0328583333333333
0 0.5314031250000001 0.39966481481481486 0.027725000000000045 0.03403148148148145
3 0.7337239583333334 0.5246435185185185 0.11287499999999989 0.16898518518518515
3 0.6224947916666667 0.4706620370370371 0.10165625000000003 0.1689851851851852
3 0.5479041666666666 0.3662199074074074 0.10297291666666665 0.15959722222222222
3 0.44790026041666664 0.3521375 0.1379609375 0.26051944444444447
3 0.36538776041666665 0.6020953703703704 0.17228593749999999 0.2628666666666667
3 0.25020052083333333 0.42489537037037034 0.16106458333333332 0.20888518518518515
3 0.15811640625 0.7904439814814814 0.10495572916666668 0.1748527777777778
