0 0.4908067708333333 0.5809722222222223 0.017822916666666622 0.028164814814814823
0 0.20531380208333333 0.42724212962962965 0.025083854166666666 0.03989907407407408
0 0.29112656249999996 0.4577537037037037 0.019803125000000026 0.04224629629629633
0 0.37297890625 0.5639564814814815 0.03168489583333335 0.03872592592592599
0 0.29739765625000003 0.5440069444444445 0.013861979166666672 0.03637870370370369
0 0.17824947916666667 0.5610226851851852 0.022443750000000023 0.032858333333333406
0 0.1964020833333333 0.5950546296296296 0.015182291666666655 0.042246296296296275
0 0.12346119791666667 0.6062027777777779 0.052807812499999995 0.04107222222222228
3 0.5182020833333333 0.578625 0.12674166666666664 0.15490370370370365
3 0.1310525 0.5504611111111112 0.16040437500000002 0.23939629629629636
3 0.24161927083333332 0.39673101851851855 0.1584239583333333 0.2933768518518519
3 0.36538776041666665 0.5 0.1551234375 0.2792962962962963
