1 0.17098854166666666 0.5539814814814814 0.021122916666666686 0.014081481481481454
0 0.19244166666666668 0.5827324074074074 0.015182291666666655 0.05515555555555554
0 0.17296875 0.5727578703703704 0.005281250000000022 0.025817592592592628
0 0.168678125 0.5944675925925927 0.007261458333333337 0.02699074074074072
0 0.15217552083333336 0.5756912037037037 0.008581249999999999 0.03637870370370369
0 0.3297421875 0.5440064814814816 0.008581249999999999 0.022296296296296335
2 0.34360442708333333 0.5434199074074074 0.040266145833333294 0.07275833333333329
4 0.17527916666666665 0.6073763888888889 0.09043333333333332 0.1396472222222222
0 0.8733359375 0.7247273148148149 0.011880208333333305 0.019949074074074036
0 0.8871953124999999 0.7481976851851851 0.018484375000000004 0.01760277777777775
0 0.3086192708333333 0.7100583333333335 0.012541666666666687 0.01877592592592584
0 0.48420572916666665 0.4671416666666667 0.009901041666666662 0.014081481481481454
0 0.5967526041666666 0.5170162037037038 0.011880208333333423 0.017602777777777853
0 0.5852005208333333 0.5352050925925926 0.019140625 0.01642870370370375
0 0.6323984374999999 0.5217101851851851 0.018484375000000004 0.015255555555555555
0 0.6224973958333333 0.5041074074074074 0.009244791666666667 0.012909259259259266
0 0.6680442708333333 0.5152555555555556 0.009244791666666667 0.011735185185185166
0 0.6776171875 0.5281643518518518 0.015182291666666596 0.016428703703703647
0 0.639328125 0.5410731481481482 0.007260416666666695 0.018775925925925946
0 0.6535208333333334 0.5592625 0.009239583333333337 0.01760277777777775
3 0.4607721354166667 0.45129953703703707 0.06600989583333335 0.10678981481481484
3 0.2993776041666667 0.6912819444444445 0.05214791666666662 0.07979907407407406
3 0.64196875 0.45188611111111116 0.05479166666666669 0.11030925925925927
3 0.6317369791666666 0.5046944444444446 0.047526041666666664 0.06571666666666666
3 0.6508802083333334 0.5416597222222223 0.046208333333333344 0.06688981481481492
3 0.5795911458333334 0.5146689814814814 0.0594114583333333 0.0880138888888889
3 0.6789348958333333 0.5205361111111112 0.04026562499999997 0.069237037037037
3 0.8878567708333333 0.7305949074074074 0.05017187499999996 0.07627870370370368
