1 0.5696901041666667 0.11626203703703704 0.011880208333333305 0.009388888888888903
0 0.5574765625 0.1303439814814815 0.009901041666666662 0.032858333333333316
0 0.5789296875000001 0.13679861111111113 0.006598958333333371 0.03637870370370369
0 0.5700182291666667 0.13621157407407408 0.00461979166666661 0.02816388888888889
4 0.5657291666666666 0.14677314814814815 0.0448854166666667 0.07745185185185186
0 0.49179687499999997 0.16906990740740743 0.009241666666666622 0.009387962962962947
2 0.4980677083333333 0.1690699074074074 0.024423958333333336 0.04459351851851852
0 0.8093046875 0.647275462962963 0.010557291666666658 0.019949074074074143
0 0.8327395833333334 0.6666384259259259 0.013864583333333395 0.014082407407407358
0 0.5234825520833333 0.1960611111111111 0.009243229166666703 0.011735185185185192
0 0.5380052083333333 0.19840740740740742 0.010562499999999926 0.011735185185185166
0 0.6429609375 0.2300925925925926 0.007921874999999901 0.011735185185185166
0 0.6373489583333334 0.23830740740740744 0.007260416666666695 0.011735185185185192
0 0.6512109374999999 0.243587962962963 0.008578125000000015 0.010561111111111117
0 0.3152203125 0.29815601851851853 0.005940625000000033 0.014082407407407412
0 0.32281145833333336 0.31223796296296297 0.010561458333333343 0.011735185185185166
0 0.15646640624999997 0.2564967592592593 0.007921354166666669 0.012908333333333362
3 0.14227395833333334 0.25825694444444447 0.049507291666666654 0.07510462962962963
3 0.8248177083333333 0.6461018518518519 0.053468750000000044 0.07627777777777778
3 0.3234716145833333 0.30108981481481484 0.031684895833333296 0.055155555555555597
3 0.64725 0.23243981481481482 0.0336666666666666 0.04694074074074071
3 0.5314026041666666 0.18667268518518518 0.03168437500000003 0.051634259259259276
