0 0.8436302083333334 0.35683148148148147 0.01452083333333339 0.018775925925925946
2 0.8505625 0.3568319444444445 0.03366666666666672 0.056328703703703686
0 0.8340598958333333 0.5316847222222222 0.009901041666666662 0.014082407407407358
0 0.8403307291666666 0.5522212962962962 0.013203124999999953 0.015255555555555555
0 0.574640625 0.5833189814814815 0.007260416666666695 0.014082407407407464
0 0.5528541666666666 0.5950541666666667 0.012541666666666628 0.016428703703703647
0 0.7307526041666667 0.46538148148148145 0.018484375000000004 0.010561111111111117
0 0.7297630208333333 0.47887685185185186 0.011223958333333428 0.011735185185185166
0 0.14623463541666665 0.6484490740740741 0.013861979166666642 0.017601851851851844
0 0.15052552083333334 0.6619444444444446 0.010561458333333343 0.016429629629629655
0 0.1303921875 0.6566638888888888 0.011221874999999982 0.015255555555555555
0 0.3548260416666667 0.3803018518518519 0.011221874999999966 0.014081481481481454
0 0.3607671875 0.392037037037037 0.008581249999999999 0.016429629629629603
0 0.3449247395833333 0.38675601851851854 0.009901562499999983 0.01290833333333331
0 0.3280921875 0.6701587962962964 0.014521875000000031 0.01642870370370375
0 0.35053541666666665 0.6783736111111112 0.017162499999999997 0.016428703703703647
0 0.3198408854166666 0.6842412037037038 0.011221354166666645 0.01877685185185185
0 0.5683697916666667 0.8508796296296297 0.01452083333333339 0.018775925925925946
0 0.5422942708333333 0.8491194444444444 0.01650520833333336 0.015255555555555555
3 0.45021067708333334 0.5774518518518519 0.0554484375 0.08449259259259255
3 0.7238229166666666 0.8778703703703703 0.06270833333333338 0.08214629629629626
3 0.8416484375000001 0.5393125 0.042244791666666615 0.06219537037037042
3 0.7307552083333333 0.4630342592592593 0.03564583333333336 0.05750185185185189
3 0.5558255208333333 0.5709976851851852 0.05280729166666672 0.12087129629629624
3 0.5548359375 0.8279962962962963 0.06006770833333335 0.09740185185185182
3 0.3376635416666666 0.6595976851851852 0.05874895833333333 0.09388055555555563
3 0.34888515625 0.3803018518518519 0.04026614583333335 0.056327777777777734
3 0.13963385416666665 0.6502092592592593 0.04950729166666668 0.0657166666666666
