0 0.7705729166666666 0.7490740740740741 0.011979166666666666 0.020370370370370372
0 0.74609375 0.7537037037037038 0.019270833333333334 0.020370370370370372
0 0.84140625 0.350462962962963 0.0140625 0.015740740740740743
2 0.8466145833333333 0.34861111111111115 0.028645833333333332 0.05462962962962963
0 0.8411458333333334 0.5291666666666667 0.011458333333333333 0.01388888888888889
0 0.8341145833333333 0.5393518518518519 0.0067708333333333336 0.015740740740740743
0 0.85390625 0.5449074074074074 0.013020833333333334 0.015740740740740743
0 0.7502604166666667 0.5986111111111111 0.0078125 0.017592592592592594
0 0.7768229166666667 0.6064814814814815 0.013020833333333334 0.012962962962962964
0 0.765625 0.4620370370370371 0.014583333333333334 0.009259259259259259
0 0.76171875 0.475462962962963 0.009895833333333333 0.015740740740740743
0 0.7791666666666667 0.47314814814814815 0.009375 0.012962962962962964
0 0.13359375 0.6412037037037037 0.015104166666666667 0.017592592592592594
0 0.13958333333333334 0.6518518518518519 0.010416666666666666 0.016666666666666666
0 0.11875 0.6490740740740741 0.0125 0.014814814814814815
0 0.25286458333333334 0.8615740740740742 0.01614583333333333 0.017592592592592594
0 0.23151041666666666 0.8657407407407408 0.008854166666666666 0.018518518518518517
0 0.35703125 0.37824074074074077 0.011979166666666666 0.015740740740740743
0 0.36354166666666665 0.3888888888888889 0.009375 0.016666666666666666
0 0.3463541666666667 0.38333333333333336 0.010416666666666666 0.014814814814814815
0 0.35390625 0.6074074074074074 0.008854166666666666 0.016666666666666666
0 0.3190104166666667 0.6625 0.0140625 0.01388888888888889
0 0.34140625 0.6726851851851852 0.018229166666666668 0.019444444444444445
0 0.31484375 0.674074074074074 0.0171875 0.012962962962962964
3 0.99375 0.5972222222222222 0.0125 0.06666666666666667
3 0.8479166666666667 0.5287037037037037 0.04479166666666667 0.06296296296296297
3 0.7716145833333333 0.45925925925925926 0.0421875 0.05740740740740741
3 0.7705729166666666 0.5888888888888889 0.059895833333333336 0.0962962962962963
3 0.7546875 0.7356481481481482 0.05625 0.0787037037037037
3 0.3515625 0.3787037037037037 0.040625 0.05555555555555556
3 0.37213541666666666 0.5828703703703704 0.0671875 0.10648148148148148
3 0.33151041666666664 0.6564814814814816 0.059895833333333336 0.0925925925925926
3 0.2484375 0.8523148148148149 0.052083333333333336 0.07685185185185185
3 0.12682291666666667 0.6412037037037037 0.0484375 0.06944444444444445
