0 0.98203125 0.4814814814814815 0.0109375 0.014814814814814815
0 0.9927083333333333 0.4986111111111111 0.0125 0.01388888888888889
0 0.97421875 0.49259259259259264 0.009895833333333333 0.016666666666666666
0 0.8341145833333333 0.5259259259259259 0.0109375 0.014814814814814815
0 0.8270833333333333 0.538425925925926 0.008333333333333333 0.01388888888888889
0 0.84609375 0.5435185185185185 0.013020833333333334 0.014814814814814815
0 0.6432291666666666 0.5203703703703704 0.007291666666666667 0.016666666666666666
0 0.7666666666666666 0.4601851851851852 0.009375 0.012962962962962964
0 0.7776041666666667 0.47361111111111115 0.0125 0.01388888888888889
0 0.7606770833333333 0.46990740740740744 0.005729166666666666 0.01388888888888889
0 0.6979166666666666 0.5152777777777778 0.011458333333333333 0.010185185185185186
0 0.69921875 0.5324074074074074 0.015104166666666667 0.016666666666666666
0 0.7216145833333333 0.5342592592592593 0.015104166666666667 0.014814814814814815
0 0.12864583333333332 0.6453703703703704 0.0125 0.016666666666666666
0 0.13385416666666666 0.6583333333333333 0.010416666666666666 0.020370370370370372
0 0.11484375 0.6564814814814816 0.0109375 0.016666666666666666
0 0.26666666666666666 0.8217592592592593 0.007291666666666667 0.015740740740740743
0 0.26067708333333334 0.8347222222222223 0.015104166666666667 0.017592592592592594
0 0.3736979166666667 0.3893518518518519 0.013020833333333334 0.01388888888888889
0 0.378125 0.40185185185185185 0.009375 0.016666666666666666
0 0.36171875 0.3962962962962963 0.009895833333333333 0.014814814814814815
0 0.35625 0.6046296296296296 0.009375 0.014814814814814815
0 0.31979166666666664 0.6625 0.0125 0.017592592592592594
0 0.3130208333333333 0.675462962962963 0.0125 0.019444444444444445
0 0.3421875 0.6712962962962963 0.016666666666666666 0.020370370370370372
3 0.9838541666666667 0.4828703703703704 0.03229166666666666 0.06574074074074074
3 0.63671875 0.4981481481481482 0.05677083333333333 0.10370370370370371
3 0.8408854166666666 0.5324074074074074 0.044270833333333336 0.06481481481481481
3 0.7755208333333333 0.4601851851851852 0.03958333333333333 0.05740740740740741
3 0.7096354166666666 0.5175925925925926 0.0484375 0.07592592592592592
3 0.36822916666666666 0.3902777777777778 0.041666666666666664 0.058333333333333334
3 0.37838541666666664 0.5782407407407407 0.0640625 0.10092592592592593
3 0.33229166666666665 0.6555555555555556 0.06145833333333333 0.0962962962962963
3 0.2565104166666667 0.8314814814814815 0.0515625 0.07777777777777778
3 0.12083333333333333 0.6453703703703704 0.046875 0.06481481481481481
