0 0.9528776041666667 0.3051976851851852 0.016505208333333243 0.021123148148148137
2 0.9611276041666666 0.3063708333333333 0.04224479166666673 0.07745092592592592
0 0.8333984375 0.6924560185185185 0.011223958333333428 0.021123148148148137
0 0.8000624999999999 0.7212064814814815 0.01584374999999992 0.02229629629629623
0 0.8789453124999999 0.7658000000000001 0.009901041666666662 0.01994999999999994
0 0.9000677083333334 0.7916175925925927 0.01782291666666668 0.019950000000000048
0 0.22544661458333334 0.5569152777777777 0.012542187500000008 0.017602777777777853
0 0.18518072916666667 0.5680638888888889 0.015182291666666684 0.018775925925925946
0 0.19871276041666666 0.7710805555555557 0.00924114583333333 0.03051111111111111
0 0.16900807291666667 0.7916175925925927 0.025083854166666666 0.019950000000000048
3 0.20036302083333332 0.5316847222222222 0.07855208333333336 0.12439166666666664
3 0.17593932291666667 0.7634532407407408 0.06799010416666666 0.1067898148148148
3 0.8152447916666666 0.6918689814814815 0.0858125 0.12791203703703713
3 0.8954479166666667 0.7675601851851851 0.053468749999999926 0.08918703703703704
