0 0.32182135416666663 0.5228833333333333 0.011221874999999966 0.015255555555555555
0 0.6762942708333334 0.5927074074074075 0.005942708333333376 0.014081481481481454
0 0.6832265625 0.6062027777777779 0.01716145833333336 0.01056111111111117
0 0.6809166666666667 0.6232185185185186 0.01782291666666668 0.014081481481481454
0 0.10233802083333332 0.5932939814814815 0.007920833333333332 0.017602777777777853
0 0.09243671875 0.6220449074074075 0.018482812499999998 0.021123148148148137
0 0.059431770833333335 0.618524537037037 0.010561458333333336 0.01877685185185185
0 0.18485052083333334 0.7792953703703704 0.01320208333333334 0.01642962962962955
0 0.15349583333333333 0.7834027777777779 0.008581249999999999 0.022296296296296335
0 0.7205208333333334 0.6519694444444444 0.012541666666666748 0.015255555555555555
0 0.6918072916666667 0.638474537037037 0.009239583333333337 0.021123148148148137
0 0.9776302083333333 0.35976527777777784 0.019802083333333324 0.0176027777777778
2 0.9763098958333334 0.3603518518518518 0.02904687499999999 0.06571666666666666
3 0.08418533854166667 0.5915337962962963 0.07327098958333332 0.1032694444444444
3 0.17527890624999998 0.7517180555555556 0.07459114583333332 0.1326064814814814
3 0.7162317708333333 0.617350925925926 0.0633697916666667 0.10796296296296298
3 0.6885078124999999 0.5862527777777778 0.05413020833333337 0.1044425925925926
3 0.31026953125 0.5340319444444445 0.04092656249999997 0.06336944444444452
