0 0.9796874999999999 0.48240740740740745 0.011458333333333333 0.014814814814814815
0 0.9927083333333333 0.4990740740740741 0.014583333333333334 0.014814814814814815
0 0.8307291666666666 0.33981481481481485 0.0125 0.016666666666666666
2 0.8348958333333333 0.34120370370370373 0.034375 0.05648148148148149
0 0.011458333333333333 0.6810185185185186 0.021875 0.017592592592592594
2 0.015885416666666666 0.6782407407407408 0.030729166666666665 0.06944444444444445
0 0.6359375 0.5152777777777778 0.010416666666666666 0.015740740740740743
0 0.8401041666666667 0.5087962962962963 0.009375 0.01388888888888889
0 0.8458333333333333 0.5282407407407408 0.0125 0.015740740740740743
0 0.7111979166666667 0.46435185185185185 0.015104166666666667 0.012037037037037037
0 0.7278645833333334 0.4689814814814815 0.0109375 0.01388888888888889
0 0.7083333333333334 0.47824074074074074 0.016666666666666666 0.017592592592592594
0 0.2520833333333333 0.4337962962962963 0.017708333333333333 0.01388888888888889
0 0.23854166666666665 0.43842592592592594 0.010416666666666666 0.01388888888888889
0 0.2552083333333333 0.44722222222222224 0.011458333333333333 0.014814814814814815
0 0.23723958333333334 0.6375000000000001 0.013020833333333334 0.017592592592592594
0 0.3734375 0.3907407407407408 0.013541666666666667 0.012962962962962964
0 0.378125 0.4027777777777778 0.009375 0.012962962962962964
0 0.3619791666666667 0.39490740740740743 0.009375 0.012037037037037037
0 0.24739583333333334 0.5226851851851853 0.010416666666666666 0.017592592592592594
0 0.2765625 0.5259259259259259 0.011458333333333333 0.014814814814814815
0 0.22526041666666666 0.4865740740740741 0.0140625 0.015740740740740743
0 0.23072916666666665 0.4981481481481482 0.013541666666666667 0.018518518518518517
0 0.20364583333333333 0.49722222222222223 0.015625 0.016666666666666666
3 0.6244791666666667 0.4898148148148148 0.053125 0.1
3 0.9856770833333334 0.48379629629629634 0.028645833333333332 0.062037037037037036
3 0.23515624999999998 0.6217592592592592 0.04010416666666666 0.06574074074074074
3 0.21145833333333333 0.48194444444444445 0.052083333333333336 0.08240740740740742
3 0.24635416666666665 0.4305555555555556 0.041666666666666664 0.05740740740740741
3 0.2671875 0.5 0.06354166666666666 0.10925925925925926
3 0.36744791666666665 0.3902777777777778 0.04114583333333333 0.058333333333333334
3 0.7158854166666666 0.45555555555555555 0.04739583333333333 0.07222222222222223
3 0.8489583333333334 0.513888888888889 0.041666666666666664 0.061111111111111116
