0 0.6871875000000001 0.6126569444444444 0.01584374999999992 0.01642870370370375
0 0.6660625000000001 0.6079629629629629 0.011885416666666633 0.016429629629629655
0 0.6588020833333333 0.6220449074074074 0.01584374999999992 0.016428703703703647
0 0.20927421875000002 0.5604356481481483 0.007921354166666669 0.02229722222222224
0 0.19673255208333332 0.587426851851852 0.01848281250000001 0.015255555555555555
0 0.16669791666666667 0.5774513888888889 0.008581249999999999 0.021123148148148137
0 0.9350546875 0.6742662037037037 0.020463541666666647 0.012908333333333362
0 0.9370338541666666 0.6936291666666667 0.013859375000000066 0.014082407407407464
0 0.15547604166666668 0.7816421296296298 0.008581249999999999 0.021123148148148137
0 0.7644192708333333 0.6772 0.013203124999999953 0.016429629629629655
0 0.7350442708333332 0.6678120370370371 0.009901041666666662 0.018775925925925946
0 0.9693776041666666 0.3626990740740741 0.020463541666666647 0.018775925925925894
2 0.9664088541666667 0.3632856481481482 0.029046875000000107 0.07158425925925929
3 0.9330729166666667 0.6707458333333334 0.04686458333333334 0.07627870370370368
3 0.754515625 0.6466888888888889 0.06601041666666667 0.11030925925925927
3 0.6749739583333334 0.587426851851852 0.061385416666666734 0.11148333333333327
3 0.19079140624999996 0.5510476851851852 0.059408854166666664 0.09505462962962963
3 0.17758958333333333 0.7499578703703704 0.071290625 0.129086111111111
0 0.18650078125 0.7792953703703704 0.016502604166666667 0.018775925925925946
