1 0.8489114583333333 0.24300138888888892 0.023760416666666728 0.014082407407407412
0 0.87465625 0.2840740740740741 0.014520833333333271 0.07041111111111109
0 0.8485807291666667 0.2846606481481481 0.005942708333333376 0.059849074074074075
0 0.8416510416666667 0.282900462962963 0.005281249999999934 0.04693981481481481
0 0.8221744791666666 0.2846606481481481 0.015182291666666714 0.07158425925925924
4 0.8479218749999999 0.3093046296296296 0.10759374999999996 0.1631185185185185
0 0.6475781249999999 0.37560787037037036 0.025083333333333374 0.021123148148148137
2 0.6403177083333332 0.37443425925925927 0.05016666666666663 0.09153333333333333
0 0.529421875 0.657250462962963 0.010562500000000044 0.023469444444444428
0 0.5568177083333334 0.6619444444444444 0.016500000000000032 0.023470370370370332
0 0.6033541666666666 0.7423300925925926 0.02112499999999997 0.022297222222222135
0 0.5970833333333334 0.7646268518518519 0.021781249999999967 0.022296296296296335
0 0.6350390625000001 0.755825 0.02244270833333329 0.023470370370370437
0 0.5063190104166666 0.45012592592592593 0.015842187500000014 0.022296296296296283
0 0.5274427083333334 0.43897731481481483 0.009239583333333279 0.021123148148148137
0 0.5389947916666666 0.9107287037037037 0.019145833333333327 0.018775925925925946
0 0.5772812500000001 0.7710805555555557 0.012541666666666748 0.023470370370370437
0 0.5485651041666666 0.7898574074074075 0.01583854166666671 0.023470370370370437
0 0.32446145833333334 0.6519699074074075 0.011221875000000025 0.017602777777777853
0 0.33469322916666666 0.6689856481481482 0.009241666666666622 0.021123148148148137
0 0.30762890625 0.6660518518518519 0.018482812499999984 0.02229629629629623
0 0.3706684895833333 0.6883486111111112 0.027064062499999982 0.017602777777777853
0 0.35053541666666665 0.6918689814814815 0.010561458333333343 0.019949074074074036
0 0.376609375 0.7124055555555556 0.01782291666666668 0.023470370370370332
0 0.23831848958333335 0.6637046296296296 0.015842187499999986 0.01994999999999994
0 0.24888020833333335 0.6818944444444445 0.011882291666666678 0.023470370370370332
0 0.21191458333333332 0.6848282407407408 0.021122916666666658 0.024643518518518526
3 0.2168653645833333 0.656663425925926 0.0838328125 0.12087129629629624
3 0.5092901041666666 0.42724212962962965 0.05214895833333338 0.07979907407407406
3 0.3099395833333334 0.6543166666666668 0.0719510416666667 0.09740185185185182
3 0.37033854166666663 0.6889351851851852 0.06864999999999999 0.09622777777777783
3 0.5455955729166666 0.6396476851851852 0.0706317708333333 0.1009212962962963
3 0.6208463541666667 0.7282476851851851 0.07986979166666673 0.13260648148148152
3 0.5594583333333334 0.7693203703703704 0.07327083333333331 0.09974814814814821
3 0.5360234374999999 0.8813898148148149 0.05808854166666671 0.10796111111111117
