1 0.8284479166666666 0.24828194444444446 0.022447916666666737 0.012908333333333362
0 0.8532005208333333 0.2870078703703704 0.015182291666666714 0.069237962962963
0 0.8281171875000001 0.28700787037037034 0.005942708333333376 0.059849074074074075
0 0.8215182291666667 0.29052824074074074 0.00461979166666661 0.048113888888888914
0 0.8027057291666666 0.2870078703703704 0.013203124999999953 0.069237962962963
4 0.8277890625 0.3098912037037037 0.104296875 0.15490277777777778
0 0.7495677083333334 0.3738476851851852 0.023104166666666613 0.0176027777777778
2 0.756828125 0.37443425925925927 0.04686458333333334 0.0844925925925926
0 0.5409739583333334 0.6519694444444444 0.016499999999999973 0.01994999999999994
0 0.5129200520833332 0.6496226851851852 0.00924114583333336 0.02229722222222224
0 0.6729947916666668 0.7839893518518518 0.028385416666666666 0.021123148148148137
0 0.64725 0.7693208333333333 0.008583333333333342 0.024643518518518526
0 0.5016984375 0.4219615740740741 0.02244374999999999 0.012908333333333362
0 0.5036786458333333 0.44132453703703706 0.017162499999999997 0.021123148148148137
0 0.48090520833333333 0.43487037037037035 0.009901041666666662 0.022296296296296283
0 0.4191856770833333 0.7769481481481482 0.018482812500000043 0.018775925925925946
0 0.42677708333333336 0.7992453703703704 0.015182291666666655 0.023470370370370437
0 0.39476223958333334 0.795724537037037 0.01716302083333332 0.021123148148148137
0 0.48288541666666673 0.7511310185185185 0.015182291666666655 0.016428703703703647
0 0.4785947916666667 0.7687337962962963 0.015842708333333337 0.01642870370370375
0 0.4482302083333333 0.7787087962962963 0.01320208333333331 0.02229722222222224
0 0.33007265624999993 0.6590106481481481 0.018482812499999984 0.019949074074074143
0 0.33733359374999994 0.6895217592592594 0.011881770833333328 0.02229722222222224
0 0.3617572916666667 0.7094717592592592 0.019803125000000026 0.019949074074074036
0 0.29772760416666666 0.7335282407407406 0.019803125000000026 0.021123148148148137
0 0.30663906250000006 0.7546518518518519 0.01914270833333334 0.023470370370370332
0 0.26043203125 0.7499578703703704 0.024423437499999985 0.025817592592592524
0 0.24293932291666664 0.6701587962962964 0.015842187499999986 0.021123148148148137
0 0.20762395833333333 0.6584236111111113 0.008581249999999999 0.021123148148148137
3 0.33238281249999996 0.6466888888888889 0.05874895833333333 0.08918703703703704
3 0.28023489583333333 0.7247273148148149 0.09571458333333333 0.13260648148148152
3 0.23666822916666666 0.6437550925925926 0.07987187500000002 0.14434166666666667
3 0.40499375 0.775775 0.07063020833333333 0.1056166666666667
3 0.35416614583333333 0.6883486111111112 0.06534999999999999 0.09740092592592592
3 0.47001354166666665 0.7622796296296296 0.07657187499999996 0.09740185185185192
3 0.5353635416666667 0.6261523148148148 0.0699708333333333 0.1020953703703703
3 0.6706848958333332 0.7569986111111112 0.06732812499999999 0.11265648148148147
3 0.4964184895833333 0.4184412037037037 0.05809010416666668 0.08331944444444446
