0 0.52018046875 0.5029337962962963 0.007920312499999997 0.01760277777777775
0 0.6766249999999999 0.6132439814814815 0.0066041666666667 0.01760277777777775
0 0.6502213541666667 0.6114833333333334 0.01716145833333336 0.016429629629629655
0 0.639 0.5944675925925926 0.009239583333333337 0.017601851851851844
0 0.2610921875 0.5457666666666667 0.008581249999999999 0.018775925925925946
0 0.24392942708333334 0.5704106481481481 0.01782239583333333 0.014082407407407464
0 0.9367057291666666 0.6877620370370371 0.00792187500000002 0.023470370370370332
0 0.9037005208333333 0.6918689814814815 0.00792187500000002 0.017602777777777853
0 0.9274635416666667 0.7036037037037037 0.01452083333333339 0.015255555555555555
0 0.1802299479166667 0.7804689814814816 0.014522395833333323 0.01642870370370375
0 0.14887499999999998 0.7863365740740741 0.008581249999999999 0.021123148148148137
0 0.7657395833333333 0.6848277777777778 0.010562499999999985 0.015255555555555555
0 0.7343828124999999 0.6783736111111112 0.01122395833333331 0.01877685185185185
0 0.9538671875000001 0.36328611111111114 0.021119791666666644 0.019949999999999992
2 0.9505651041666666 0.36445925925925926 0.031682291666666626 0.06923703703703706
3 0.923171875 0.6936291666666667 0.04686458333333334 0.0704101851851852
3 0.24326927083333333 0.5352055555555555 0.05478854166666664 0.1032685185185186
3 0.5076403645833333 0.5152555555555556 0.04620885416666667 0.0704111111111112
3 0.7538567708333334 0.6554902777777778 0.06865104166666663 0.11383055555555557
3 0.6584713541666667 0.5862532407407408 0.05610937500000001 0.1020953703703703
3 0.17197864583333333 0.7540652777777778 0.07459166666666667 0.12556574074074073
