1 0.9360442708333333 0.2606037037037037 0.02376562499999994 0.011735185185185166
0 0.9601380208333334 0.29756944444444444 0.015182291666666596 0.06454259259259261
0 0.936375 0.30050324074074075 0.007260416666666695 0.05632870370370374
0 0.9116197916666666 0.2981564814814815 0.01584375000000004 0.06571666666666666
4 0.9353854166666666 0.3216263888888889 0.10165625000000003 0.15255648148148152
0 0.7073203125 0.39321064814814816 0.021786458333333297 0.01877685185185185
2 0.6984088541666666 0.39438379629629633 0.04884895833333332 0.08214537037037035
0 0.6168854166666667 0.6243921296296296 0.01121874999999998 0.01877685185185185
0 0.6066536458333334 0.6431685185185185 0.00792187500000002 0.018775925925925946
0 0.6333880208333333 0.6496226851851852 0.01650520833333336 0.019949074074074036
0 0.49938802083333333 0.7006699074074075 0.013862499999999993 0.021123148148148137
0 0.45978203125 0.6824810185185186 0.012542187500000008 0.012908333333333258
0 0.46671302083333327 0.7077115740740741 0.023763541666666714 0.021123148148148137
0 0.6224973958333333 0.7528916666666667 0.011880208333333305 0.022296296296296335
0 0.5951015625 0.7587592592592594 0.015182291666666714 0.022296296296296335
0 0.35053541666666665 0.706537962962963 0.01320208333333331 0.018775925925925946
0 0.40433359375 0.7188597222222223 0.019143229166666664 0.019949074074074036
0 0.31191979166666667 0.6302597222222222 0.02310312500000003 0.01642870370370375
0 0.33304296875 0.6361273148148148 0.013861979166666672 0.021123148148148137
3 0.21092447916666668 0.6126569444444444 0.062709375 0.12673981481481483
3 0.14854505208333332 0.6431680555555556 0.062049479166666664 0.09153425925925923
3 0.3330427083333333 0.6918689814814815 0.05874895833333333 0.08801388888888885
3 0.32413151041666666 0.6243921296296296 0.0554484375 0.08449351851851856
3 0.6300859375 0.6267393518518519 0.060067708333333414 0.08683981481481486
3 0.6046744791666666 0.737049074074074 0.06865104166666676 0.09622777777777783
3 0.47694479166666665 0.6818944444444444 0.0719510416666667 0.11969814814814815
3 0.40499375 0.686588425925926 0.07987187500000002 0.1337805555555555
