0 0.8522109374999999 0.3632856481481482 0.01583854166666671 0.01760277777777775
2 0.8588098958333333 0.3644597222222222 0.03300520833333328 0.05515462962962959
0 0.6003828125 0.8497060185185186 0.015182291666666596 0.01877685185185185
0 0.5749713541666668 0.8508796296296297 0.01716145833333336 0.016429629629629655
0 0.7192005208333333 0.6490356481481482 0.008578124999999895 0.014082407407407358
0 0.6924661458333332 0.6484490740740741 0.01320312500000007 0.017601851851851844
0 0.3888213541666667 0.48591759259259254 0.01320208333333331 0.01173518518518527
0 0.38552083333333337 0.49941296296296295 0.009241666666666681 0.015255555555555555
0 0.40268333333333334 0.4982398148148148 0.010561458333333343 0.015255555555555555
0 0.32116093749999997 0.5416592592592593 0.008581249999999999 0.015255555555555555
0 0.292446875 0.5504606481481481 0.010561458333333284 0.014082407407407358
0 0.2673630208333333 0.6155907407407407 0.010561458333333343 0.01994999999999994
0 0.27462421875 0.6273259259259258 0.009241145833333301 0.01994999999999994
0 0.24855026041666667 0.6302597222222222 0.020463020833333328 0.01642870370370375
3 0.7000572916666667 0.6320199074074074 0.06403124999999991 0.10913611111111109
3 0.5868515625 0.8297564814814815 0.06204687499999994 0.09622777777777783
3 0.39443229166666666 0.48357129629629636 0.04158645833333333 0.05398148148148149
3 0.3039984375 0.5228833333333333 0.06270937500000003 0.10678888888888889
3 0.25317083333333334 0.6091365740740742 0.05346770833333334 0.08214537037037035
