0 0.3671875 0.7472222222222222 0.0125 0.014814814814814815
0 0.33619791666666665 0.7398148148148148 0.008854166666666666 0.016666666666666666
0 0.8716145833333333 0.4375 0.0171875 0.012037037037037037
2 0.8705729166666667 0.4361111111111111 0.027604166666666666 0.0462962962962963
0 0.8135416666666666 0.6657407407407407 0.010416666666666666 0.020370370370370372
0 0.8609375 0.7134259259259259 0.008333333333333333 0.012037037037037037
0 0.87890625 0.7148148148148148 0.013020833333333334 0.012962962962962964
0 0.6171875 0.562962962962963 0.011458333333333333 0.014814814814814815
0 0.14661458333333333 0.7087962962962964 0.009895833333333333 0.017592592592592594
0 0.15286458333333333 0.7194444444444444 0.008854166666666666 0.014814814814814815
0 0.13567708333333334 0.7208333333333333 0.013020833333333334 0.017592592592592594
0 0.02578125 0.6509259259259259 0.015104166666666667 0.020370370370370372
3 0.8283854166666667 0.6564814814814816 0.049479166666666664 0.07037037037037037
3 0.8690104166666667 0.6990740740740741 0.0421875 0.061111111111111116
3 0.9190104166666666 0.6597222222222222 0.044270833333333336 0.06018518518518519
3 0.021614583333333333 0.6375000000000001 0.0421875 0.07685185185185185
3 0.6078125 0.5425925925925926 0.04895833333333333 0.08333333333333334
3 0.3567708333333333 0.725925925925926 0.058333333333333334 0.10740740740740741
3 0.140625 0.7087962962962964 0.04583333333333333 0.06018518518518519
