0 0.33964401041666664 0.7305944444444444 0.009901562499999983 0.015255555555555555
0 0.3706684895833333 0.7364625 0.013861979166666672 0.01760277777777775
0 0.9436354166666667 0.4225486111111111 0.01782291666666668 0.014082407407407412
2 0.9426458333333334 0.41961481481481483 0.02904166666666666 0.0504611111111111
0 0.7373541666666666 0.7036037037037037 0.011885416666666752 0.015255555555555555
0 0.802703125 0.5663037037037036 0.01584375000000004 0.015255555555555555
0 0.2558111979166667 0.5592625 0.016502604166666667 0.012908333333333362
0 0.2584518229166667 0.5733444444444444 0.0165026041666667 0.015255555555555555
0 0.23633828125 0.5645430555555556 0.00924114583333333 0.01877685185185185
0 0.07824453125 0.7294212962962963 0.011221354166666675 0.017601851851851844
2 0.09045624999999999 0.7259009259259259 0.03696562500000001 0.06219629629629632
3 0.8050130208333334 0.5469402777777779 0.04026562499999997 0.06806388888888891
3 0.7264635416666666 0.6877615740740741 0.05742708333333333 0.09388055555555552
3 0.3604372395833333 0.7100583333333335 0.062049479166666664 0.11265740740740737
3 0.251190625 0.5481138888888889 0.049507291666666654 0.07745185185185188
