0 0.37165885416666666 0.7247273148148149 0.01320208333333337 0.01760277777777775
0 0.3393138020833334 0.7194462962962963 0.007921354166666639 0.01877592592592584
0 0.80765625 0.39379722222222224 0.012541666666666628 0.012909259259259266
2 0.8139270833333333 0.3949708333333333 0.030364583333333427 0.0504601851851852
0 0.7551770833333333 0.6537300925925926 0.013197916666666623 0.014082407407407464
0 0.7287734374999999 0.6490356481481482 0.009244791666666667 0.014082407407407358
0 0.799734375 0.5457666666666667 0.012541666666666628 0.011735185185185166
0 0.7937916666666667 0.5563287037037038 0.012541666666666628 0.016429629629629655
0 0.8159062499999999 0.557501851851852 0.01584375000000004 0.016429629629629655
0 0.27264375 0.6361273148148148 0.015842708333333306 0.014082407407407358
0 0.27627447916666664 0.6507958333333334 0.015182291666666714 0.01760277777777775
0 0.2508604166666667 0.6425814814814815 0.01320208333333334 0.01994999999999994
3 0.26571276041666664 0.6261523148148148 0.05610885416666669 0.08566574074074075
3 0.36010703125 0.7012574074074074 0.058748437500000014 0.11148333333333327
3 0.7446145833333334 0.6419949074074074 0.05940624999999997 0.09388055555555552
3 0.8086432291666666 0.5410731481481482 0.04884895833333332 0.07275740740740738
