0 0.37165885416666666 0.7247273148148149 0.01320208333333337 0.01760277777777775
0 0.3406341145833333 0.7194462962962963 0.00924114583333336 0.016429629629629655
0 0.636359375 0.5528078703703704 0.009239583333333337 0.014082407407407358
0 0.6109427083333333 0.5551550925925927 0.007260416666666695 0.014082407407407464
0 0.7914817708333333 0.5487004629629629 0.010557291666666658 0.012908333333333362
0 0.8162369791666667 0.5627824074074075 0.01122395833333331 0.015255555555555555
0 0.7954427083333333 0.5657166666666666 0.018479166666666675 0.014081481481481454
0 0.2696734375 0.6490361111111111 0.01782291666666668 0.01173518518518527
0 0.2739640625 0.6619444444444444 0.015842708333333337 0.018775925925925946
0 0.24855026041666667 0.6502092592592593 0.012542187500000008 0.018775925925925946
0 0.36208723958333333 0.42020092592592595 0.012542187500000008 0.011735185185185166
0 0.3660479166666667 0.4301759259259259 0.009901041666666662 0.015255555555555555
0 0.35185572916666663 0.42548240740740745 0.010561458333333343 0.015255555555555555
3 0.6271171875 0.538725925925926 0.05148437499999995 0.08918703703703704
3 0.35746666666666665 0.4219615740740741 0.037626041666666644 0.05280833333333335
3 0.26340234375 0.6396476851851852 0.055448437499999975 0.08449351851851856
3 0.36109739583333333 0.7018435185185186 0.060729166666666674 0.1009222222222222
3 0.8023723958333332 0.5475273148148149 0.04554687500000002 0.07862500000000007
