0 0.35317604166666666 0.7317685185185185 0.009241666666666681 0.015255555555555555
0 0.38552083333333337 0.737636111111111 0.011882291666666649 0.015255555555555555
0 0.8720130208333332 0.4090532407407408 0.01716145833333336 0.01290833333333331
2 0.8706927083333333 0.40729305555555556 0.026406249999999905 0.04459351851851852
0 0.62315625 0.5469402777777779 0.010562499999999985 0.014082407407407358
0 0.8185442708333334 0.5657166666666666 0.017161458333333237 0.01173518518518527
0 0.29343697916666667 0.6590106481481482 0.015182291666666714 0.01525648148148146
0 0.29739765625000003 0.6730930555555555 0.013861979166666672 0.017602777777777853
0 0.27000338541666663 0.6660513888888889 0.014522395833333323 0.01760277777777775
0 0.16207708333333332 0.6443416666666667 0.01782291666666668 0.011735185185185166
0 0.16273723958333336 0.6560768518518518 0.012542187499999979 0.01408148148148156
0 0.4337080729166667 0.4436717592592592 0.01320156249999999 0.014082407407407412
0 0.43766875000000005 0.45481990740740746 0.009241666666666681 0.01056203703703702
0 0.4228166666666667 0.4471921296296296 0.008581249999999999 0.014082407407407412
3 0.6102838541666666 0.5234703703703704 0.052151041666666606 0.09153333333333333
3 0.818875 0.5487009259259259 0.042906250000000055 0.07627777777777778
3 0.4300776041666667 0.4424981481481482 0.03630520833333334 0.05398148148148149
3 0.37231875000000003 0.7053643518518519 0.06336979166666665 0.12439166666666673
3 0.2848557291666667 0.6513828703703705 0.056108333333333336 0.08214537037037035
3 0.16339739583333335 0.6414078703703704 0.03234479166666665 0.05515462962962964
