0 0.84528125 0.3585916666666667 0.013864583333333276 0.015255555555555555
2 0.8512213541666666 0.35917870370370375 0.028380208333333337 0.05632777777777778
0 0.5977447916666667 0.8555736111111112 0.007260416666666695 0.023469444444444428
0 0.5779401041666666 0.8661351851851852 0.019140625 0.016429629629629655
0 0.6819062500000002 0.6279125000000001 0.009239583333333337 0.01642870370370375
0 0.6545104166666665 0.6326064814814815 0.012541666666666748 0.016429629629629655
0 0.46143229166666666 0.49706620370370375 0.009241666666666681 0.008213888888888977
0 0.44790026041666664 0.4911986111111111 0.011221354166666645 0.010562037037036969
0 0.24326927083333333 0.4923722222222222 0.008581249999999999 0.012909259259259162
0 0.24921015624999998 0.49941296296296295 0.013861979166666672 0.015255555555555555
0 0.3478950520833333 0.5498740740740741 0.00924114583333336 0.015255555555555555
0 0.3195109375 0.558675462962963 0.010561458333333343 0.014082407407407464
0 0.3043286458333333 0.715925925925926 0.009241666666666681 0.02112407407407404
3 0.4521908854166667 0.48357083333333334 0.038285937500000006 0.05163425925925925
3 0.25152057291666663 0.4923722222222222 0.03828593749999998 0.06219629629629627
3 0.33007239583333337 0.5299245370370371 0.060729166666666674 0.1020953703703704
3 0.28815625 0.7141657407407408 0.056108333333333336 0.08566666666666665
3 0.5809114583333332 0.8438388888888889 0.0448854166666667 0.08449259259259255
3 0.6621015625000001 0.618524537037037 0.0594114583333333 0.11265648148148147
