0 0.5634192708333332 0.45188611111111116 0.015182291666666596 0.016429629629629603
0 0.5696875000000001 0.4689023148148148 0.009239583333333337 0.01760277777777775
0 0.5485651041666666 0.460687037037037 0.010557291666666776 0.015255555555555555
0 0.12379140625000001 0.5674768518518519 0.013861979166666656 0.019950000000000048
0 0.15613619791666666 0.5727578703703705 0.013861979166666672 0.01642870370370375
0 0.8964374999999999 0.5017606481481481 0.013197916666666623 0.017602777777777853
0 0.13435286458333331 0.7329416666666667 0.02706406250000001 0.019950000000000048
2 0.13534322916666666 0.7329416666666667 0.03432499999999998 0.09270740740740743
3 0.5571458333333333 0.4536462962962963 0.05544791666666669 0.07862592592592588
3 0.885546875 0.4671416666666667 0.06007291666666674 0.11969814814814815
3 0.13996354166666666 0.5498740740740741 0.05412812499999999 0.09974814814814811
