0 0.47397421875 0.8878449074074074 0.03300468750000001 0.024643518518518422
2 0.47265416666666665 0.8743500000000001 0.04752708333333331 0.12439259259259264
1 0.6531901041666667 0.31106481481481485 0.00990104166666678 0.007040740740740727
0 0.65253125 0.3204527777777778 0.004624999999999938 0.011735185185185166
0 0.6462604166666668 0.3239736111111111 0.005281250000000052 0.021123148148148137
4 0.65253125 0.3327745370370371 0.032343750000000074 0.05280833333333335
0 0.9033671875000001 0.3967310185185185 0.004619791666666729 0.009387962962962973
0 0.8924765625000001 0.39614444444444447 0.011880208333333305 0.010561111111111117
3 0.8944583333333334 0.3885162037037037 0.023760416666666728 0.03989907407407403
0 0.8885182291666666 0.6337800925925927 0.01716145833333336 0.01642870370370375
0 0.8815859375 0.647275462962963 0.009901041666666662 0.01760277777777775
0 0.9066692708333333 0.6507958333333334 0.01122395833333331 0.012908333333333362
0 0.7901614583333334 0.5997481481481483 0.013197916666666623 0.01173518518518527
0 0.7934635416666665 0.6132435185185187 0.010562499999999985 0.015255555555555555
0 0.7733307291666667 0.6079629629629629 0.01122395833333331 0.016429629629629655
0 0.3254518229166667 0.7464370370370371 0.018482812499999984 0.023470370370370437
0 0.33469322916666666 0.7599324074074074 0.01320208333333331 0.019950000000000048
0 0.309609375 0.7622796296296296 0.011882291666666649 0.01760185185185195
0 0.3247916666666667 0.4882648148148149 0.006601041666666655 0.011735185185185166
0 0.31720052083333333 0.49589259259259266 0.009901041666666662 0.01056111111111117
0 0.5043388020833334 0.7024305555555556 0.014522395833333352 0.015255555555555661
0 0.43172786458333334 0.6895222222222223 0.010561979166666664 0.019950000000000048
0 0.4495505208333333 0.7077111111111111 0.021122916666666627 0.018775925925925946
0 0.5597864583333333 0.7235537037037038 0.018479166666666675 0.017601851851851844
0 0.5756302083333333 0.7288342592592593 0.011885416666666633 0.018775925925925946
0 0.553515625 0.7399828703703704 0.012541666666666628 0.019949074074074036
3 0.3191807291666667 0.49178518518518516 0.02970416666666663 0.04694074074074077
3 0.32182109375 0.7546518518518519 0.06006927083333332 0.08214629629629637
3 0.4488903645833333 0.6836546296296296 0.0554484375 0.09270740740740743
3 0.5023596354166666 0.6625314814814816 0.06205156249999994 0.12321851851851855
3 0.5683697916666667 0.7217935185185186 0.05677083333333333 0.08214629629629626
3 0.7822395833333333 0.5968148148148148 0.05016666666666663 0.06454259259259261
3 0.8974296875 0.6361273148148148 0.054786458333333364 0.0727583333333334
3 0.5356947916666667 0.45540648148148144 0.031027083333333275 0.049287037037037004
3 0.6548437500000001 0.44367129629629626 0.025083333333333374 0.035205555555555545
