0 0.07593411458333332 0.8444250000000001 0.00924114583333333 0.015255555555555555
0 0.06801276041666666 0.8573342592592593 0.014522395833333339 0.015255555555555555
0 0.3670380208333333 0.4847444444444445 0.007920833333333318 0.01642962962962955
0 0.3564765625 0.49882638888888897 0.017162499999999997 0.014082407407407358
0 0.32314140624999993 0.5269907407407408 0.012542187500000008 0.014081481481481454
0 0.2940971354166667 0.5228833333333333 0.009901562500000042 0.015255555555555555
0 0.4205059895833333 0.420787962962963 0.00924114583333336 0.012909259259259266
0 0.4254567708333333 0.43076296296296296 0.008581249999999999 0.014081481481481454
0 0.4102744791666667 0.4254819444444444 0.008581249999999999 0.01290833333333331
0 0.17065859374999998 0.5469407407407408 0.009901562500000013 0.011735185185185166
0 0.16636796875 0.5569152777777777 0.011881770833333357 0.01525648148148146
0 0.14953541666666667 0.5627824074074075 0.008581249999999999 0.015255555555555555
0 0.6660625000000001 0.49941296296296295 0.0066041666666667 0.015255555555555555
0 0.6465911458333333 0.5064546296296296 0.01122395833333331 0.015255555555555555
0 0.7954427083333333 0.5375523148148148 0.01452083333333339 0.009387962962962973
0 0.7980833333333334 0.5516342592592592 0.011885416666666633 0.011735185185185166
0 0.7822395833333333 0.5463537037037037 0.009239583333333337 0.017601851851851844
0 0.5175401041666666 0.7440902777777779 0.007919791666666676 0.01642870370370375
0 0.5251309895833333 0.7622796296296296 0.012540104166666665 0.012909259259259162
0 0.6413098958333333 0.7593458333333333 0.009901041666666662 0.014082407407407358
0 0.6485729166666666 0.7810560185185186 0.012541666666666628 0.017602777777777853
0 0.6663932291666667 0.7734277777777777 0.005942708333333376 0.016429629629629655
3 0.7911510416666666 0.5357921296296297 0.042906250000000055 0.057502777777777736
3 0.6512109375 0.7669736111111112 0.04158854166666662 0.05984907407407403
3 0.5257929687499999 0.7505444444444445 0.03498697916666664 0.06219629629629632
3 0.6502213541666666 0.4929587962962963 0.04884895833333332 0.08214537037037041
3 0.4158854166666667 0.42196157407407403 0.03696562499999997 0.057502777777777785
3 0.35416614583333333 0.48239722222222226 0.04554687500000002 0.06571666666666666
3 0.31290989583333334 0.5076277777777779 0.056768749999999986 0.09740185185185186
3 0.16141718750000003 0.5516342592592592 0.045546874999999994 0.06102222222222222
3 0.06636263020833333 0.8497060185185186 0.04818723958333333 0.06806388888888891
