0 0.3006979166666666 0.6296726851851853 0.02178333333333331 0.01760277777777775
2 0.30465859375000004 0.6273259259259258 0.033665104166666696 0.06454259259259261
0 0.3987226562499999 0.6683990740740742 0.011881770833333328 0.015255555555555555
0 0.40466380208333336 0.6801337962962963 0.00924114583333336 0.01760277777777775
0 0.3865109375 0.676613425925926 0.013862499999999993 0.017602777777777853
0 0.5502135416666666 0.579212037037037 0.01782291666666668 0.015255555555555555
0 0.5733203125 0.5833194444444445 0.013859374999999948 0.01642962962962955
0 0.5459244791666666 0.5927074074074075 0.0145260416666666 0.018775925925925946
0 0.48750625 0.6443416666666667 0.011221874999999966 0.01642962962962955
0 0.6185364583333334 0.6813074074074074 0.009239583333333337 0.015255555555555555
0 0.6386666666666667 0.6871749999999999 0.012541666666666628 0.015255555555555555
3 0.39113151041666666 0.6678120370370372 0.04422656249999998 0.06337037037037031
3 0.4871760416666666 0.6284995370370372 0.033005208333333334 0.06454351851851851
3 0.5578072916666666 0.568650462962963 0.05940624999999997 0.08801388888888885
3 0.6343776041666667 0.6713324074074074 0.04356770833333326 0.07041111111111109
1 0.09507708333333334 0.6161773148148149 0.019803124999999994 0.014082407407407464
0 0.11620026041666665 0.646102314814815 0.0158421875 0.05280833333333335
0 0.09606718750000001 0.636713888888889 0.008581249999999999 0.03168518518518511
0 0.09276666666666666 0.657250462962963 0.007261458333333337 0.037552777777777796
0 0.07857447916666667 0.6414078703703703 0.007920833333333347 0.03403240740740741
4 0.09837734375 0.6683986111111111 0.08317239583333334 0.13730092592592602
