1 0.7994036458333333 0.16026851851851853 0.011880208333333305 0.008214814814814828
0 0.426446875 0.795137962962963 0.033005208333333334 0.038725925925925886
2 0.41951614583333335 0.7851634259259259 0.052147916666666676 0.12908611111111112
0 0.42974765625 0.717099537037037 0.014522395833333352 0.025817592592592628
0 0.45912187499999996 0.49002546296296295 0.01914270833333334 0.012908333333333362
0 0.46011197916666663 0.5035208333333333 0.019803125000000026 0.014082407407407464
0 0.5274427083333333 0.7499578703703704 0.013197916666666623 0.02816388888888892
0 0.5413046874999999 0.7834027777777779 0.018484375000000004 0.01994999999999994
0 0.4901466145833333 0.5903601851851852 0.01650260416666664 0.01877592592592584
0 0.4977377604166667 0.6079629629629629 0.00924114583333336 0.016429629629629655
0 0.47364427083333327 0.6108967592592592 0.012541666666666687 0.01525648148148146
0 0.8693749999999999 0.3368824074074074 0.009239583333333337 0.011735185185185218
0 0.8815859375 0.33746851851851856 0.015182291666666714 0.008214814814814828
0 0.8832369791666667 0.3492037037037037 0.011880208333333305 0.010561111111111117
0 0.8588125 0.3351217592592593 0.0066041666666667 0.01056203703703702
0 0.8452786458333333 0.3304277777777778 0.009901041666666662 0.012909259259259266
0 0.7327317708333333 0.30813101851851854 0.00792187500000002 0.010562037037037073
3 0.4132450520833333 0.7282476851851851 0.059408854166666636 0.08801388888888885
3 0.7261328125000001 0.29639583333333336 0.03828645833333333 0.06454351851851851
3 0.6954375 0.29228888888888893 0.031020833333333303 0.049287037037037004
3 0.8472604166666666 0.3286675925925926 0.0336666666666666 0.04928703703703705
3 0.8786171875000001 0.3380555555555556 0.03828645833333333 0.04694074074074071
3 0.45978203125 0.47711666666666674 0.04818697916666667 0.08566666666666671
3 0.48090520833333333 0.5927074074074075 0.05610833333333331 0.08449259259259255
3 0.5409744791666666 0.7593458333333333 0.058748958333333275 0.10326944444444451
0 0.7904921874999999 0.17083055555555557 0.005942708333333376 0.01995000000000002
4 0.7957734375 0.18139212962962964 0.03366145833333339 0.05515462962962964
