0 0.20894401041666666 0.6202847222222223 0.020463020833333328 0.01760277777777775
2 0.20960442708333332 0.6161773148148149 0.029704687500000007 0.05632870370370374
0 0.8152447916666666 0.7118185185185184 0.009239583333333337 0.015255555555555555
0 0.8561718749999999 0.7487842592592593 0.013197916666666623 0.01642962962962955
0 0.8261380208333333 0.7464370370370371 0.008578125000000015 0.018775925925925946
0 0.7538567708333334 0.7499578703703704 0.01583854166666659 0.01642870370370375
0 0.40664401041666665 0.5240569444444444 0.01716302083333332 0.010562037037036969
0 0.40730416666666663 0.5381393518518518 0.01320208333333331 0.012908333333333258
0 0.39410208333333335 0.5269907407407408 0.006601041666666655 0.016429629629629655
0 0.33205286458333333 0.5498740740740741 0.015842187500000014 0.01056111111111117
0 0.3353533854166667 0.5627824074074075 0.015842187500000014 0.015255555555555555
0 0.3115895833333333 0.5522212962962963 0.010561458333333284 0.019950000000000048
0 0.24194921875 0.6554902777777778 0.007260937499999986 0.01760277777777775
0 0.2584518229166667 0.6683986111111111 0.013861979166666672 0.01760277777777775
0 0.19475208333333333 0.6531435185185185 0.009241666666666652 0.015255555555555555
0 0.18848125000000002 0.6637046296296296 0.011221874999999996 0.015255555555555555
3 0.5842109375 0.7393958333333334 0.05413020833333337 0.08683981481481486
3 0.5525260416666666 0.775775 0.05148958333333334 0.07041111111111109
3 0.18815104166666666 0.657250462962963 0.04224687500000002 0.0704101851851852
3 0.2515205729166667 0.647275462962963 0.04356614583333336 0.07627870370370378
3 0.32743203125 0.5398995370370371 0.051488020833333314 0.07979907407407406
3 0.4036734375 0.5240569444444444 0.04158645833333333 0.06219537037037042
3 0.7555078125 0.7264875000000001 0.054786458333333364 0.09857500000000001
3 0.8244869791666666 0.6965634259259259 0.04092187499999997 0.05984907407407403
3 0.8489088541666667 0.7311814814814814 0.05808854166666665 0.1056166666666666
