0 0.6594609375 0.6020953703703704 0.011880208333333305 0.018775925925925946
0 0.2808950520833333 0.814500925925926 0.013861979166666672 0.01877592592592584
0 0.2482200520833333 0.8238888888888889 0.010561979166666664 0.018775925925925946
0 0.7159010416666667 0.6349537037037037 0.01121874999999998 0.01642962962962955
0 0.6861953125 0.6273259259259258 0.009901041666666662 0.015255555555555555
0 0.9258124999999999 0.37208703703703705 0.019145833333333327 0.018775925925925946
2 0.9225130208333333 0.36915370370370376 0.029703124999999986 0.06689074074074076
3 0.7073203124999999 0.5903601851851852 0.06139062500000006 0.1361277777777777
3 0.26934322916666664 0.7880967592592593 0.07789166666666665 0.1396472222222222
3 0.6726640625 0.5797986111111111 0.047526041666666664 0.12204537037037035
3 0.7010494791666666 0.5334453703703703 0.03696354166666668 0.06219629629629632
3 0.5205114583333333 0.5117351851851852 0.049508333333333356 0.08214629629629631
