0 0.8904973958333334 0.3949708333333333 0.01716145833333336 0.0176027777777778
2 0.8951197916666667 0.3937976851851852 0.035645833333333245 0.059849074074074075
0 0.4181958333333333 0.6513828703703705 0.007261458333333337 0.021123148148148137
0 0.3343630208333333 0.7305949074074074 0.01782291666666668 0.019949074074074143
0 0.30795911458333336 0.7235537037037038 0.0178223958333333 0.017601851851851844
0 0.30333828125 0.7399828703703704 0.01650260416666664 0.02229722222222224
0 0.08946614583333333 0.7147527777777778 0.013862499999999993 0.023470370370370332
0 0.09738723958333333 0.7294212962962963 0.009901562499999997 0.017601851851851844
0 0.07494401041666665 0.7264875000000001 0.013861979166666656 0.01877685185185185
0 0.5541770833333333 0.9224648148148148 0.021781250000000085 0.02112592592592585
0 0.8703645833333332 0.5633694444444445 0.01121874999999998 0.011735185185185166
0 0.8753151041666667 0.5839060185185185 0.013203124999999953 0.012908333333333362
0 0.8086432291666665 0.6789601851851853 0.018484375000000004 0.015255555555555555
0 0.8251458333333335 0.6889351851851852 0.010562499999999985 0.018775925925925946
0 0.8056744791666667 0.6948027777777778 0.013859375000000066 0.016429629629629655
0 0.7023671875 0.7311819444444445 0.01320312500000007 0.021123148148148137
0 0.32875234375 0.41550740740740744 0.014522395833333293 0.011735185185185166
0 0.33502317708333335 0.42782870370370374 0.011221354166666704 0.015255555555555555
0 0.3165403645833333 0.42137500000000006 0.011221354166666645 0.016429629629629603
3 0.4422895833333333 0.626738888888889 0.060729166666666674 0.1032685185185185
3 0.32512187499999995 0.4137472222222222 0.045546874999999966 0.06219629629629627
3 0.8805963541666666 0.5715837962962964 0.04356770833333326 0.06336944444444441
3 0.8145859375000001 0.6748532407407407 0.047526041666666664 0.0704101851851852
3 0.711609375 0.7135787037037037 0.07261458333333337 0.11265740740740737
3 0.5611067708333333 0.901925925925926 0.05808854166666665 0.09270370370370382
3 0.3185205729166667 0.7135791666666667 0.0640296875 0.09857500000000001
3 0.08022473958333333 0.7182731481481481 0.050827604166666665 0.07275740740740738
