0 0.6607838541666666 0.6015087962962963 0.01320312500000007 0.01760277777777775
0 0.27924479166666666 0.8127407407407408 0.01320208333333331 0.015255555555555555
0 0.24755989583333332 0.8162611111111111 0.010561458333333343 0.019950000000000048
0 0.7188697916666666 0.6326064814814816 0.009239583333333337 0.018775925925925946
0 0.6894973958333334 0.6267393518518519 0.009901041666666662 0.01642870370370375
0 0.9106302083333332 0.371500462962963 0.020458333333333318 0.0176027777777778
2 0.9083203124999999 0.371500462962963 0.02904687499999999 0.0668898148148148
3 0.6993984375 0.5398995370370371 0.036307291666666686 0.07510462962962969
3 0.6720052083333333 0.578038425925926 0.05544791666666669 0.11617685185185186
3 0.7102916666666667 0.5927074074074075 0.06072916666666662 0.1384740740740741
3 0.2686833333333334 0.7834027777777779 0.07393124999999999 0.13495370370370371
3 0.5356927083333333 0.5246435185185185 0.06270833333333332 0.1032685185185185
