0 0.2782546875 0.6279125000000001 0.011221875000000025 0.01642870370370375
0 0.27231354166666666 0.6502092592592593 0.015182291666666684 0.01642962962962955
0 0.23798854166666666 0.647275462962963 0.013862499999999993 0.019949074074074143
0 0.43964895833333334 0.47887685185185186 0.014521875000000031 0.016429629629629603
0 0.5716692708333333 0.8191949074074074 0.018484375000000004 0.016428703703703647
0 0.5436145833333333 0.8191949074074074 0.013864583333333276 0.016428703703703647
0 0.7291015625 0.6367138888888889 0.011223958333333428 0.012909259259259266
0 0.7013802083333334 0.6284995370370371 0.012541666666666748 0.019949074074074143
3 0.4383286458333333 0.4477787037037037 0.054128124999999964 0.11617777777777777
3 0.7096302083333333 0.6132435185185185 0.0778958333333333 0.12791296296296292
3 0.5581354166666666 0.7980717592592593 0.06403124999999997 0.1009212962962963
3 0.26076197916666666 0.6296731481481482 0.071290625 0.09270740740740743
3 0.42578697916666663 0.3973180555555556 0.03828541666666668 0.059849074074074075
