1 0.6601223958333333 0.42020092592592595 0.01583854166666671 0.011735185185185166
0 0.4686934895833333 0.49589259259259255 0.015842187500000014 0.012909259259259266
0 0.6749765624999999 0.4483652777777778 0.009901041666666662 0.04459351851851852
0 0.6594635416666667 0.43663055555555563 0.003958333333333404 0.018775925925925894
0 0.6621041666666667 0.4507125 0.005281249999999934 0.02816388888888892
0 0.6439505208333335 0.4442583333333333 0.009901041666666662 0.045766666666666664
0 0.19376197916666668 0.735288888888889 0.005940625000000003 0.015255555555555555
0 0.16768802083333334 0.7417430555555555 0.01320208333333334 0.016428703703703647
0 0.39707265625 0.6326064814814816 0.011221354166666704 0.011735185185185166
0 0.3960822916666667 0.6466888888888889 0.01320208333333337 0.016429629629629655
0 0.374959375 0.6554902777777778 0.01320208333333331 0.01760277777777775
0 0.6224973958333333 0.6772 0.009244791666666667 0.014081481481481454
0 0.6083046875 0.6642916666666666 0.01650520833333336 0.01173518518518527
0 0.6030234374999999 0.6789601851851853 0.01122395833333331 0.015255555555555555
0 0.885546875 0.7517180555555556 0.01121874999999998 0.01760277777777775
0 0.6267890625 0.5797986111111111 0.015182291666666714 0.009387962962962867
0 0.6399895833333333 0.5862532407407408 0.005937500000000047 0.012908333333333362
0 0.6248072916666667 0.5921203703703704 0.0112187500000001 0.015255555555555555
0 0.5779401041666666 0.6361273148148148 0.008578125000000015 0.014082407407407358
0 0.5743098958333333 0.6566638888888888 0.013203124999999953 0.015255555555555555
0 0.5528541666666666 0.6496222222222223 0.007260416666666695 0.015255555555555555
2 0.46704322916666663 0.4812240740740741 0.02574375 0.05398148148148144
4 0.6588020833333333 0.4612740740740741 0.06336458333333338 0.10326851851851855
3 0.6132552083333332 0.6654648148148148 0.046208333333333344 0.06102222222222222
3 0.5680390625 0.6402347222222223 0.049505208333333425 0.06454351851851851
3 0.6287682291666666 0.579212037037037 0.038942708333333326 0.05515555555555554
3 0.38717109375000003 0.6384740740740741 0.054788020833333326 0.0657166666666666
3 0.17131848958333334 0.7118185185185185 0.054788020833333353 0.09974814814814821
3 0.8987499999999999 0.7446773148148149 0.04290624999999994 0.05984907407407413
