1 0.6597916666666668 0.35624490740740744 0.016500000000000032 0.01056203703703702
0 0.4772747395833334 0.43017592592592596 0.015842187500000014 0.010561111111111117
0 0.6746458333333334 0.38323564814814814 0.009239583333333337 0.04576759259259257
0 0.6614427083333333 0.38616944444444445 0.005281249999999934 0.03051111111111111
0 0.6429583333333333 0.3773680555555556 0.010562499999999985 0.043419444444444476
0 0.21521510416666664 0.7347023148148147 0.009241666666666652 0.01642870370370375
0 0.18386041666666667 0.7440902777777778 0.012541666666666687 0.01877685185185185
0 0.37594947916666666 0.5839060185185185 0.01782291666666668 0.010562037037037073
0 0.3908015625 0.5862532407407408 0.007920833333333318 0.012908333333333362
0 0.3742989583333333 0.5979884259259259 0.017162499999999997 0.012908333333333362
0 0.6251354166666666 0.6050291666666667 0.005281249999999934 0.012908333333333362
0 0.609625 0.6132435185185187 0.012541666666666628 0.015255555555555555
0 0.7749791666666667 0.7223805555555556 0.009239583333333337 0.015255555555555555
0 0.5944427083333332 0.5416592592592593 0.005937499999999929 0.015255555555555555
0 0.5782682291666668 0.5551550925925927 0.011880208333333423 0.016428703703703647
0 0.5561562499999999 0.6320199074074074 0.005937500000000047 0.015256481481481565
0 0.5386640625000001 0.6261523148148148 0.018484375000000004 0.012908333333333362
0 0.5366848958333333 0.6419949074074074 0.011880208333333305 0.01642870370370375
2 0.4759544270833333 0.41198657407407413 0.026403645833333298 0.056328703703703686
4 0.6568229166666666 0.39614444444444447 0.06601041666666667 0.1044425925925926
3 0.5406453125 0.6214583333333333 0.04092812499999994 0.07393148148148149
3 0.37957994791666666 0.5803856481481481 0.042246354166666694 0.06454351851851851
3 0.19409192708333334 0.7135791666666668 0.06865052083333331 0.12204537037037046
3 0.7852109375 0.7229671296296296 0.04158854166666662 0.06336944444444441
3 0.5835520833333334 0.5375523148148149 0.03960416666666665 0.05632870370370374
3 0.6116067708333333 0.5950546296296296 0.03498437499999992 0.06102222222222222
