1 0.6710156249999999 0.32514722222222225 0.01782291666666668 0.011735185185185166
0 0.343934375 0.39790462962962964 0.01320208333333337 0.014081481481481507
0 0.6878463541666666 0.3568314814814815 0.009244791666666667 0.05398148148148149
0 0.6696953125 0.3433361111111111 0.00461979166666661 0.022296296296296335
0 0.6729921875 0.35917870370370375 0.00461979166666661 0.035205555555555545
0 0.6531901041666667 0.3509643518518519 0.011223958333333428 0.04928796296296296
0 0.19739244791666666 0.7933777777777777 0.01320156249999999 0.018775925925925946
0 0.3670380208333333 0.5850796296296297 0.009241666666666681 0.015255555555555555
0 0.3478950520833333 0.6003351851851851 0.018482812499999984 0.017601851851851844
0 0.6591302083333334 0.5228833333333333 0.007260416666666695 0.015255555555555555
0 0.6432890625 0.5205361111111112 0.013859375000000066 0.015255555555555555
0 0.7624375000000001 0.7012574074074074 0.014520833333333271 0.015255555555555555
0 0.7277838541666667 0.4865046296296296 0.019140625 0.01056111111111117
0 0.7281119791666666 0.5023467592592593 0.01320312500000007 0.014082407407407464
0 0.7102890625 0.4911986111111111 0.007921874999999901 0.012908333333333362
0 0.5541770833333333 0.637300925925926 0.008583333333333342 0.016429629629629655
0 0.5347031250000001 0.6308462962962964 0.019802083333333383 0.015255555555555555
0 0.5337135416666666 0.6484490740740741 0.013864583333333335 0.015255555555555555
2 0.35317578125000004 0.38147546296296303 0.035645312499999984 0.06571574074074076
4 0.6683723958333334 0.37150092592592593 0.07195312499999992 0.11617777777777777
3 0.5386651041666667 0.627912962962963 0.050169791666666734 0.08449259259259266
3 0.21191458333333332 0.7640398148148149 0.07657187499999998 0.14316851851851858
3 0.35317604166666666 0.578038425925926 0.05016770833333333 0.07393055555555547
3 0.7637578125 0.6848277777777778 0.03696354166666668 0.069237037037037
3 0.6475807291666666 0.5088013888888889 0.04092187500000009 0.06219537037037042
3 0.7244817708333334 0.48709166666666665 0.044223958333333376 0.06571666666666671
