0 0.29079661458333333 0.7986583333333332 0.011221354166666645 0.015255555555555555
0 0.26637265625 0.8004185185185185 0.013861979166666701 0.018775925925925946
0 0.26010182291666667 0.7575851851851853 0.011881770833333357 0.015255555555555555
0 0.22874713541666666 0.7546518518518519 0.011221354166666645 0.018775925925925946
0 0.20267317708333332 0.7828157407407408 0.015842187500000014 0.011735185185185166
0 0.20630390625 0.7980717592592593 0.009901562499999983 0.014082407407407464
0 0.18320026041666668 0.7968981481481483 0.007260937499999986 0.014081481481481454
0 0.96046875 0.6455152777777778 0.01584374999999992 0.011734259259259262
0 0.9594765625 0.6607708333333333 0.013859374999999948 0.014082407407407358
0 0.0554709375 0.7528916666666667 0.013201875 0.015255555555555555
0 0.9112916666666666 0.4554064814814815 0.01782291666666668 0.014081481481481454
0 0.7921432291666667 0.5809722222222223 0.006598958333333371 0.011735185185185166
0 0.8017135416666666 0.5950541666666667 0.016500000000000032 0.014082407407407464
0 0.8211874999999998 0.5968143518518519 0.0066041666666667 0.012908333333333258
0 0.8489114583333333 0.7212064814814815 0.009239583333333337 0.015255555555555555
0 0.8221770833333333 0.7264875000000001 0.01121874999999998 0.014082407407407464
0 0.9654192708333333 0.568063425925926 0.009901041666666662 0.014082407407407464
0 0.9588177083333334 0.5762777777777778 0.008583333333333342 0.011735185185185166
0 0.976640625 0.5833194444444445 0.012541666666666748 0.011735185185185166
0 0.9225104166666667 0.9253976851851852 0.012541666666666628 0.012908333333333362
0 0.9132682291666666 0.9083814814814815 0.009901041666666662 0.016429629629629655
2 0.9122812499999999 0.4430847222222222 0.023760416666666728 0.05046018518518515
2 0.06339221354166666 0.7505444444444445 0.03696557291666666 0.07627777777777778
3 0.2449197916666667 0.7429166666666666 0.060729166666666674 0.1009222222222222
3 0.8320781250000001 0.7006703703703704 0.06007291666666662 0.08918703703703704
3 0.8050130208333334 0.5850796296296297 0.0455468749999999 0.05750185185185183
3 0.28320546875 0.7775351851851853 0.0554484375 0.09740185185185192
3 0.19508203125 0.7869231481481481 0.04422656249999998 0.062196296296296215
3 0.9637682291666666 0.6431680555555556 0.042244791666666615 0.07510462962962958
3 0.974 0.5721708333333334 0.04290624999999994 0.05046018518518515
3 0.9238333333333333 0.911900462962963 0.0442291666666667 0.06336574074074079
