0 0.3109375 0.7300925925925926 0.007291666666666667 0.017592592592592594
0 0.2908854166666667 0.7393518518518519 0.018229166666666668 0.017592592592592594
0 0.24166666666666667 0.7717592592592593 0.011458333333333333 0.015740740740740743
0 0.20859375 0.7694444444444445 0.009895833333333333 0.018518518518518517
0 0.20416666666666666 0.800462962962963 0.0125 0.015740740740740743
0 0.20052083333333334 0.7851851851851852 0.014583333333333334 0.012962962962962964
0 0.18203125 0.8 0.009895833333333333 0.016666666666666666
0 0.9619791666666666 0.6462962962962964 0.016666666666666666 0.011111111111111112
0 0.959375 0.6615740740740741 0.0125 0.015740740740740743
0 0.055989583333333336 0.7537037037037038 0.013020833333333334 0.014814814814814815
0 0.9921875 0.46620370370370373 0.0125 0.015740740740740743
0 0.8041666666666667 0.5958333333333333 0.017708333333333333 0.01388888888888889
0 0.7911458333333333 0.5824074074074075 0.00625 0.012962962962962964
0 0.7848958333333333 0.5898148148148148 0.00625 0.014814814814814815
0 0.8802083333333334 0.7296296296296296 0.010416666666666666 0.014814814814814815
0 0.8518229166666667 0.7287037037037037 0.011979166666666666 0.012962962962962964
0 0.9807291666666667 0.5828703703703704 0.013541666666666667 0.01388888888888889
0 0.96875 0.5675925925925926 0.009375 0.014814814814814815
0 0.9611979166666667 0.5768518518518518 0.0067708333333333336 0.016666666666666666
0 0.9216145833333333 0.9310185185185186 0.015104166666666667 0.015740740740740743
2 0.06380208333333333 0.7518518518518519 0.03802083333333333 0.07592592592592592
2 0.9919270833333333 0.45416666666666666 0.01614583333333333 0.05092592592592593
3 0.22421875 0.7550925925925926 0.06197916666666667 0.09722222222222222
3 0.8651041666666667 0.7064814814814815 0.06458333333333333 0.0962962962962963
3 0.8026041666666667 0.5837962962962964 0.046875 0.058333333333333334
3 0.2955729166666667 0.7148148148148148 0.04635416666666667 0.08333333333333334
3 0.19505208333333332 0.7893518518518519 0.0421875 0.06018518518518519
3 0.9635416666666666 0.6421296296296296 0.040625 0.06944444444444445
3 0.9765625 0.5708333333333333 0.041666666666666664 0.05277777777777778
3 0.9229166666666666 0.9097222222222222 0.041666666666666664 0.06759259259259259
