0 0.17791953125 0.6255657407407408 0.01782239583333333 0.011735185185185166
0 0.22082604166666667 0.7006703703703704 0.005940625000000003 0.01173518518518527
0 0.17692942708333337 0.6695722222222222 0.007921354166666669 0.012909259259259266
0 0.14359427083333334 0.7206199074074074 0.005940625000000003 0.016428703703703647
0 0.16471744791666665 0.6607708333333333 0.005941145833333354 0.03755277777777769
0 0.18055989583333334 0.6877615740740741 0.01914270833333334 0.01877685185185185
0 0.6489010416666666 0.7581722222222222 0.013197916666666623 0.018775925925925946
0 0.6201848958333334 0.7546518518518519 0.01122395833333331 0.01642962962962955
0 0.7310833333333332 0.6942162037037037 0.01782291666666668 0.010562037037037073
0 0.7353723958333334 0.7094712962962963 0.013203124999999953 0.015255555555555555
0 0.7129296875 0.7041907407407408 0.009244791666666667 0.014081481481481454
0 0.6155651041666667 0.5580888888888889 0.011223958333333428 0.012909259259259266
0 0.6221666666666666 0.5692370370370371 0.00990624999999999 0.01173518518518527
0 0.5957630208333333 0.5645430555555556 0.01650520833333336 0.016428703703703647
0 0.6013749999999999 0.7206203703703704 0.010562499999999985 0.011735185185185166
0 0.6000520833333333 0.737049074074074 0.010562499999999985 0.014081481481481454
0 0.47826484374999995 0.6613578703703703 0.012542187500000008 0.012908333333333258
0 0.45384114583333335 0.5569152777777777 0.009901041666666662 0.01525648148148146
0 0.43304791666666664 0.5569152777777777 0.015842708333333278 0.012908333333333258
2 0.4855260416666667 0.6595972222222223 0.03630520833333334 0.07275740740740738
4 0.18121979166666666 0.6730925925925927 0.08911354166666667 0.12321851851851844
3 0.636359375 0.7405694444444445 0.06072916666666662 0.08449259259259266
3 0.6053359374999999 0.5457671296296296 0.05280729166666672 0.08683981481481486
3 0.4386588541666666 0.5457671296296296 0.04290625 0.05632870370370374
3 0.6046744791666666 0.7200333333333333 0.042244791666666615 0.06219629629629632
3 0.7267916666666667 0.6936296296296297 0.046208333333333344 0.0657166666666666
