0 0.23567838541666666 0.6560768518518518 0.018482812499999984 0.01408148148148156
0 0.22577682291666665 0.6502092592592593 0.00924114583333333 0.01642962962962955
0 0.2779247395833333 0.7317680555555557 0.0052807291666666124 0.012908333333333258
0 0.23369791666666664 0.6989101851851852 0.009241666666666681 0.019950000000000048
0 0.201353125 0.7511310185185185 0.006601041666666655 0.014082407407407464
0 0.22181614583333334 0.6918689814814815 0.0052812499999999925 0.03872499999999998
0 0.23831848958333335 0.7176865740740741 0.02112343750000001 0.01760277777777775
0 0.7261328125 0.8203685185185186 0.009244791666666667 0.016429629629629655
0 0.6825651041666667 0.5956412037037038 0.006598958333333253 0.01760277777777775
0 0.6512109374999999 0.5862532407407408 0.008578125000000015 0.012908333333333362
0 0.6617708333333333 0.6015083333333333 0.01782291666666668 0.015255555555555555
0 0.6630911458333334 0.7593458333333333 0.009901041666666662 0.011734259259259262
0 0.6627630208333334 0.775188425925926 0.010557291666666776 0.012908333333333362
0 0.5383333333333333 0.696562962962963 0.012541666666666748 0.012909259259259266
4 0.23897890625 0.7000833333333334 0.08977343750000004 0.12791296296296292
2 0.5459270833333334 0.6959763888888889 0.03564583333333336 0.07979907407407406
3 0.7040182291666668 0.8103935185185186 0.0640260416666667 0.09270740740740743
3 0.6663932291666667 0.579212037037037 0.05346354166666659 0.08331851851851856
3 0.6647421874999999 0.7587587962962964 0.03828645833333333 0.0668898148148148
