0 0.7984375 0.5416666666666667 0.013541666666666667 0.03333333333333333
0 0.75625 0.5185185185185185 0.035416666666666666 0.022222222222222223
0 0.7510416666666666 0.5546296296296297 0.025 0.03333333333333333
0 0.3046875 0.024537037037037038 0.015625 0.026851851851851852
0 0.25885416666666666 0.030555555555555558 0.022916666666666665 0.024074074074074074
0 0.7127604166666667 0.38981481481481484 0.03697916666666667 0.018518518518518517
0 0.7158854166666666 0.4240740740740741 0.027604166666666666 0.02962962962962963
0 0.6734375 0.4087962962962963 0.008333333333333333 0.025
0 0.19375 0.46111111111111114 0.035416666666666666 0.031481481481481485
0 0.7213541666666666 0.6476851851851853 0.020833333333333332 0.02314814814814815
0 0.678125 0.6328703703703704 0.014583333333333334 0.026851851851851852
0 0.9445312499999999 0.4513888888888889 0.019270833333333334 0.019444444444444445
0 0.9528645833333333 0.48240740740740745 0.022395833333333334 0.02962962962962963
0 0.9955729166666667 0.4930555555555556 0.008854166666666666 0.028703703703703703
2 0.21276041666666667 0.4462962962962963 0.07864583333333333 0.15185185185185185
3 0.7078125 0.38842592592592595 0.090625 0.14907407407407408
3 0.7645833333333333 0.5162037037037037 0.10104166666666667 0.15833333333333333
3 0.28072916666666664 0.031481481481481485 0.08645833333333333 0.061111111111111116
3 0.7041666666666666 0.6050925925925926 0.1 0.1527777777777778
3 0.9575520833333333 0.4652777777777778 0.08489583333333334 0.1398148148148148
