0 0.16471744791666665 0.7217935185185186 0.020463020833333328 0.011735185185185166
0 0.15250546874999998 0.7147523148148148 0.011881770833333328 0.014082407407407464
0 0.21587526041666666 0.8109800925925926 0.005280729166666671 0.014082407407407358
0 0.1630671875 0.7734277777777777 0.009241666666666681 0.016429629629629655
0 0.12379140625000001 0.834450462962963 0.005941145833333339 0.016428703703703647
0 0.1478848958333333 0.7646263888888889 0.007920833333333347 0.043419444444444476
0 0.16768802083333334 0.7968981481481483 0.02244374999999999 0.02112407407407404
0 0.7261328125 0.8285828703703704 0.0145260416666666 0.016428703703703647
0 0.6911458333333333 0.8133273148148149 0.00923958333333322 0.01877685185185185
0 0.840328125 0.8362106481481483 0.02112499999999997 0.019949074074074036
0 0.8159062499999999 0.8203685185185186 0.011885416666666633 0.01877592592592584
0 0.8083125 0.833863425925926 0.012541666666666628 0.01760277777777775
0 0.6677109375000001 0.8403180555555556 0.015182291666666596 0.011734259259259262
0 0.6660625000000001 0.8590939814814815 0.011885416666666633 0.016428703703703647
0 0.52183046875 0.7681472222222222 0.013859895833333328 0.015255555555555555
0 0.5789296875000001 0.4595138888888889 0.006598958333333371 0.012909259259259266
0 0.5710078125 0.45481990740740746 0.00792187500000002 0.01056203703703702
0 0.6416380208333333 0.4782902777777778 0.011880208333333305 0.01290833333333331
0 0.6353671875000001 0.49002546296296295 0.01122395833333331 0.01760277777777775
0 0.6597916666666668 0.4894384259259259 0.016500000000000032 0.01642870370370375
4 0.16834817708333333 0.7781222222222223 0.10561614583333334 0.15020925925925926
2 0.5277734375 0.7622796296296296 0.04158854166666668 0.08801296296296295
3 0.7139192708333333 0.8068731481481481 0.07195312499999992 0.11617777777777777
3 0.8327369791666667 0.8051125000000001 0.0706302083333334 0.11031018518518529
3 0.6512109374999999 0.47418287037037044 0.05082812499999995 0.06102314814814818
3 0.5644088541666666 0.45834027777777786 0.03828645833333333 0.048113888888888914
3 0.6677135416666666 0.8397310185185185 0.0442291666666667 0.07862499999999997
