0 0.4129148437499999 0.6390611111111111 0.023103645833333353 0.022296296296296335
0 0.40565390625 0.6672254629629629 0.03102447916666667 0.02933796296296302
0 0.3865109375 0.6507958333333334 0.015182291666666714 0.03637870370370369
0 0.4323877604166667 0.7000837962962964 0.011881770833333328 0.05280833333333335
0 0.35020546874999997 0.8491194444444444 0.005941145833333295 0.015255555555555555
0 0.4053239583333333 0.7264875000000001 0.01320208333333331 0.016428703703703647
0 0.38354036458333335 0.7282476851851851 0.007921354166666639 0.05984907407407413
0 0.4158854166666667 0.7716675925925927 0.03036458333333331 0.029337037037037116
0 0.7611171875 0.6736796296296296 0.010557291666666658 0.018775925925925946
0 0.7225 0.6625310185185186 0.012541666666666628 0.024643518518518526
0 0.6865260416666668 0.5604356481481482 0.018479166666666557 0.012908333333333362
0 0.6875156250000001 0.5774513888888889 0.01782291666666668 0.014082407407407358
0 0.6637526041666668 0.5498740740740741 0.008578125000000015 0.01994999999999994
0 0.8997395833333334 0.6678120370370372 0.03168750000000008 0.02581666666666662
0 0.45483125 0.5604356481481483 0.01320208333333337 0.02229722222222224
0 0.4630825520833333 0.5751050925925926 0.011221354166666645 0.021123148148148137
0 0.43667838541666665 0.5833194444444445 0.013861979166666672 0.018775925925925946
0 0.6380078124999999 0.36093888888888886 0.005942708333333376 0.010561111111111117
0 0.6261276041666667 0.36974074074074076 0.015182291666666714 0.011735185185185166
4 0.41192473958333337 0.7493708333333334 0.15314322916666664 0.2687342592592593
2 0.899078125 0.6560768518518519 0.05544791666666669 0.11969814814814815
3 0.7429635416666667 0.6484490740740741 0.08383333333333336 0.1302592592592592
3 0.6835546875 0.5393125 0.05082812499999995 0.09974907407407411
3 0.6264557291666667 0.36093888888888886 0.03828645833333333 0.055155555555555597
3 0.7119401041666668 0.6114833333333334 0.04554687500000002 0.06571666666666671
3 0.44558984375 0.5645430555555556 0.05940885416666669 0.08449351851851845
