0 0.11520989583333334 0.6273259259259258 0.011221874999999996 0.015255555555555555
0 0.12643177083333332 0.6355407407407407 0.02178333333333334 0.015255555555555555
0 0.17890963541666668 0.7259009259259259 0.005280729166666671 0.015255555555555555
0 0.12544140625 0.6860013888888888 0.011881770833333328 0.019949074074074036
0 0.08517552083333332 0.7487842592592593 0.00660104166666667 0.01408148148148156
0 0.11058932291666666 0.6783736111111112 0.008581770833333335 0.044593518518518574
0 0.13072239583333334 0.7106453703703705 0.022443750000000005 0.01994999999999994
0 0.51523046875 0.6026819444444446 0.013861979166666672 0.017602777777777853
0 0.48255546875 0.6003351851851852 0.010561979166666664 0.01994999999999994
0 0.4558213541666667 0.6044425925925926 0.011221875000000025 0.01642962962962955
0 0.43007734375 0.6032689814814816 0.009901562499999983 0.01642870370370375
0 0.49245703124999995 0.6807208333333333 0.015842187500000014 0.016428703703703647
0 0.20102291666666666 0.6326064814814815 0.015182291666666655 0.016429629629629655
0 0.18188020833333335 0.6507958333333334 0.012541666666666658 0.01760277777777775
0 0.6129270833333333 0.5774513888888889 0.012541666666666628 0.014082407407407358
0 0.5927942708333334 0.5645430555555556 0.00792187500000002 0.016428703703703647
0 0.42413671875 0.46127407407407406 0.019143229166666664 0.011735185185185166
0 0.4274372395833333 0.4759430555555556 0.0178223958333333 0.0176027777777778
0 0.40499375 0.4647944444444444 0.011221874999999966 0.018775925925925894
4 0.13072239583333334 0.6924560185185185 0.10693645833333333 0.15255648148148146
2 0.50103828125 0.676613425925926 0.04224635416666664 0.09036018518518524
3 0.5030174479166667 0.5839060185185185 0.07128802083333335 0.1020953703703704
3 0.7040182291666668 0.9101439814814816 0.060067708333333414 0.09271203703703707
3 0.41852578125 0.45540694444444446 0.05280781249999998 0.07510462962962958
3 0.6056640625 0.5616092592592593 0.0455468749999999 0.0692370370370371
3 0.44228932291666667 0.5915337962962963 0.05676822916666667 0.07275833333333329
3 0.19211171875000002 0.6320199074074074 0.056768229166666635 0.07393055555555558
0 0.7974218750000001 0.9388935185185187 0.010562499999999985 0.018768518518518608
3 0.7835625 0.9388912037037038 0.05148958333333328 0.07275462962962957
