0 0.030989583333333334 0.5958333333333333 0.022395833333333334 0.01388888888888889
0 0.018489583333333334 0.5875 0.0109375 0.015740740740740743
0 0.03619791666666666 0.6708333333333334 0.022395833333333334 0.021296296296296296
0 0.0140625 0.6375000000000001 0.007291666666666667 0.04351851851851852
0 0.08541666666666667 0.6851851851851852 0.005208333333333333 0.012962962962962964
0 0.43255208333333334 0.5597222222222222 0.009895833333333333 0.017592592592592594
0 0.4002604166666667 0.5643518518518519 0.011979166666666666 0.017592592592592594
0 0.10755208333333333 0.5902777777777778 0.015104166666666667 0.015740740740740743
0 0.08854166666666667 0.6106481481481482 0.013541666666666667 0.017592592592592594
0 0.3651041666666667 0.5569444444444445 0.008333333333333333 0.015740740740740743
0 0.3419270833333333 0.5592592592592592 0.009895833333333333 0.016666666666666666
0 0.40260416666666665 0.6337962962962963 0.016666666666666666 0.017592592592592594
0 0.3333333333333333 0.4152777777777778 0.017708333333333333 0.012037037037037037
0 0.33671875 0.4300925925925926 0.019270833333333334 0.017592592592592594
0 0.3138020833333333 0.41944444444444445 0.011979166666666666 0.016666666666666666
0 0.7302083333333333 0.8717592592592593 0.0125 0.017592592592592594
0 0.7408854166666666 0.8828703703703704 0.0078125 0.017592592592592594
0 0.5494791666666666 0.5222222222222223 0.0125 0.014814814814814815
4 0.045572916666666664 0.649537037037037 0.09010416666666667 0.14907407407407408
2 0.41015625 0.6300925925925926 0.0421875 0.08796296296296297
3 0.32578125 0.4078703703703704 0.05677083333333333 0.07685185185185185
3 0.3515625 0.5453703703703704 0.05416666666666667 0.07222222222222223
3 0.09713541666666667 0.5916666666666667 0.057812499999999996 0.08148148148148149
3 0.6661458333333333 0.850462962962963 0.07083333333333333 0.10833333333333334
3 0.7216145833333333 0.8763888888888889 0.0546875 0.07685185185185185
3 0.5484375 0.5041666666666667 0.03958333333333333 0.06759259259259259
3 0.41432291666666665 0.5472222222222223 0.06822916666666666 0.1
