0 0.6086354166666667 0.6220453703703703 0.025083333333333374 0.023470370370370332
0 0.6191953125 0.647275462962963 0.017161458333333237 0.024643518518518526
0 0.5020283854166666 0.5029337962962963 0.011221354166666704 0.024643518518518526
0 0.46143229166666666 0.4982398148148148 0.033005208333333334 0.01994999999999994
0 0.45714166666666667 0.5275777777777778 0.03498541666666668 0.026990740740740825
0 0.29079635416666666 0.14501296296296298 0.015182291666666655 0.022296296296296283
0 0.2498703125 0.1426662037037037 0.019142708333333314 0.024643518518518526
0 0.6505520833333333 0.4583407407407407 0.03234374999999995 0.015255555555555555
0 0.6522005208333332 0.48767824074074073 0.02244270833333329 0.024643518518518526
0 0.16504765625 0.5134953703703704 0.03168489583333335 0.02699074074074072
0 0.33205260416666665 0.6801337962962963 0.019803125000000026 0.01760277777777775
0 0.33139244791666667 0.7118185185185185 0.018482812500000043 0.026990740740740825
0 0.7386744791666667 0.5516347222222222 0.019807291666666654 0.025817592592592628
0 0.7413151041666667 0.5264037037037038 0.013203124999999953 0.015255555555555555
0 0.7036874999999999 0.607962962962963 0.025083333333333374 0.025816666666666724
0 0.6673828125 0.5803851851851852 0.026401041666666694 0.015255555555555555
0 0.6545130208333333 0.5985750000000001 0.0257447916666667 0.023470370370370332
2 0.17989973958333336 0.49941296296296295 0.07063072916666668 0.14199444444444442
3 0.679265625 0.5815587962962963 0.09241666666666669 0.12087129629629635
3 0.6489010416666666 0.4595138888888889 0.07920833333333341 0.13730000000000006
3 0.593453125 0.6191111111111112 0.09241666666666669 0.13495370370370371
3 0.2673630208333333 0.1268238888888889 0.08713333333333333 0.10796333333333334
3 0.3393138020833334 0.6742662037037037 0.07657135416666663 0.12556574074074073
3 0.467703125 0.47535601851851855 0.0957145833333333 0.17602685185185185
3 0.7244817708333334 0.5375523148148149 0.08382812500000002 0.12204537037037035
