0 0.041938984375 0.538725925925926 0.011221718749999998 0.014081481481481454
0 0.05349065104166666 0.5469402777777779 0.023763489583333335 0.01642870370370375
0 0.057781328125 0.6208717592592593 0.021783177083333334 0.021123148148148137
0 0.013224635416666667 0.6619444444444446 0.005280833333333333 0.014081481481481454
0 0.10761874999999999 0.6378875 0.00660104166666667 0.012908333333333362
0 0.03764830729166667 0.5897736111111112 0.007921197916666662 0.04576759259259257
0 0.40235338541666665 0.7816425925925926 0.009901562499999983 0.023470370370370332
0 0.41126484375 0.793964351851852 0.00924114583333336 0.02229722222222224
0 0.37759947916666664 0.7986583333333332 0.023763541666666655 0.01994999999999994
0 0.13006223958333332 0.5416592592592593 0.0158421875 0.015255555555555555
0 0.110259375 0.5621958333333333 0.01320208333333334 0.01642870370370375
0 0.4238065104166666 0.5874263888888889 0.015842187500000014 0.017602777777777853
0 0.3610971354166666 0.36621944444444443 0.018482812499999984 0.011735185185185166
0 0.36010703125000004 0.38147546296296303 0.0178223958333333 0.014082407407407412
0 0.3449247395833333 0.3679800925925926 0.005941145833333295 0.01760277777777775
0 0.7294322916666667 0.8338638888888888 0.010562500000000105 0.019950000000000048
0 0.6696927083333333 0.6813074074074075 0.01121874999999998 0.017601851851851844
0 0.6459296875 0.6948027777777778 0.013859374999999948 0.01877592592592584
4 0.059431726562499995 0.6032689814814816 0.11089696354166666 0.15490277777777775
2 0.43139765625 0.5827328703703704 0.040266145833333294 0.09036018518518514
3 0.36010703125000004 0.3621125 0.042906770833333316 0.07158425925925929
3 0.11983072916666668 0.5422462962962963 0.056108333333333336 0.08449259259259255
3 0.3848606770833333 0.7634532407407407 0.06865052083333331 0.10913611111111109
3 0.7165598958333333 0.8279962962962963 0.05082812499999995 0.0692370370370371
3 0.6561614583333333 0.6730930555555555 0.05677083333333333 0.07862500000000007
