0 0.32809218749999997 0.6079629629629629 0.02244374999999999 0.016429629629629655
0 0.31621041666666666 0.5968143518518519 0.010561458333333343 0.012908333333333258
0 0.33172265625 0.6877615740740741 0.023103645833333353 0.01877685185185185
0 0.2835354166666667 0.7288347222222222 0.007261458333333337 0.01642870370370375
0 0.32512187499999995 0.6642912037037038 0.008581249999999999 0.014082407407407358
0 0.31059947916666664 0.6513828703703705 0.007261458333333337 0.046939814814814865
0 0.359446875 0.6502097222222223 0.01782291666666668 0.021123148148148137
0 0.36043697916666667 0.6284995370370371 0.014521875000000031 0.012908333333333362
0 0.4079643229166667 0.6079629629629629 0.014522395833333293 0.016429629629629655
0 0.3881611979166667 0.6279125000000001 0.011881770833333328 0.01642870370370375
0 0.44559010416666667 0.42020092592592595 0.017162499999999997 0.011735185185185166
0 0.44823046875 0.4360435185185186 0.011881770833333328 0.015255555555555555
0 0.42479687499999996 0.43135 0.008581249999999999 0.015255555555555555
0 0.7261302083333334 0.6772 0.019802083333333324 0.016429629629629655
0 0.6386692708333332 0.4043592592592593 0.015182291666666596 0.015255555555555555
0 0.6611145833333334 0.41492083333333335 0.01782291666666668 0.0176027777777778
0 0.6314088541666667 0.4202013888888889 0.015182291666666714 0.021123148148148137
0 0.9225104166666666 0.7904435185185187 0.01782291666666668 0.015255555555555555
0 0.9083203124999999 0.766387037037037 0.011880208333333423 0.018775925925925946
4 0.33106276041666666 0.6695722222222222 0.11419739583333334 0.16546481481481481
2 0.735703125 0.6719194444444445 0.04818749999999999 0.09740185185185182
3 0.6498906249999999 0.401425 0.06798958333333331 0.08918703703703704
3 0.43997890624999997 0.42313518518518517 0.05082760416666664 0.07627777777777778
3 0.39839296875 0.6062027777777779 0.05742864583333335 0.08097222222222217
3 0.34327447916666665 0.6191111111111112 0.0633697916666667 0.11148333333333338
3 0.4828856770833333 0.51995 0.06138906249999998 0.09622777777777777
3 0.9215234374999999 0.7699074074074075 0.05808854166666665 0.08683888888888895
