0 0.7794270833333333 0.44351851851851853 0.01614583333333333 0.012962962962962964
0 0.7638020833333333 0.437962962962963 0.008854166666666666 0.012962962962962964
0 0.7575520833333333 0.4486111111111111 0.0067708333333333336 0.017592592592592594
0 0.18020833333333333 0.6490740740740741 0.007291666666666667 0.014814814814814815
0 0.1671875 0.6768518518518519 0.017708333333333333 0.016666666666666666
0 0.32734375 0.6861111111111111 0.009895833333333333 0.016666666666666666
0 0.3013020833333333 0.6986111111111112 0.011979166666666666 0.015740740740740743
0 0.6208333333333333 0.5060185185185185 0.009375 0.012037037037037037
0 0.8260416666666667 0.3314814814814815 0.0125 0.016666666666666666
2 0.007291666666666667 0.6949074074074074 0.013541666666666667 0.062037037037037036
2 0.83203125 0.33796296296296297 0.0296875 0.05740740740740741
3 0.77265625 0.425 0.04739583333333333 0.08148148148148149
3 0.3111979166666667 0.6708333333333334 0.06197916666666667 0.10277777777777779
3 0.1640625 0.6453703703703704 0.053125 0.0925925925925926
3 0.6135416666666667 0.48194444444444445 0.04479166666666667 0.10277777777777779
