0 0.30390625 0.5310185185185186 0.009895833333333333 0.012037037037037037
0 0.315625 0.5412037037037037 0.021875 0.017592592592592594
0 0.32005208333333335 0.6226851851851852 0.022395833333333334 0.021296296296296296
0 0.27109375 0.663425925925926 0.0067708333333333336 0.015740740740740743
0 0.31328125 0.5986111111111111 0.0109375 0.017592592592592594
0 0.2984375 0.587962962962963 0.007291666666666667 0.04814814814814815
0 0.3494791666666667 0.774537037037037 0.0125 0.017592592592592594
0 0.31171875 0.774537037037037 0.0203125 0.025
0 0.4 0.538425925925926 0.0125 0.017592592592592594
0 0.4083333333333333 0.55 0.009375 0.014814814814814815
0 0.3807291666666667 0.5606481481481481 0.010416666666666666 0.019444444444444445
0 0.43203125 0.34444444444444444 0.018229166666666668 0.012962962962962964
0 0.4348958333333333 0.3611111111111111 0.014583333333333334 0.016666666666666666
0 0.4140625 0.3527777777777778 0.007291666666666667 0.016666666666666666
0 0.71328125 0.611574074074074 0.018229166666666668 0.017592592592592594
0 0.6075520833333333 0.3458333333333333 0.009895833333333333 0.019444444444444445
0 0.5861979166666667 0.34120370370370373 0.0203125 0.012037037037037037
0 0.5830729166666666 0.35879629629629634 0.0203125 0.019444444444444445
0 0.5984375 0.8375 0.009375 0.015740740740740743
0 0.5703125 0.8078703703703703 0.017708333333333333 0.01388888888888889
0 0.5708333333333333 0.8384259259259259 0.014583333333333334 0.017592592592592594
4 0.32005208333333335 0.6046296296296296 0.1140625 0.16296296296296298
2 0.72421875 0.6064814814814815 0.050520833333333334 0.10555555555555556
3 0.5932291666666667 0.33796296296296297 0.059375 0.07962962962962963
3 0.4302083333333333 0.34305555555555556 0.04583333333333333 0.0787037037037037
3 0.39036458333333335 0.5425925925925926 0.058854166666666666 0.07962962962962963
3 0.33046875 0.7425925925925926 0.08072916666666667 0.12222222222222223
3 0.5802083333333333 0.8171296296296297 0.06145833333333333 0.08796296296296297
3 0.9877604166666667 0.8777777777777778 0.024479166666666666 0.11111111111111112
