0 0.6852057291666667 0.5956412037037038 0.011880208333333305 0.01760277777777775
0 0.5802499999999999 0.5528078703703704 0.013197916666666623 0.01642870370370375
0 0.5868515625 0.5674768518518519 0.010557291666666776 0.019950000000000048
0 0.27561432291666665 0.8062861111111111 0.012542187500000008 0.018775925925925946
0 0.24491979166666666 0.8133273148148148 0.010561458333333313 0.021123148148148137
0 0.6601223958333333 0.6443416666666667 0.011880208333333305 0.01642962962962955
0 0.6330572916666667 0.6302597222222222 0.006604166666666581 0.021123148148148137
0 0.8228359375 0.3650462962962963 0.015182291666666714 0.023470370370370332
2 0.8304270833333334 0.3668064814814815 0.03432291666666659 0.06454259259259261
3 0.5703489583333334 0.5363791666666666 0.05148958333333328 0.1056157407407408
3 0.6706848958333333 0.5580888888888889 0.05413020833333337 0.11852407407407416
3 0.6555 0.6120703703703705 0.06072916666666662 0.12087222222222226
3 0.26571276041666664 0.7622796296296296 0.07195052083333332 0.16546481481481493
