0 0.30069817708333335 0.5445930555555555 0.009901562499999983 0.021123148148148137
0 0.31290989583333334 0.5516342592592592 0.02244374999999999 0.01642962962962955
0 0.31720052083333333 0.6320199074074074 0.024423958333333336 0.022297222222222135
0 0.26901328125 0.6719194444444445 0.005941145833333295 0.019950000000000048
0 0.3112596354166667 0.6056157407407408 0.011221354166666645 0.023470370370370437
0 0.2964075520833333 0.5962277777777778 0.007921354166666639 0.04928703703703705
0 0.2313875 0.6554902777777778 0.011221874999999996 0.02229722222222224
0 0.20960416666666667 0.6748527777777779 0.02574375 0.023470370370370332
0 0.39806276041666666 0.5481138888888889 0.010561979166666664 0.016429629629629655
0 0.4069739583333334 0.559849074074074 0.008581249999999999 0.014081481481481454
0 0.37858984374999993 0.5721708333333334 0.012542187500000008 0.017602777777777853
0 0.4112645833333333 0.3767814814814815 0.010561458333333343 0.014081481481481507
0 0.441959375 0.392037037037037 0.007261458333333337 0.014081481481481507
0 0.4181955729166667 0.40025138888888884 0.013861979166666672 0.0164287037037037
0 0.7119401041666666 0.6196981481481482 0.020463541666666647 0.018775925925925946
0 0.6007135416666666 0.35565833333333335 0.017166666666666566 0.018775925925925946
0 0.5795885416666666 0.3480300925925926 0.01584375000000004 0.01760277777777775
0 0.5739791666666666 0.3662199074074074 0.016500000000000032 0.01877685185185185
0 0.43436796875 0.6631180555555556 0.011881770833333328 0.01877685185185185
0 0.40499375 0.6373004629629629 0.012541666666666687 0.014082407407407464
0 0.40697395833333333 0.6631180555555556 0.012541666666666628 0.021123148148148137
4 0.31588020833333336 0.6085495370370371 0.11287708333333332 0.16077129629629625
2 0.7221718750000001 0.6132435185185185 0.048843749999999984 0.09974814814814821
3 0.5904817708333333 0.3468564814814815 0.06799479166666664 0.08097222222222221
3 0.38750130208333333 0.5481138888888889 0.05544843749999995 0.08214629629629626
3 0.42479661458333334 0.3838226851851852 0.05082760416666664 0.07510462962962963
3 0.4201763020833333 0.647275462962963 0.05742864583333335 0.08566574074074075
3 0.2129046875 0.6425819444444444 0.06534999999999999 0.11383055555555557
