0 0.3122497395833334 0.5551550925925927 0.022443229166666672 0.014082407407407464
0 0.30102812500000004 0.5504611111111112 0.010561458333333343 0.01877592592592584
0 0.3155502604166667 0.6361273148148148 0.023764062499999974 0.021123148148148137
0 0.26802317708333334 0.6772 0.005280729166666642 0.018775925925925946
0 0.3099395833333334 0.6103101851851852 0.011221874999999966 0.023470370370370332
0 0.29475729166666664 0.6015087962962963 0.008581249999999999 0.04811388888888886
0 0.48354557291666667 0.3984912037037037 0.011221354166666645 0.01760277777777775
0 0.3307325520833333 0.5158425925925926 0.010561979166666664 0.015255555555555555
0 0.30036796875 0.5211231481481482 0.019802604166666644 0.01642962962962955
0 0.3977328125 0.5528078703703704 0.012541666666666687 0.01642870370370375
0 0.4063140625 0.5621962962962963 0.008581249999999999 0.011735185185185166
0 0.37825989583333336 0.5751046296296297 0.010561458333333343 0.016429629629629655
0 0.3353533854166667 0.36445925925925926 0.007921354166666639 0.015255555555555555
0 0.7102890625 0.6238050925925925 0.01716145833333336 0.017602777777777853
0 0.5769505208333333 0.3503777777777778 0.011880208333333423 0.015255555555555555
0 0.5686979166666667 0.36445925925925926 0.01121874999999998 0.019949999999999992
0 0.5970807291666667 0.3632856481481482 0.020463541666666647 0.01760277777777775
0 0.39542239583333333 0.5281643518518518 0.01320208333333331 0.016428703703703647
0 0.3775997395833333 0.5222967592592593 0.007921354166666698 0.014082407407407358
4 0.3165403645833333 0.617937962962963 0.11155677083333332 0.17015925925925932
2 0.7185390624999999 0.6214583333333333 0.04554687500000002 0.09740185185185192
3 0.5914713541666666 0.3503773148148149 0.06732812499999999 0.07862500000000003
3 0.38717109375000003 0.5575023148148148 0.05346822916666666 0.07510462962962958
3 0.31224973958333335 0.4947194444444445 0.062049479166666664 0.09974814814814811
3 0.32017083333333335 0.3509638888888889 0.047527083333333366 0.07275740740740738
3 0.5000481770833333 0.37971527777777775 0.07459114583333334 0.09740092592592596
3 0.39146171874999997 0.5123217592592592 0.042246354166666694 0.06454351851851851
