0 0.30762890625 0.6144175925925925 0.022443229166666672 0.015255555555555555
0 0.2954171875 0.6050291666666666 0.011221875000000025 0.01525648148148146
0 0.3109296875 0.6983236111111111 0.023763541666666655 0.021123148148148137
0 0.26175208333333333 0.7388097222222222 0.007261458333333337 0.01760277777777775
0 0.3043283854166667 0.6713324074074074 0.011881770833333328 0.025816666666666724
0 0.28947656250000003 0.6601842592592593 0.008581249999999999 0.05046111111111116
0 0.3789200520833333 0.5035203703703703 0.018482812499999984 0.016429629629629655
0 0.3954221354166666 0.6108967592592593 0.011881770833333328 0.01760277777777775
0 0.40499375 0.6220453703703703 0.009901041666666662 0.011735185185185166
0 0.37561953124999997 0.6343671296296296 0.011881770833333328 0.01760277777777775
0 0.33238281249999996 0.41609398148148147 0.007261458333333337 0.0176027777777778
0 0.71953125 0.6854148148148149 0.017166666666666684 0.01877592592592584
0 0.6502187500000001 0.4090532407407408 0.019802083333333324 0.01290833333333331
0 0.6531901041666667 0.42841574074074074 0.020463541666666647 0.018775925925925894
0 0.6323984374999999 0.4119870370370371 0.00792187500000002 0.018775925925925894
0 0.3165403645833333 0.6484490740740741 0.009901562500000042 0.015255555555555555
4 0.3109296875 0.6748532407407407 0.11749791666666666 0.16663796296296302
2 0.7271223958333333 0.6818939814814815 0.04818229166666666 0.09857500000000001
3 0.6479088541666667 0.4031851851851852 0.05610937500000001 0.08801296296296295
3 0.3848606770833333 0.6132439814814815 0.058089062499999976 0.09036018518518514
3 0.37891979166666667 0.48239722222222226 0.05808854166666671 0.10796296296296294
3 0.3152203125 0.4043587962962963 0.04818749999999999 0.07393055555555553
3 0.5294223958333333 0.43311018518518524 0.06600937499999997 0.10796296296296294
3 0.3178606770833333 0.6226314814814815 0.046867187500000004 0.08097222222222226
