0 0.3498755208333333 0.6296726851851853 0.02640416666666668 0.01760277777777775
0 0.333703125 0.6208712962962962 0.011221874999999966 0.01877592592592584
0 0.35383619791666665 0.7276606481481481 0.029044270833333385 0.021123148148148137
0 0.29574739583333337 0.775774537037037 0.006601041666666655 0.021123148148148245
0 0.3475651041666667 0.6994967592592592 0.008581249999999999 0.014082407407407464
0 0.3284221354166667 0.6836546296296296 0.009901562499999983 0.05750185185185183
0 0.433378125 0.499413425925926 0.02310312499999997 0.02229722222222224
0 0.4521908854166667 0.6255652777777778 0.015842187499999955 0.021123148148148245
0 0.46242239583333333 0.6390611111111112 0.011221875000000025 0.012909259259259266
0 0.42842734375 0.6549037037037038 0.011881770833333328 0.01877592592592584
0 0.3997130208333333 0.3955574074074074 0.007261458333333337 0.018775925925925946
0 0.37297890625 0.4090527777777778 0.01716302083333332 0.019949999999999992
0 0.8370286458333333 0.7217935185185186 0.019807291666666654 0.018775925925925946
0 0.7343828125 0.38675601851851854 0.019140625 0.0176027777777778
0 0.7607864583333334 0.4002513888888889 0.021781249999999967 0.021123148148148137
0 0.7251432291666667 0.4055324074074074 0.019140625 0.019949999999999992
0 0.29343697916666667 0.6824810185185186 0.015182291666666714 0.02229722222222224
4 0.35449609374999996 0.705950925925926 0.1333401041666667 0.19597592592592594
2 0.8492395833333333 0.7124050925925927 0.058749999999999976 0.11735092592592596
3 0.7498958333333334 0.3838226851851852 0.08448958333333334 0.09857500000000001
3 0.4386588541666666 0.6314333333333334 0.07063020833333333 0.1009222222222222
3 0.43304791666666664 0.4724226851851852 0.06733020833333334 0.12556574074074078
3 0.3805700520833334 0.38499583333333337 0.05610885416666663 0.08683981481481486
3 0.6145755208333334 0.4155074074074075 0.0699739583333334 0.11500370370370372
3 0.30531848958333335 0.656663425925926 0.06402968749999995 0.09036018518518514
