0 0.4067708333333333 0.7662037037037037 0.0375 0.03981481481481482
0 0.3932291666666667 0.8138888888888889 0.04895833333333333 0.04259259259259259
0 0.3653645833333333 0.7828703703703704 0.0234375 0.06018518518518519
0 0.4341145833333333 0.8611111111111112 0.0171875 0.07777777777777778
0 0.39348958333333334 0.8939814814814815 0.019270833333333334 0.021296296296296296
0 0.35833333333333334 0.9018518518518519 0.0125 0.08888888888888889
0 0.40572916666666664 0.9703703703703704 0.04583333333333333 0.03888888888888889
0 0.5583333333333333 0.40925925925925927 0.0125 0.016666666666666666
0 0.49947916666666664 0.5050925925925926 0.011458333333333333 0.021296296296296296
0 0.47630208333333335 0.4865740740740741 0.018229166666666668 0.015740740740740743
0 0.46848958333333335 0.5050925925925926 0.013020833333333334 0.017592592592592594
0 0.47734375 0.41111111111111115 0.018229166666666668 0.014814814814814815
0 0.5229166666666667 0.6060185185185185 0.015625 0.030555555555555558
0 0.5354166666666667 0.625462962962963 0.008333333333333333 0.026851851851851852
0 0.5005208333333333 0.6458333333333334 0.017708333333333333 0.025
0 0.81875 0.22731481481481483 0.014583333333333334 0.010185185185185186
0 0.8309895833333333 0.23333333333333334 0.009895833333333333 0.012962962962962964
0 0.8143229166666667 0.23750000000000002 0.013020833333333334 0.01388888888888889
0 0.5588541666666667 0.9851851851851853 0.011458333333333333 0.02777777777777778
0 0.5981770833333333 0.9916666666666667 0.0390625 0.016666666666666666
4 0.39791666666666664 0.8546296296296296 0.23958333333333334 0.29074074074074074
3 0.57109375 0.39166666666666666 0.06510416666666667 0.10555555555555556
3 0.4765625 0.38703703703703707 0.04791666666666666 0.09814814814814815
3 0.821875 0.22592592592592595 0.040625 0.05185185185185186
3 0.4861979166666667 0.48703703703703705 0.06197916666666667 0.08518518518518518
3 0.5049479166666666 0.6157407407407408 0.07864583333333333 0.12407407407407407
3 0.5833333333333334 0.9453703703703704 0.08958333333333333 0.10925925925925926
