0 0.48750625 0.8608541666666667 0.02310312500000003 0.01760277777777775
0 0.4607721354166667 0.854987037037037 0.010561979166666664 0.01994999999999994
0 0.7228307291666667 0.5445935185185186 0.013203124999999953 0.016429629629629655
0 0.7003880208333333 0.5322717592592592 0.007921874999999901 0.017602777777777853
0 0.4459197916666666 0.5410731481481482 0.011221874999999966 0.011735185185185166
0 0.4445997395833333 0.5627824074074075 0.011221354166666645 0.015255555555555555
0 0.42314661458333336 0.5610226851851852 0.009241145833333301 0.016428703703703647
0 0.6380104166666667 0.7699074074074075 0.021781250000000085 0.01408148148148156
0 0.641640625 0.7875101851851852 0.01452083333333339 0.018775925925925946
0 0.6168880208333334 0.7810555555555555 0.009901041666666662 0.01994999999999994
0 0.2973973958333333 0.657250462962963 0.02178333333333331 0.014082407407407358
0 0.37165859375 0.5815587962962963 0.007921354166666639 0.012908333333333258
0 0.36010703125000004 0.5968148148148148 0.019143229166666664 0.015255555555555555
0 0.33733359374999994 0.5974013888888889 0.007921354166666639 0.01642870370370375
0 0.8574921875 0.5639560185185185 0.00792187500000002 0.012908333333333362
0 0.8284479166666666 0.5645430555555556 0.013197916666666623 0.016428703703703647
0 0.3967424479166667 0.5674768518518519 0.011881770833333328 0.015255555555555661
0 0.38288046875 0.558088425925926 0.009241145833333301 0.01760277777777775
0 0.37561927083333335 0.5709972222222222 0.009241666666666681 0.015255555555555555
2 0.2993778645833333 0.6513828703703705 0.03234531249999997 0.07745092592592598
3 0.7224999999999999 0.5052805555555555 0.05742708333333333 0.13025925925925927
3 0.8363697916666666 0.5199495370370371 0.06072916666666674 0.12908611111111107
3 0.35614661458333335 0.5844925925925926 0.05082760416666669 0.06102222222222222
3 0.47958515625 0.8274092592592592 0.060069270833333376 0.1032685185185185
3 0.43667838541666665 0.5487004629629629 0.05082760416666664 0.0715842592592592
3 0.6333880208333333 0.7687342592592592 0.05346354166666671 0.07745185185185188
3 0.38915156250000005 0.5592625 0.045546874999999966 0.06454351851851851
