0 0.3284221354166667 0.6496222222222223 0.033665104166666696 0.02699074074074072
0 0.32677187500000004 0.6924555555555556 0.034324999999999994 0.04928703703703705
0 0.301028125 0.6783736111111112 0.014521874999999972 0.05632870370370374
0 0.36142708333333334 0.7000833333333333 0.01914270833333334 0.045766666666666664
0 0.31191979166666667 0.7581722222222222 0.015182291666666655 0.05163518518518515
0 0.3544963541666667 0.784575925925926 0.03036458333333337 0.05046111111111116
0 0.35020546874999997 0.5152555555555556 0.011221354166666704 0.025816666666666724
0 0.31026953125 0.5539814814814814 0.015842187500000014 0.018775925925925946
0 0.3284221354166667 0.293462037037037 0.0165026041666667 0.016429629629629603
0 0.8112838541666666 0.47476944444444447 0.023765625000000058 0.015255555555555607
0 0.383540625 0.4137472222222222 0.014521875000000031 0.026990740740740773
0 0.39377213541666667 0.4272425925925926 0.009901562499999983 0.023470370370370384
0 0.36703828125000004 0.44484490740740745 0.011881770833333328 0.0164287037037037
0 0.7594661458333333 0.3574185185185185 0.013859375000000066 0.012909259259259266
0 0.7452734375 0.3392291666666667 0.013203124999999953 0.021123148148148137
0 0.7366927083333332 0.3503773148148149 0.009239583333333337 0.0176027777777778
4 0.34459453125 0.7611060185185186 0.16634531249999998 0.3133268518518519
2 0.8126067708333333 0.46186111111111106 0.047526041666666664 0.11148333333333332
3 0.31621041666666666 0.5170162037037038 0.08977395833333332 0.12556574074074073
3 0.32578203125000005 0.2752731481481482 0.05082760416666669 0.09270740740740743
3 0.7512161458333333 0.3445097222222222 0.05148437499999995 0.06454351851851851
3 0.37891979166666667 0.42196157407407403 0.05412812500000002 0.0880138888888889
3 0.34162421875 0.45481990740740746 0.05610885416666669 0.06688981481481486
