0 0.22115598958333335 0.8508796296296297 0.019802604166666675 0.0328574074074074
0 0.15679635416666665 0.8860847222222222 0.013862500000000022 0.025817592592592628
0 0.6657317708333332 0.5316851851851853 0.020463541666666647 0.011735185185185166
0 0.12577161458333333 0.8233023148148149 0.028383854166666674 0.02229722222222224
0 0.12313124999999998 0.8585074074074074 0.017822916666666667 0.019950000000000048
0 0.2066338541666667 0.705951388888889 0.015842708333333337 0.03637870370370369
0 0.22214609374999997 0.7118189814814815 0.012542187499999979 0.024643518518518526
0 0.18683098958333333 0.7534782407407408 0.015842187499999986 0.01877685185185185
0 0.10332838541666667 0.578625 0.02310364583333332 0.023470370370370437
0 0.5601171875 0.41844120370370375 0.017817708333333352 0.01290833333333331
0 0.5746380208333333 0.4190277777777778 0.005942708333333376 0.014081481481481454
0 0.5581380208333333 0.4336962962962963 0.011223958333333428 0.015255555555555555
0 0.7307552083333333 0.07753625 0.005281249999999934 0.016429166666666665
0 0.7073203124999999 0.16906990740740743 0.005942708333333376 0.009387962962962947
0 0.8551822916666667 0.18432592592592595 0.007260416666666695 0.007040740740740727
0 0.8525416666666668 0.1919537037037037 0.0072604166666665765 0.008214814814814828
4 0.7343854166666667 0.08457731481481483 0.028385416666666666 0.04459351851851852
2 0.6597942708333332 0.519362962962963 0.04554687500000002 0.10678888888888889
3 0.09408697916666667 0.5551550925925927 0.08251249999999999 0.12204537037037035
3 0.19937265625 0.8367953703703704 0.13069947916666666 0.20418703703703708
3 0.19475208333333333 0.7188597222222223 0.08317291666666667 0.1044416666666667
3 0.13237265625 0.8150879629629629 0.07723177083333332 0.12321851851851855
3 0.5614375 0.41609398148148147 0.0402708333333333 0.06923796296296296
3 0.7139192708333333 0.1585087962962963 0.031026041666666632 0.04459351851851852
3 0.8594713541666666 0.18256527777777778 0.026401041666666694 0.04107314814814813
3 0.9363723958333333 0.18197870370370373 0.024421874999999933 0.039899999999999984
