0 0.6244765624999999 0.4865046296296296 0.01320312500000007 0.012909259259259266
0 0.6287682291666667 0.5005870370370371 0.01122395833333331 0.015255555555555555
0 0.6050026041666666 0.5052810185185185 0.009901041666666662 0.01760277777777775
0 0.7050104166666666 0.5974013888888889 0.010562499999999985 0.01642870370370375
0 0.6776171875 0.5886 0.015182291666666596 0.017601851851851844
0 0.6716744791666667 0.5762782407407407 0.008578124999999895 0.016428703703703647
0 0.5967526041666666 0.4894384259259259 0.01716145833333336 0.014082407407407358
0 0.5776093750000001 0.4677282407407408 0.009239583333333337 0.0176027777777778
0 0.5703489583333334 0.47711666666666674 0.00791666666666669 0.022296296296296335
0 0.24293932291666664 0.7998319444444446 0.00924114583333333 0.019949074074074036
0 0.2739640625 0.7980717592592593 0.015842708333333337 0.01877685185185185
0 0.6729921875 0.5451805555555557 0.009901041666666662 0.015255555555555555
0 0.6462604166666667 0.5528078703703704 0.01584375000000004 0.01877685185185185
0 0.8198645833333332 0.3538981481481482 0.014520833333333271 0.019949999999999992
2 0.8281171875000001 0.35624490740740744 0.03630729166666657 0.0668898148148148
3 0.2624122395833333 0.7487842592592593 0.07459114583333332 0.1713333333333333
3 0.6865260416666668 0.5627828703703703 0.05677083333333333 0.11852499999999995
3 0.6545104166666665 0.5240569444444444 0.058749999999999976 0.10913611111111109
3 0.5921302083333333 0.4536462962962963 0.05544791666666657 0.09505370370370378
3 0.6188671874999999 0.48533101851851856 0.044223958333333376 0.07393055555555558
