0 0.2559895833333333 0.7037037037037037 0.03697916666666667 0.024074074074074074
0 0.25416666666666665 0.7527777777777778 0.040625 0.061111111111111116
0 0.22369791666666666 0.7430555555555556 0.015104166666666667 0.0638888888888889
0 0.29453125 0.8439814814814816 0.034895833333333334 0.05277777777777778
0 0.2973958333333333 0.7518518518518519 0.025 0.044444444444444446
0 0.27057291666666666 0.7981481481481482 0.019270833333333334 0.031481481481481485
0 0.24166666666666667 0.8319444444444445 0.021875 0.05648148148148149
0 0.2796875 0.5180555555555556 0.008333333333333333 0.017592592592592594
0 0.25 0.575925925925926 0.019791666666666666 0.02592592592592593
0 0.7510416666666666 0.4226851851851852 0.02395833333333333 0.012037037037037037
0 0.23151041666666666 0.48240740740740745 0.011979166666666666 0.020370370370370372
0 0.31145833333333334 0.4412037037037037 0.015625 0.026851851851851852
0 0.3229166666666667 0.4532407407407408 0.0125 0.019444444444444445
0 0.29401041666666666 0.47453703703703703 0.013020833333333334 0.017592592592592594
0 0.24713541666666666 0.32546296296296295 0.0171875 0.017592592592592594
0 0.6630208333333333 0.2939814814814815 0.015625 0.01388888888888889
0 0.6783854166666666 0.30185185185185187 0.0067708333333333336 0.014814814814814815
0 0.6591145833333333 0.3092592592592593 0.011979166666666666 0.016666666666666666
0 0.9078125 0.0837962962962963 0.008333333333333333 0.008333333333333333
0 0.8911458333333333 0.0763888888888889 0.007291666666666667 0.008333333333333333
4 0.28098958333333335 0.8296296296296297 0.1953125 0.34074074074074073
2 0.7484375 0.4115740740740741 0.046875 0.11574074074074074
3 0.24322916666666666 0.3050925925925926 0.05520833333333333 0.10462962962962963
3 0.24635416666666665 0.5532407407407408 0.10104166666666667 0.1527777777777778
3 0.3033854166666667 0.4476851851851852 0.06302083333333333 0.09166666666666667
3 0.24973958333333332 0.475462962962963 0.06197916666666667 0.07314814814814816
3 0.6653645833333334 0.29444444444444445 0.044270833333333336 0.07037037037037037
3 0.9041666666666667 0.06435185185185185 0.04583333333333333 0.05648148148148149
