0 0.292446875 0.6860018518518519 0.03696562500000002 0.02699074074074072
0 0.2871658854166667 0.7288347222222222 0.03960572916666667 0.04928796296296296
0 0.26076223958333333 0.7147523148148148 0.01848281250000001 0.05867499999999992
0 0.31621041666666666 0.8379712962962963 0.03696562500000002 0.04694074074074077
0 0.32875234375 0.745263888888889 0.02112343749999995 0.05398148148148144
0 0.2993776041666667 0.7857495370370371 0.015182291666666655 0.01760277777777775
0 0.268353125 0.8086333333333334 0.016502083333333348 0.06571666666666671
0 0.32644192708333336 0.4020115740740741 0.009901562499999983 0.0176027777777778
0 0.2944270833333333 0.4178541666666667 0.01320208333333337 0.0164287037037037
0 0.8294374999999999 0.528751388888889 0.028385416666666666 0.01760277777777775
0 0.35350598958333335 0.3679800925925926 0.007260937500000016 0.01525648148148146
0 0.33469322916666666 0.3820625 0.010561458333333343 0.012908333333333362
0 0.3254518229166667 0.36269953703703706 0.007921354166666639 0.014082407407407412
0 0.3974026041666666 0.3362953703703704 0.014521874999999972 0.012909259259259266
0 0.3934419270833333 0.35155092592592596 0.009241145833333301 0.012909259259259266
0 0.31621041666666666 0.3492037037037037 0.01320208333333331 0.015255555555555555
0 0.8083151041666666 0.7939643518518519 0.01650520833333336 0.03168425925925931
0 0.8439583333333334 0.7922041666666667 0.027062500000000017 0.030512037037037015
0 0.8515494791666666 0.8262361111111112 0.01716145833333336 0.03051111111111111
4 0.3046588541666666 0.8191930555555555 0.19736979166666663 0.35674351851851843
2 0.8297682291666666 0.5164291666666667 0.05413020833333325 0.12439166666666664
3 0.31191979166666667 0.3263203703703704 0.04290625 0.0844925925925926
3 0.30168828125 0.40377175925925923 0.06997031249999998 0.0868398148148148
3 0.400703125 0.3380555555555556 0.03564583333333336 0.05867592592592593
3 0.3366734375 0.3644597222222222 0.046207291666666706 0.07158425925925924
3 0.8264661458333333 0.7880967592592593 0.0976927083333333 0.14903611111111117
