0 0.2921875 0.6296296296296297 0.03333333333333333 0.022222222222222223
0 0.2877604166666667 0.6712962962962963 0.03697916666666667 0.0462962962962963
0 0.2630208333333333 0.6569444444444444 0.015625 0.05277777777777778
0 0.31666666666666665 0.7708333333333334 0.034375 0.04722222222222222
0 0.3255208333333333 0.6837962962962963 0.021875 0.04722222222222222
0 0.2989583333333333 0.7217592592592593 0.017708333333333333 0.025
0 0.27239583333333334 0.7439814814814815 0.016666666666666666 0.062037037037037036
0 0.36822916666666666 0.34490740740740744 0.007291666666666667 0.017592592592592594
0 0.34322916666666664 0.3699074074074074 0.0125 0.017592592592592594
0 0.7911458333333333 0.4712962962962963 0.025 0.016666666666666666
0 0.31223958333333335 0.32222222222222224 0.01614583333333333 0.016666666666666666
0 0.5302083333333333 0.9634259259259259 0.021875 0.06574074074074074
0 0.5140625 0.9671296296296297 0.009375 0.03796296296296296
4 0.3059895833333333 0.7555555555555555 0.18489583333333334 0.32592592592592595
2 0.790625 0.4620370370370371 0.04583333333333333 0.11296296296296297
3 0.30859375 0.30092592592592593 0.0421875 0.08703703703703704
3 0.34713541666666664 0.34861111111111115 0.059895833333333336 0.08981481481481482
3 0.4145833333333333 0.28935185185185186 0.03854166666666667 0.05648148148148149
3 0.35520833333333335 0.3212962962962963 0.03854166666666667 0.05185185185185186
3 0.5515625 0.950462962962963 0.09895833333333333 0.09907407407407408
3 0.509375 0.13842592592592592 0.030208333333333334 0.04351851851851852
