0 0.6475807291666666 0.4589273148148148 0.017161458333333237 0.014082407407407412
0 0.6644114583333334 0.47476944444444447 0.007260416666666695 0.019949999999999992
0 0.6482421875 0.47535601851851855 0.013203124999999953 0.014082407407407464
0 0.7089713541666666 0.5974013888888889 0.011880208333333423 0.01877685185185185
0 0.6799244791666667 0.5862532407407408 0.01716145833333336 0.01760277777777775
0 0.6753046875000001 0.5721712962962963 0.009244791666666667 0.015255555555555555
0 0.6043437500000001 0.4859180555555556 0.016500000000000032 0.01642870370370375
0 0.5726588541666667 0.4812236111111111 0.013859374999999948 0.016428703703703647
0 0.2706635416666667 0.8010050925925927 0.014521875000000002 0.01760277777777775
0 0.23798854166666666 0.8051125000000001 0.011221874999999996 0.01642870370370375
0 0.8248151041666666 0.34861712962962965 0.015182291666666714 0.01877685185185185
2 0.8327395833333334 0.35272453703703704 0.037625000000000006 0.0668898148148148
3 0.7010494791666666 0.5005870370370371 0.05413020833333337 0.09974814814814821
3 0.6904869791666667 0.5698240740740741 0.06204687499999994 0.1044425925925926
3 0.6498906249999999 0.46420787037037037 0.04158333333333341 0.06454351851851851
3 0.5894921875 0.4530597222222222 0.0633697916666667 0.09153425925925923
3 0.2584518229166667 0.7517180555555555 0.07459114583333334 0.1748527777777778
