0 0.40268359374999996 0.7746013888888889 0.011881770833333328 0.01877685185185185
0 0.4102747395833333 0.785162962962963 0.009901562499999983 0.01642962962962955
0 0.38023984375000003 0.7863365740740741 0.018482812499999984 0.01877685185185185
0 0.71425 0.7417430555555555 0.009239583333333337 0.014082407407407464
0 0.692796875 0.7411560185185185 0.01121874999999998 0.01760277777777775
0 0.7119401041666668 0.7200333333333333 0.009901041666666662 0.012909259259259266
0 0.6591302083333334 0.7493708333333334 0.012541666666666628 0.012908333333333362
0 0.6571510416666667 0.7728412037037037 0.012541666666666628 0.015256481481481565
0 0.6347083333333334 0.766387037037037 0.008583333333333342 0.018775925925925946
0 0.1630671875 0.6736796296296296 0.015842708333333337 0.011735185185185166
0 0.16768802083333334 0.6877615740740741 0.010561458333333343 0.01642870370370375
0 0.14656458333333333 0.6895222222222223 0.010561458333333343 0.019950000000000048
0 0.8221770833333333 0.39731805555555555 0.012541666666666628 0.012908333333333362
0 0.5733203125 0.6431680555555556 0.01122395833333331 0.014082407407407358
0 0.5465859375 0.6443416666666667 0.009244791666666667 0.01408148148148156
0 0.8380208333333333 0.6279125000000001 0.012541666666666628 0.014082407407407358
0 0.8380182291666666 0.6537300925925926 0.01122395833333331 0.014082407407407464
0 0.8310885416666667 0.6678120370370372 0.01584375000000004 0.016429629629629655
0 0.8069947916666667 0.6678120370370372 0.01121874999999998 0.016429629629629655
0 0.82415625 0.5457671296296296 0.016500000000000032 0.009387962962962973
0 0.8228359374999998 0.5604356481481482 0.01122395833333331 0.012908333333333362
2 0.8300963541666666 0.3844092592592593 0.031026041666666632 0.0504611111111111
3 0.5630885416666667 0.6191111111111113 0.05544791666666657 0.08801296296296295
3 0.4677033854166667 0.5809722222222223 0.04422656249999998 0.1056166666666666
3 0.3911317708333333 0.7611060185185186 0.06006875 0.09740092592592592
3 0.6495624999999999 0.7569990740740741 0.05016666666666663 0.07745185185185188
3 0.7033567708333334 0.7282481481481482 0.05082812499999995 0.069237037037037
3 0.15712630208333334 0.6748532407407407 0.04884739583333335 0.0704101851851852
3 0.8248177083333333 0.5451800925925926 0.03630208333333336 0.057502777777777736
3 0.837359375 0.6167643518518519 0.031020833333333303 0.05984907407407403
3 0.8251458333333334 0.657837037037037 0.0514895833333334 0.06454259259259261
