1 0.8297682291666666 0.34098935185185186 0.0145260416666666 0.01056203703703702
0 0.6918072916666667 0.40201203703703703 0.01452083333333339 0.010561111111111065
0 0.8429687499999999 0.3668064814814815 0.00923958333333322 0.04342037037037038
0 0.8267994791666666 0.35331111111111113 0.004619791666666729 0.014081481481481507
0 0.8300963541666666 0.3685666666666667 0.004619791666666729 0.028164814814814823
0 0.8129348958333333 0.36269953703703706 0.01122395833333331 0.03989907407407408
0 0.9660781249999999 0.7176861111111112 0.016500000000000032 0.015255555555555555
0 0.9495755208333333 0.7065379629629629 0.009901041666666662 0.014081481481481454
0 0.39014140625 0.6502092592592593 0.005280729166666671 0.011735185185185166
0 0.3643976562499999 0.6590106481481482 0.011881770833333328 0.01525648148148146
0 0.8693749999999999 0.7124055555555556 0.010562499999999985 0.011735185185185166
0 0.8693723958333333 0.7329416666666667 0.013203124999999953 0.015255555555555555
0 0.8891770833333333 0.7364620370370369 0.011885416666666752 0.015255555555555555
0 0.6145755208333334 0.5299245370370371 0.011880208333333423 0.010562037037037073
0 0.6079765625 0.5375523148148148 0.00792187500000002 0.014082407407407358
0 0.6248072916666667 0.5422462962962963 0.008583333333333224 0.011735185185185166
0 0.5591276041666667 0.5522212962962963 0.01583854166666671 0.008214814814814881
0 0.5601171875000001 0.5645430555555556 0.01122395833333331 0.011734259259259262
0 0.5472447916666667 0.559262037037037 0.0066041666666667 0.015255555555555555
0 0.5076393229166667 0.6267393518518519 0.014522395833333352 0.014082407407407358
0 0.5129200520833334 0.6414083333333334 0.010561979166666664 0.015255555555555555
0 0.49245703125 0.6402342592592593 0.010561979166666664 0.015255555555555555
0 0.5049989583333333 0.7347023148148147 0.014521874999999972 0.01642870370370375
0 0.4789247395833333 0.7335282407407406 0.013861979166666672 0.021123148148148137
0 0.5584661458333334 0.6073763888888889 0.011880208333333423 0.012908333333333362
0 0.5759583333333332 0.597987962962963 0.007260416666666695 0.015255555555555555
0 0.44823046875 0.7341157407407408 0.011881770833333328 0.015255555555555555
0 0.45351119791666666 0.7464370370370371 0.007921354166666698 0.016429629629629655
0 0.4346981770833333 0.7534782407407408 0.01254218749999995 0.01642870370370375
4 0.8271276041666666 0.3785416666666667 0.0633697916666667 0.09740185185185186
2 0.6904869791666666 0.38616944444444445 0.027723958333333344 0.04928703703703705
3 0.5013677083333333 0.6255657407407408 0.04554583333333332 0.06102222222222222
3 0.37033854166666663 0.6302597222222222 0.05940937499999996 0.08683981481481474
3 0.9621171875 0.7030171296296297 0.05082812499999995 0.06806388888888891
3 0.5564843749999999 0.5481138888888889 0.03036458333333331 0.05398148148148155
3 0.877625 0.7176861111111111 0.04818749999999999 0.06454259259259251
3 0.6172161458333333 0.5352050925925926 0.03696354166666668 0.05163425925925925
3 0.2000328125 0.6044425925925926 0.05544791666666665 0.11500370370370366
3 0.4921268229166666 0.7129921296296297 0.05346822916666666 0.08801388888888885
3 0.43964895833333334 0.7335287037037037 0.04620729166666664 0.068062962962963
3 0.5630885416666667 0.5932944444444445 0.03960416666666677 0.050461111111111054
