1 0.7776197916666666 0.12623703703703706 0.02244791666666662 0.015255555555555555
0 0.5512057291666667 0.2740990740740741 0.02244270833333329 0.015255555555555555
0 0.8027057291666666 0.16554953703703704 0.013203124999999953 0.06806388888888891
0 0.7772890625 0.1678962962962963 0.005942708333333257 0.05867592592592593
0 0.7703593750000001 0.16437592592592595 0.005281250000000052 0.03520555555555557
0 0.7515468750000001 0.16848333333333332 0.013864583333333276 0.06923703703703703
0 0.572 0.7681472222222223 0.012541666666666628 0.02464444444444443
0 0.5469166666666666 0.7611064814814814 0.021781249999999967 0.015255555555555555
0 0.5393255208333333 0.7863365740740741 0.027723958333333285 0.023469444444444428
0 0.4818953125 0.9535601851851853 0.014521874999999972 0.02463888888888901
0 0.43172760416666667 0.9476898148148147 0.017162499999999997 0.02699074074074072
0 0.6211770833333332 0.8109800925925926 0.026406250000000023 0.021123148148148137
0 0.64725 0.8268226851851852 0.012541666666666628 0.019949074074074036
0 0.6158958333333333 0.8350370370370371 0.017166666666666684 0.019950000000000048
0 0.4713338541666667 0.5181898148148149 0.014521875000000031 0.015255555555555555
0 0.46671302083333327 0.5469402777777779 0.014521874999999972 0.021123148148148137
0 0.43568828125000003 0.5428333333333334 0.011881770833333328 0.02229629629629623
4 0.7786119791666666 0.19136666666666666 0.10627604166666664 0.15725000000000003
0 0.32182109375 0.46890185185185185 0.013861979166666613 0.019949999999999992
0 0.34162421875 0.49530601851851846 0.01782239583333336 0.023469444444444532
0 0.31191953125 0.48709166666666665 0.009901562499999983 0.018775925925925946
0 0.5215010416666667 0.912488888888889 0.015841666666666695 0.024644444444444538
0 0.49410703125 0.891952314814815 0.0165026041666667 0.021123148148148137
0 0.5234825520833333 0.6507958333333334 0.009243229166666703 0.01760277777777775
0 0.48255546875 0.6302597222222223 0.011881770833333328 0.01877685185185185
0 0.4937770833333333 0.6507962962962963 0.017162499999999997 0.02229629629629623
3 0.498396875 0.6337800925925927 0.06600833333333332 0.09388055555555552
3 0.4558213541666667 0.8948875 0.09967499999999999 0.18424351851851858
3 0.6317369791666666 0.8127407407407408 0.07789062499999998 0.11148333333333338
3 0.45813177083333334 0.5252305555555556 0.06865000000000006 0.09270740740740743
3 0.5531856770833333 0.7552388888888889 0.07393072916666661 0.11148333333333338
3 0.5073091145833333 0.8866722222222223 0.0798713541666667 0.11852592592592597
3 0.335353125 0.47535601851851855 0.06733020833333334 0.09388055555555558
3 0.03632809114583333 0.5457666666666667 0.07129069270833333 0.11500370370370366
2 0.541634375 0.2471087962962963 0.04686666666666669 0.09505462962962963
