0 0.5109395833333333 0.6443416666666667 0.01320208333333331 0.01642962962962955
0 0.50235859375 0.6607708333333333 0.007921354166666698 0.01642870370370375
0 0.5327213541666667 0.6672250000000001 0.011880208333333364 0.01994999999999994
0 0.8495703125 0.17963194444444444 0.02244270833333329 0.014082407407407412
0 0.7129296875 0.5463537037037036 0.00792187500000002 0.015255555555555555
0 0.6782760416666667 0.5463537037037037 0.013864583333333276 0.017601851851851844
0 0.08220520833333333 0.392037037037037 0.015182291666666669 0.018775925925925894
0 0.06537239583333332 0.3726740740740741 0.013202083333333333 0.015255555555555555
0 0.05811145833333334 0.38968981481481485 0.013202083333333333 0.016429629629629655
0 0.8442890624999999 0.49354583333333335 0.01320312500000007 0.019949074074074143
0 0.8525390625 0.509387962962963 0.00990104166666678 0.01642962962962955
0 0.8281171875000001 0.5134953703703704 0.015182291666666596 0.017601851851851844
2 0.8462708333333333 0.15850833333333336 0.03696875000000001 0.07041111111111112
3 0.689828125 0.5117347222222223 0.07129166666666673 0.12908611111111112
3 0.5231523437500001 0.6490356481481482 0.06535156250000002 0.09857500000000001
3 0.8337291666666666 0.49354583333333335 0.05677083333333333 0.08331944444444452
3 0.07527393229166666 0.3750208333333333 0.058088593749999994 0.08331944444444446
