0 0.3848958333333333 0.6476851851851853 0.021875 0.017592592592592594
0 0.3765625 0.6726851851851852 0.03229166666666666 0.026851851851851852
0 0.3567708333333333 0.6620370370370371 0.015625 0.02962962962962963
0 0.38645833333333335 0.7814814814814816 0.030208333333333334 0.031481481481481485
0 0.4028645833333333 0.7083333333333334 0.0109375 0.05185185185185186
0 0.4578125 0.750462962962963 0.005208333333333333 0.075
0 0.37447916666666664 0.7152777777777778 0.017708333333333333 0.06574074074074074
0 0.35442708333333334 0.7375 0.0078125 0.06574074074074074
0 0.3130208333333333 0.8305555555555556 0.016666666666666666 0.08518518518518518
0 0.4479166666666667 0.4689814814814815 0.010416666666666666 0.012037037037037037
0 0.86328125 0.6615740740740741 0.0296875 0.021296296296296296
0 0.3932291666666667 0.4439814814814815 0.009375 0.010185185185185186
0 0.38828125 0.4518518518518519 0.005729166666666666 0.011111111111111112
0 0.4041666666666667 0.4550925925925926 0.008333333333333333 0.012037037037037037
0 0.8013020833333333 0.5828703703703704 0.0078125 0.015740740740740743
0 0.78828125 0.5986111111111111 0.0140625 0.015740740740740743
0 0.7361979166666667 0.9560185185185186 0.0140625 0.019444444444444445
0 0.63046875 0.4300925925925926 0.005729166666666666 0.012037037037037037
0 0.6171875 0.4277777777777778 0.014583333333333334 0.009259259259259259
0 0.61640625 0.43842592592592594 0.0171875 0.012037037037037037
0 0.6533854166666666 0.5083333333333333 0.009895833333333333 0.012962962962962964
0 0.6333333333333333 0.4981481481481482 0.007291666666666667 0.012962962962962964
4 0.38177083333333334 0.763425925925926 0.16041666666666665 0.25833333333333336
2 0.8619791666666666 0.6555555555555556 0.05 0.11666666666666667
3 0.7786458333333334 0.9333333333333333 0.14166666666666666 0.13333333333333333
3 0.45026041666666666 0.4476851851851852 0.043229166666666666 0.08796296296296297
3 0.78828125 0.5773148148148148 0.043229166666666666 0.0712962962962963
3 0.39791666666666664 0.4439814814814815 0.03229166666666666 0.04537037037037037
3 0.6190104166666667 0.4240740740740741 0.0359375 0.05555555555555556
3 0.646875 0.48842592592592593 0.046875 0.06759259259259259
