0 0.3731770833333333 0.6620370370370371 0.024479166666666666 0.020370370370370372
0 0.36276041666666664 0.6856481481481482 0.03802083333333333 0.026851851851851852
0 0.34270833333333334 0.6736111111111112 0.016666666666666666 0.030555555555555558
0 0.37395833333333334 0.8087962962962963 0.034375 0.032407407407407406
0 0.45234375 0.7777777777777778 0.0046875 0.07962962962962963
0 0.39348958333333334 0.7310185185185185 0.0140625 0.062037037037037036
0 0.36302083333333335 0.7356481481481482 0.025 0.0787037037037037
0 0.28984375 0.8625 0.015104166666666667 0.09166666666666667
0 0.33828125 0.7592592592592593 0.0078125 0.07037037037037037
0 0.4471354166666667 0.48194444444444445 0.009895833333333333 0.01388888888888889
0 0.9057291666666667 0.688425925925926 0.03333333333333333 0.025
0 0.4544270833333333 0.4518518518518519 0.0067708333333333336 0.011111111111111112
0 0.82265625 0.6226851851851852 0.015104166666666667 0.015740740740740743
0 0.8338541666666667 0.6013888888888889 0.011458333333333333 0.021296296296296296
0 0.5611979166666666 0.9740740740740741 0.018229166666666668 0.022222222222222223
0 0.4861979166666667 0.9708333333333333 0.018229166666666668 0.026851851851851852
0 0.6432291666666666 0.4412037037037037 0.005208333333333333 0.010185185185185186
0 0.6294270833333333 0.4365740740740741 0.01614583333333333 0.008333333333333333
0 0.6278645833333333 0.45046296296296295 0.01614583333333333 0.01388888888888889
4 0.36744791666666665 0.7893518518518519 0.1765625 0.28425925925925927
2 0.9026041666666667 0.6810185185185186 0.06145833333333333 0.125
3 0.52265625 0.9009259259259259 0.12135416666666667 0.19814814814814816
3 0.45 0.4625 0.04375 0.08796296296296297
3 0.82265625 0.600462962962963 0.050520833333333334 0.07685185185185185
3 0.6309895833333333 0.4361111111111111 0.0390625 0.061111111111111116
