0 0.3607671875 0.6824810185185186 0.024423958333333336 0.019949074074074036
0 0.34921536458333335 0.7094717592592593 0.038285937500000006 0.03168425925925931
0 0.32677187500000004 0.6959763888888889 0.017162499999999997 0.032858333333333406
0 0.3607671875 0.8426648148148148 0.03894583333333337 0.0352055555555556
0 0.3818901041666667 0.7587587962962964 0.015182291666666655 0.0668898148148148
0 0.4452598958333333 0.8103935185185186 0.00462083333333337 0.08097222222222226
0 0.3475651041666667 0.7622796296296296 0.01914270833333334 0.08331851851851856
0 0.32182109375 0.7886837962962964 0.009901562500000042 0.07979907407407406
0 0.26901302083333334 0.9007532407407407 0.015182291666666684 0.09740092592592602
0 0.46341249999999995 0.4953055555555556 0.0039604166666666295 0.01173518518518527
0 0.441959375 0.5029337962962963 0.011221875000000025 0.015256481481481565
0 0.9353828125 0.7153393518518518 0.03828645833333333 0.02229722222222224
0 0.818546875 0.6179375 0.011885416666666633 0.017602777777777853
0 0.8314166666666667 0.647275925925926 0.01782291666666668 0.015255555555555555
0 0.49839791666666666 0.7493708333333334 0.029044791666666646 0.024643518518518526
0 0.46671302083333327 0.7241402777777778 0.007920833333333318 0.02816388888888881
0 0.6492291666666666 0.4595138888888889 0.007260416666666695 0.012909259259259266
0 0.6340468749999999 0.45188611111111116 0.01782291666666668 0.00938888888888893
0 0.6320677083333334 0.46714166666666673 0.01782291666666668 0.016429629629629603
0 0.8066640625 0.5404861111111111 0.00792187500000002 0.012909259259259266
0 0.7878515625000001 0.5369652777777778 0.012546874999999957 0.012908333333333362
0 0.7852109375 0.5222967592592593 0.008578125000000015 0.009387962962962973
4 0.3525158854166667 0.8244740740740741 0.19670989583333337 0.3109777777777777
2 0.9304322916666666 0.705951388888889 0.06666666666666667 0.13730092592592602
3 0.493778125 0.7106449074074074 0.06865208333333334 0.16077129629629633
3 0.4452598958333333 0.48239722222222226 0.046866666666666626 0.09153333333333338
3 0.8314192708333333 0.6273259259259258 0.05610937500000001 0.07393148148148138
3 0.7934609375000001 0.5293375000000001 0.042244791666666615 0.05632870370370363
3 0.6360286458333333 0.4489523148148148 0.04158854166666662 0.06454351851851851
