0 0.16801796875000002 0.6144175925925925 0.009901562500000013 0.015255555555555555
0 0.18022968749999999 0.6243921296296296 0.023763541666666655 0.01642870370370375
0 0.18386041666666667 0.7024305555555556 0.02310312499999997 0.02229629629629623
0 0.23468802083333332 0.7036037037037037 0.005940624999999974 0.050461111111111054
0 0.17890963541666666 0.6619444444444446 0.007921354166666669 0.04694074074074077
0 0.16273697916666666 0.6683986111111111 0.008581249999999999 0.04811388888888886
0 0.13666328125000002 0.7264879629629629 0.007921354166666669 0.05398148148148144
4 0.185840625 0.6848277777777778 0.1168375 0.16311851851851852
0 0.2554809895833333 0.6519694444444444 0.025083854166666697 0.01994999999999994
0 0.32314140625 0.4735958333333334 0.007260937500000016 0.0176027777777778
0 0.29046640625000003 0.4818101851851852 0.014522395833333293 0.015255555555555555
0 0.6832239583333333 0.6783736111111112 0.010562499999999985 0.016428703703703647
0 0.6591328125 0.6683990740740742 0.020463541666666647 0.015255555555555555
0 0.6548411458333334 0.6889351851851852 0.014526041666666718 0.014081481481481454
0 0.49839765625000004 0.6801337962962963 0.011881770833333328 0.019949074074074036
0 0.48717604166666667 0.7088851851851852 0.017162499999999997 0.018775925925925946
0 0.5650677083333333 0.6772 0.017166666666666684 0.016429629629629655
0 0.5363541666666667 0.4360439814814815 0.012541666666666628 0.012908333333333362
0 0.5304114583333334 0.45599351851851855 0.01782291666666668 0.015255555555555555
0 0.5030187500000001 0.4595138888888889 0.01320208333333337 0.019949999999999992
0 0.6921380208333334 0.3756078703703704 0.008578125000000015 0.014082407407407412
0 0.6634244791666667 0.36445925925925926 0.011880208333333423 0.015255555555555555
0 0.5488958333333334 0.7716675925925927 0.013864583333333395 0.01994999999999994
0 0.5300833333333334 0.7581726851851851 0.01452083333333333 0.021123148148148137
0 0.5224924479166667 0.7763615740740741 0.011223437500000048 0.019949074074074143
2 0.574640625 0.6742662037037037 0.0442291666666667 0.09505462962962963
3 0.6756354166666667 0.34274953703703703 0.06403125000000003 0.09388055555555558
3 0.2584518229166667 0.6249787037037037 0.05742864583333335 0.10913703703703699
3 0.29904765625 0.44484537037037036 0.06600989583333335 0.13847407407407405
3 0.48453567708333334 0.6848277777777778 0.051488020833333314 0.08097222222222226
3 0.5393239583333334 0.7575851851851853 0.056768749999999986 0.08097222222222226
3 0.6667239583333334 0.6619444444444444 0.05940625000000009 0.08449259259259255
3 0.5228223958333333 0.44132453703703706 0.06601145833333337 0.08214537037037041
