0 0.6871875000000001 0.4336967592592593 0.014520833333333271 0.01290833333333331
0 0.687515625 0.45188611111111116 0.008583333333333342 0.014081481481481507
0 0.6696953125 0.44836574074074076 0.005942708333333376 0.016429629629629655
0 0.9096380208333333 0.677787037037037 0.01320312500000007 0.019950000000000048
0 0.8838958333333333 0.6807208333333333 0.01584375000000004 0.016428703703703647
0 0.8782838541666665 0.6642912037037038 0.01122395833333331 0.021123148148148137
0 0.7198619791666666 0.5974013888888889 0.013859375000000066 0.023469444444444428
0 0.6878463541666666 0.5844925925925926 0.01583854166666659 0.01877592592592584
0 0.6828958333333334 0.5704106481481481 0.01121874999999998 0.023469444444444428
0 0.6314088541666667 0.48063703703703703 0.01650520833333336 0.015255555555555555
0 0.6360286458333333 0.4964796296296297 0.017817708333333352 0.016429629629629655
0 0.6026927083333333 0.4911986111111111 0.014520833333333271 0.02229722222222224
0 0.21356484374999998 0.8197819444444445 0.009901562500000013 0.01760277777777775
0 0.24921041666666668 0.814500925925926 0.015182291666666684 0.01877592592592584
0 0.7241536458333333 0.4982393518518519 0.00792187500000002 0.017602777777777853
0 0.6934557291666666 0.4917856481481482 0.009901041666666662 0.01642870370370375
0 0.8439609375 0.3316013888888889 0.01650520833333336 0.019949074074074036
2 0.85353125 0.332775 0.03960416666666665 0.07393148148148149
3 0.6832265625 0.43663055555555563 0.03432812500000004 0.07275740740740744
3 0.7132604166666667 0.47066203703703713 0.06535416666666667 0.11500370370370372
3 0.7003880208333333 0.568063425925926 0.06865104166666676 0.1056157407407408
3 0.8891744791666667 0.6719189814814814 0.05808854166666665 0.08331944444444446
3 0.6211770833333332 0.45834027777777786 0.06733333333333331 0.1161768518518519
3 0.23765859374999998 0.7687342592592592 0.08317239583333332 0.18541481481481475
