0 0.33177083333333335 0.5208333333333334 0.02395833333333333 0.017592592592592594
0 0.3247395833333333 0.5518518518518519 0.03177083333333333 0.03333333333333333
0 0.30442708333333335 0.537962962962963 0.0140625 0.03888888888888889
0 0.34401041666666665 0.6537037037037037 0.030729166666666665 0.03518518518518519
0 0.41302083333333334 0.6175925925925926 0.005208333333333333 0.04814814814814815
0 0.35572916666666665 0.5800925925925926 0.014583333333333334 0.05092592592592593
0 0.328125 0.5893518518518519 0.020833333333333332 0.06018518518518519
0 0.30703125 0.6162037037037037 0.009895833333333333 0.062037037037037036
0 0.2760416666666667 0.7263888888888889 0.017708333333333333 0.05092592592592593
0 0.6408854166666667 0.3 0.009895833333333333 0.011111111111111112
0 0.7893229166666667 0.4689814814814815 0.0265625 0.019444444444444445
0 0.62890625 0.962962962962963 0.0265625 0.02777777777777778
0 0.4197916666666667 0.5027777777777778 0.019791666666666666 0.02592592592592593
0 0.384375 0.5083333333333333 0.017708333333333333 0.024074074074074074
0 0.5466145833333333 0.2337962962962963 0.015104166666666667 0.010185185185185186
0 0.5598958333333334 0.2388888888888889 0.007291666666666667 0.011111111111111112
0 0.54375 0.24629629629629632 0.015625 0.012962962962962964
0 0.5497395833333333 0.8898148148148148 0.013020833333333334 0.024074074074074074
0 0.51953125 0.8967592592592593 0.028645833333333332 0.025
0 0.50859375 0.9282407407407408 0.0265625 0.030555555555555558
0 0.5567708333333333 0.20787037037037037 0.010416666666666666 0.010185185185185186
4 0.33697916666666666 0.6356481481481482 0.16041666666666665 0.26203703703703707
2 0.7877604166666666 0.45972222222222225 0.044270833333333336 0.10277777777777779
3 0.4028645833333333 0.47685185185185186 0.07447916666666667 0.13703703703703704
3 0.6328125 0.28611111111111115 0.04479166666666667 0.07222222222222223
3 0.63359375 0.9162037037037037 0.0984375 0.1675925925925926
3 0.5229166666666667 0.8851851851851852 0.08958333333333333 0.15555555555555556
3 0.5505208333333333 0.22870370370370371 0.03958333333333333 0.061111111111111116
3 0.5591145833333333 0.19490740740740742 0.03697916666666667 0.08055555555555556
