0 0.32838541666666665 0.5856481481481481 0.024479166666666666 0.019444444444444445
0 0.3221354166666667 0.6148148148148148 0.033854166666666664 0.031481481481481485
0 0.3020833333333333 0.6041666666666667 0.015625 0.03981481481481482
0 0.34088541666666666 0.7185185185185186 0.03177083333333333 0.031481481481481485
0 0.3533854166666667 0.6439814814814815 0.0140625 0.04722222222222222
0 0.4109375 0.6865740740740741 0.005208333333333333 0.04166666666666667
0 0.3263020833333333 0.6546296296296297 0.024479166666666666 0.06296296296296297
0 0.27109375 0.7981481481481482 0.0140625 0.04259259259259259
0 0.30416666666666664 0.6819444444444445 0.010416666666666666 0.062037037037037036
0 0.7875 0.5319444444444444 0.026041666666666668 0.017592592592592594
0 0.38177083333333334 0.5611111111111111 0.017708333333333333 0.02777777777777778
0 0.3809895833333333 0.5310185185185186 0.0109375 0.012037037037037037
0 0.3458333333333333 0.5722222222222223 0.017708333333333333 0.020370370370370372
0 0.5658854166666667 0.3050925925925926 0.009895833333333333 0.01388888888888889
0 0.5520833333333334 0.2986111111111111 0.016666666666666666 0.012037037037037037
0 0.5481770833333334 0.3111111111111111 0.013020833333333334 0.012962962962962964
0 0.4825520833333333 0.8569444444444445 0.019270833333333334 0.05092592592592593
0 0.434375 0.9097222222222222 0.011458333333333333 0.03796296296296296
0 0.4765625 0.9199074074074074 0.019791666666666666 0.030555555555555558
4 0.33489583333333334 0.7060185185185186 0.16458333333333333 0.275
2 0.7877604166666666 0.524537037037037 0.044270833333333336 0.10462962962962963
3 0.3638020833333333 0.5398148148148149 0.07760416666666667 0.13518518518518519
3 0.98828125 0.4902777777777778 0.0234375 0.10277777777777779
3 0.5638020833333334 0.9481481481481482 0.10781249999999999 0.10370370370370371
3 0.4671875 0.888888888888889 0.08958333333333333 0.15
3 0.55625 0.2962962962962963 0.042708333333333334 0.05740740740740741
3 0.5575520833333333 0.25787037037037036 0.03802083333333333 0.075
