0 0.4283854166666667 0.5699074074074074 0.0140625 0.019444444444444445
0 0.38776041666666666 0.562962962962963 0.011979166666666666 0.020370370370370372
0 0.32526041666666666 0.813425925925926 0.0171875 0.02314814814814815
0 0.52265625 0.7388888888888889 0.0171875 0.018518518518518517
0 0.5083333333333333 0.7092592592592593 0.011458333333333333 0.020370370370370372
0 0.4747395833333333 0.7347222222222223 0.0140625 0.019444444444444445
0 0.09114583333333333 0.6180555555555556 0.01875 0.019444444444444445
0 0.042708333333333334 0.375 0.020833333333333332 0.018518518518518517
0 0.01953125 0.3625 0.013020833333333334 0.01388888888888889
0 0.011979166666666666 0.3787037037037037 0.013541666666666667 0.018518518518518517
0 0.016666666666666666 0.32546296296296295 0.0125 0.019444444444444445
0 0.6700520833333333 0.7476851851851852 0.008854166666666666 0.017592592592592594
0 0.6354166666666666 0.7287037037037037 0.011458333333333333 0.018518518518518517
0 0.37395833333333334 0.6296296296296297 0.005208333333333333 0.016666666666666666
0 0.3546875 0.650462962962963 0.014583333333333334 0.019444444444444445
2 0.09921875 0.6134259259259259 0.049479166666666664 0.10092592592592593
3 0.0203125 0.29953703703703705 0.03958333333333333 0.10462962962962963
3 0.40859375 0.5523148148148148 0.0796875 0.11203703703703705
3 0.4708333333333333 0.7138888888888889 0.051041666666666666 0.08518518518518518
3 0.3223958333333333 0.7912037037037037 0.057291666666666664 0.09351851851851853
3 0.5213541666666667 0.7185185185185186 0.058333333333333334 0.08518518518518518
3 0.035416666666666666 0.36342592592592593 0.06875 0.08425925925925926
3 0.35546875 0.6273148148148149 0.04635416666666667 0.08240740740740742
3 0.65390625 0.7361111111111112 0.06197916666666667 0.08518518518518518
