0 0.20833333333333334 0.7472222222222222 0.026041666666666668 0.011111111111111112
0 0.20364583333333333 0.7759259259259259 0.03333333333333333 0.04259259259259259
0 0.18020833333333333 0.7731481481481481 0.0125 0.04259259259259259
0 0.22890625 0.8712962962962963 0.0328125 0.044444444444444446
0 0.23541666666666666 0.7907407407407407 0.016666666666666666 0.044444444444444446
0 0.20703125 0.8143518518518519 0.0265625 0.062037037037037036
0 0.18671875 0.850925925925926 0.013020833333333334 0.06296296296296297
0 0.6395833333333333 0.47361111111111115 0.009375 0.012037037037037037
0 0.6169270833333333 0.4671296296296297 0.0067708333333333336 0.010185185185185186
0 0.6033854166666667 0.5638888888888889 0.018229166666666668 0.012962962962962964
0 0.7036458333333333 0.4935185185185185 0.007291666666666667 0.009259259259259259
0 0.6833333333333333 0.5023148148148149 0.007291666666666667 0.010185185185185186
0 0.5502604166666667 0.39166666666666666 0.0067708333333333336 0.009259259259259259
0 0.5377604166666666 0.39166666666666666 0.0078125 0.011111111111111112
0 0.71171875 0.5342592592592593 0.009895833333333333 0.012962962962962964
0 0.6947916666666667 0.5236111111111111 0.00625 0.015740740740740743
0 0.24661458333333333 0.5666666666666667 0.0078125 0.012962962962962964
0 0.23359375 0.5856481481481481 0.019270833333333334 0.015740740740740743
0 0.3872395833333333 0.41250000000000003 0.013020833333333334 0.012037037037037037
0 0.37421875 0.40555555555555556 0.005729166666666666 0.011111111111111112
0 0.3697916666666667 0.41481481481481486 0.008333333333333333 0.012962962962962964
0 0.7856770833333333 0.5189814814814815 0.009895833333333333 0.015740740740740743
0 0.7955729166666666 0.5370370370370371 0.0109375 0.014814814814814815
0 0.7794270833333333 0.5273148148148148 0.0078125 0.015740740740740743
0 0.4083333333333333 0.36574074074074076 0.008333333333333333 0.009259259259259259
0 0.7786458333333334 0.26435185185185184 0.005208333333333333 0.017592592592592594
0 0.8453125 0.30648148148148147 0.009375 0.005555555555555556
0 0.8434895833333333 0.312962962962963 0.0067708333333333336 0.009259259259259259
0 0.7270833333333333 0.2833333333333333 0.009375 0.007407407407407408
4 0.7815104166666667 0.27175925925925926 0.022395833333333334 0.03981481481481482
4 0.2171875 0.8694444444444445 0.17395833333333333 0.2611111111111111
2 0.7270833333333333 0.28101851851851856 0.0125 0.017592592592592594
2 0.6015625 0.5546296296296297 0.03229166666666666 0.07222222222222223
3 0.23385416666666667 0.5680555555555555 0.052083333333333336 0.08611111111111111
3 0.6330729166666667 0.46435185185185185 0.043229166666666666 0.0712962962962963
3 0.6942708333333333 0.4967592592592593 0.03333333333333333 0.05277777777777778
3 0.7908854166666667 0.5240740740740741 0.03802083333333333 0.05185185185185186
3 0.3841145833333333 0.4046296296296297 0.0421875 0.05185185185185186
3 0.41302083333333334 0.3523148148148148 0.030208333333333334 0.04537037037037037
3 0.5442708333333334 0.3842592592592593 0.026041666666666668 0.03518518518518519
3 0.7075520833333333 0.5199074074074074 0.0390625 0.05277777777777778
3 0.8473958333333333 0.3055555555555556 0.020833333333333332 0.02962962962962963
