0 0.13534296875 0.6402347222222222 0.014522395833333339 0.01760277777777775
0 0.7386744791666667 0.755825 0.01583854166666671 0.01877592592592584
0 0.7043489583333333 0.7440902777777778 0.010562499999999985 0.01877685185185185
0 0.7951119791666666 0.7611060185185186 0.020463541666666647 0.01760277777777775
0 0.8165651041666667 0.7798824074074074 0.013203124999999953 0.019950000000000048
0 0.7895026041666666 0.7816421296296298 0.013203124999999953 0.021123148148148137
0 0.44691015624999997 0.6877615740740741 0.014522395833333352 0.01877685185185185
0 0.10959895833333333 0.5909467592592592 0.02376354166666667 0.012908333333333362
0 0.09705729166666668 0.5827324074074074 0.007920833333333332 0.012909259259259266
0 0.16570755208333332 0.6860013888888888 0.005280729166666671 0.012908333333333362
0 0.10959921874999999 0.6461018518518519 0.007921354166666669 0.015255555555555555
0 0.09309661458333333 0.6355402777777778 0.007921354166666669 0.04811388888888886
0 0.06801302083333334 0.7100583333333335 0.006601041666666662 0.016429629629629655
0 0.11487994791666667 0.6695722222222221 0.022443229166666672 0.022296296296296335
0 0.8040234374999999 0.6983231481481482 0.01716145833333336 0.014081481481481454
0 0.810625 0.7165129629629631 0.011885416666666633 0.015255555555555555
0 0.7792708333333334 0.7147523148148148 0.008583333333333342 0.01877685185185185
0 0.4941072916666666 0.6378875 0.015182291666666655 0.015256481481481565
0 0.6766249999999999 0.2846606481481481 0.00791666666666669 0.01056203703703702
0 0.66903125 0.2987425925925926 0.01782291666666668 0.015255555555555555
0 0.6439505208333335 0.2999166666666667 0.009901041666666662 0.015255555555555555
0 0.7225 0.6038560185185186 0.012541666666666628 0.01760277777777775
4 0.11487994791666666 0.6496222222222222 0.11089635416666666 0.15842407407407405
2 0.5016984375 0.6349537037037037 0.040926041666666656 0.09622777777777772
3 0.7192005208333333 0.5686500000000001 0.0706302083333334 0.11148333333333327
3 0.14293411458333333 0.6062027777777779 0.06138906250000001 0.10678888888888889
3 0.7244817708333334 0.7329421296296297 0.07591145833333333 0.12087129629629624
3 0.7957734375 0.6971495370370371 0.060067708333333296 0.07979907407407406
3 0.44657994791666666 0.6695722222222222 0.04422656249999998 0.08097222222222226
3 0.6630911458333333 0.2917018518518519 0.05610937500000001 0.06923703703703706
3 0.8023723958333332 0.7658 0.06139062500000006 0.08566666666666665
